1    19970119	1.9961719E7
1    19970121	3.99244171E7
1    19970122	1.9962692166666668E7
1    19970125	1.9963012633333333E7
1    19970131	1.9963333166666668E7
1    19970205	1.9963656033333335E7
1    19970206	1.9963978833333332E7
1    19970214	1.99643019E7
1    19970303	1.9964627833333332E7
1    19970317	1.9964954133333333E7
1    19970318	1.99652804E7
1    19970324	1.99656042E7
1    19970408	1.9965930566666666E7
1    19970409	1.9966256966666665E7
1    19970417	1.9966583566666666E7
1    19970426	1.9966910433333334E7
1    19970506	1.9967226533333335E7
1    19970519	1.99675403E7
1    19970603	1.9967856533333335E7
1    19970621	1.9968173233333334E7
1    19970623	3.99372936E7
1    19970708	1.9969120133333333E7
1    19970716	1.9969436733333334E7
1    19970927	1.99697602E7
1    19970929	1.9970083566666666E7
1    19971108	1.9970412866666667E7
1    19971114	1.99704464E7
1    19971203	1.9970482866666667E7
1    19980201	1.9970818933333334E7
1    19980616	1.9971168766666666E7
1    19980814	1.99715252E7
1    19981004	1.9971887933333334E7
1    19981207	1.9972257333333332E7
1    19990726	1.9972943833333332E7
1    19990928	1.99736346E7
1    19990929	1.9974325366666667E7
1    19991001	1.9975018266666666E7
1    19991003	3.995210606666667E7
1    19991007	1.9977087433333334E7
1    19991008	1.99777769E7
1    19991009	1.99784636E7
1    19991023	1.9979150733333334E7
1    19991024	1.9979837633333333E7
1    19991111	1.9980527133333333E7
1    19991204	1.9981217066666666E7
1    19991210	1.9981906766666666E7
1    19991211	1.99825937E7
1    19991216	1.99832802E7
1    20000107	1.9984263E7
1    20000117	1.9985246133333333E7
1    20000317	1.99862331E7
1    20000318	1.9987219833333332E7
1    20000406	1.9988202466666665E7
1    20000418	1.9989185433333334E7
1    20000425	1.9990162666666668E7
1    20000504	1.9991142333333332E7
1    20000602	3.998492463333333E7
1    20000703	1.99934719E7
1    20000731	3.9988929166666664E7
1    20001002	1.99954532E7
1    20001010	1.9995796E7
1    20001104	1.99961352E7
1    20001117	1.99964748E7
1    20001118	1.9996812033333335E7
1    20001120	3.9994635766666666E7
1    20001221	1.9997826966666665E7
1    20010130	1.9998464366666667E7
1    20010204	1.99991042E7
1    20010620	1.9999757433333334E7
1    20010722	2.0000414033333335E7
1    20010813	2.0001070766666666E7
1    20010815	2.0001724466666665E7
1    20011019	2.0002384766666666E7
1    20011116	2.0003048266666666E7
1    20020201	2.0004014433333334E7
1    20020418	2.0004691466666665E7
1    20020624	2.0005375033333335E7
1    20030303	2.0006374566666666E7
1    20030307	2.00073742E7
1    20030319	2.00083713E7
1    20030406	2.00093709E7
1    20030409	2.0010370366666667E7
1    20030513	2.0011370666666668E7
1    20030517	2.0012367833333332E7
1    20030706	2.00133713E7
1    20030926	2.0014378733333334E7
1    20030929	2.0015385333333332E7
1    20031230	2.0016401966666665E7
1    20040312	2.00177123E7
1    20040726	2.0019036166666668E7
1    20041027	2.0020366933333334E7
1    20041128	2.0021700633333333E7
1    20041202	2.0023036766666666E7
1    20050110	2.0024669766666666E7
1    20050128	2.0026303366666667E7
1    20050305	2.00279395E7
1    20050309	4.005989443333333E7
1    20050321	2.0031939E7
1    20050322	4.006783496666667E7
1    20050331	2.0035893166666668E7
1    20050401	2.00372059E7
1    20050403	2.0038515466666665E7
1    20050412	2.00395225E7
1    20050423	2.0040522666666668E7
1    20050501	2.0041518566666666E7
1    20051023	2.0042209233333334E7
1    20051116	2.0042902866666667E7
1    20051204	2.0043599033333335E7
1    20060203	2.0044592266666666E7
1    20060215	2.00455858E7
1    20060310	2.0046579033333335E7
1    20060414	2.00475756E7
1    20060418	2.0048566E7
1    20060517	2.0049552366666667E7
1    20060518	2.0050538666666668E7
1    20060527	2.0051515233333334E7
1    20060814	2.0052198633333333E7
1    20061108	2.0052878033333335E7
1    20061207	2.00535507E7
1    20061208	2.0054220033333335E7
1    20061229	4.0110145833333336E7
1    20070228	2.0055928233333334E7
1    20070303	2.0056594833333332E7
1    20070518	2.0057268466666665E7
1    20070627	2.0057945733333334E7
1    20071110	2.00586387E7
1    20080623	2.0059648733333334E7
1    20080711	4.012233606666667E7
1    20080810	2.0062688E7
1    20081028	2.0063708833333332E7
1    20081128	2.00647327E7
1    20081130	2.0065756266666666E7
1    20081210	2.00667799E7
1    20090124	2.0068083266666666E7
1    20090208	2.0069386333333332E7
1    20090209	2.00706865E7
1    20090402	2.0071693133333333E7
1    20090413	2.0072699733333334E7
1    20090422	2.0073703466666665E7
1    20091020	2.0074723666666668E7
1    20091107	2.0075746633333333E7
1    20100327	2.0077073633333333E7
1    20100413	2.0078403466666665E7
1    20100430	2.0079733566666666E7
1    20100610	2.00810601E7
1    20100829	2.0082384133333333E7
1    20101205	2.00837174E7
1    20101207	2.00850507E7
1    20110127	2.0086680633333333E7
1    20110422	2.00883204E7
1    20110429	2.0089660433333334E7
1    20110509	2.0091000633333333E7
1    20110807	2.00923436E7
1    20110901	2.0093686066666666E7
1    20111016	2.0095016266666666E7
1    20120310	2.0096339166666668E7
1    20120502	2.0097665533333335E7
1    20120626	2.0098996033333335E7
1    20121014	2.0100336166666668E7
1    20130205	2.01019754E7
1    20130218	2.0103611733333334E7
1    20130304	2.0105250866666667E7
1    20130404	2.0106890666666668E7
1    20130424	2.0108234E7
1    20130620	2.0109581066666666E7
1    20130902	2.01109375E7
1    20140126	2.0112594966666665E7
1    20140721	2.01142719E7
1    20141206	2.01159647E7
1    20150203	2.0117937466666665E7
1    20150226	2.01199081E7
1    20150304	2.0121574E7
1    20150409	2.0123240533333335E7
1    20150424	2.0124907E7
1    20150522	2.0126570733333334E7
1    20150523	2.01282272E7
1    20150609	2.0129874E7
1    20150611	2.01315208E7
1    20150711	4.0267090166666664E7
1    20150714	2.01355594E7
1    20150715	2.01368996E7
1    20150719	2.013823E7
1    20150720	2.01395573E7
1    20150726	2.0140880966666665E7
1    20150731	2.0141895E7
1    20150823	2.01429057E7
1    20150902	2.01439149E7
1    20150913	2.0144911533333335E7
1    20150927	2.0145602266666666E7
1    20151002	2.0146295066666666E7
1    20151013	2.0146985366666667E7
1    20151107	2.0147675466666665E7
1    20151108	2.0148364933333334E7
1    20151119	2.0149048233333334E7
1    20151129	2.0149722466666665E7
1    20151230	2.01500926E7
1    20160115	2.0150739066666666E7
1    20160123	2.0151369633333333E7
1    20160410	2.0151709866666667E7
1    20160427	2.01520499E7
1    20160507	2.015239E7
1    20160524	2.0152727166666668E7
1    20160626	4.0306471266666666E7
1    20160721	2.0153743966666665E7
1    20160816	2.01540842E7
1    20161006	2.01544307E7
