10    19960815	1.9960631266666666E7
10    19960816	1.9960644666666668E7
10    19960826	1.9960658233333334E7
10    19960830	1.9960671666666668E7
10    19960901	1.9960684533333335E7
10    19960909	3.992140806666667E7
10    19960910	1.9960723466666665E7
10    19960921	3.9921486666666664E7
10    19960925	1.9960763166666668E7
10    19961007	1.99607764E7
10    19961009	5.98824081E7
10    19961010	1.9960828733333334E7
10    19961015	1.9960841833333332E7
10    19961016	1.9960854766666666E7
10    19961020	1.99608678E7
10    19961106	1.9960881133333333E7
10    19961107	1.99608942E7
10    19961108	1.9960907266666666E7
10    19961120	1.99609207E7
10    19961122	1.9960933966666665E7
10    19961125	1.9960947266666666E7
10    19961229	1.9960963933333334E7
10    19970121	1.99612746E7
10    19970205	1.9961588033333335E7
10    19970303	1.9961904566666666E7
10    19970623	1.9962231566666666E7
10    19980616	1.99628916E7
10    19981002	1.9963564466666665E7
10    19991007	1.99645705E7
10    19991115	1.996558E7
10    19991123	1.99665874E7
10    19991228	1.9967598033333335E7
10    19991229	1.99686087E7
10    20000205	1.9969918533333335E7
10    20000316	1.99712317E7
10    20000602	1.99725544E7
10    20000731	1.9973881266666666E7
10    20001121	1.99752184E7
10    20001229	1.9976559066666666E7
10    20010717	1.9978216E7
10    20020418	1.99801963E7
10    20020624	1.9982183433333334E7
10    20030527	1.99845005E7
10    20040726	1.99871575E7
10    20040820	1.99898175E7
10    20040903	1.99924774E7
10    20041010	1.9995140833333332E7
10    20041014	1.9997804366666667E7
10    20041110	2.00004707E7
10    20041122	2.0003137366666667E7
10    20050110	2.0006103533333335E7
10    20050304	2.00090727E7
10    20050321	2.0011746033333335E7
10    20050322	4.00315005E7
10    20050331	2.0019740833333332E7
10    20050423	2.0022067733333334E7
10    20051023	2.0024401766666666E7
10    20051116	2.00264054E7
10    20060215	2.0028708733333334E7
10    20060223	2.0031012066666666E7
10    20060311	2.0033314833333332E7
10    20060411	2.00356209E7
10    20060418	2.0037628E7
10    20070112	2.0039954533333335E7
10    20070228	2.00422754E7
10    20070302	2.0044594433333334E7
10    20070619	2.0046911033333335E7
10    20070703	2.0049226833333332E7
10    20070707	2.00512265E7
10    20080628	2.00532335E7
10    20080711	2.00552364E7
10    20080810	2.00569125E7
10    20090124	2.00585591E7
10    20091015	2.0060232266666666E7
10    20091107	2.0061905733333334E7
10    20100516	2.0063889266666666E7
10    20101205	2.0065895633333333E7
10    20110127	2.00681962E7
10    20110429	2.0070506433333334E7
10    20110901	2.00725328E7
10    20120502	2.0074872733333334E7
10    20130218	2.0077535966666665E7
10    20130404	2.0080205366666667E7
10    20150913	2.00835584E7
10    20151020	2.00869147E7
10    20160115	2.00905711E7
10    20160626	2.0094224533333335E7
10    20160816	2.00978812E7
