1022    20030513	1.9995601266666666E7
1022    20030730	1.99979314E7
1022    20030926	2.0000265E7
1022    20040214	2.0002908133333333E7
1022    20041017	2.0005271333333332E7
1022    20050327	2.0007944866666667E7
1022    20050723	2.00106288E7
1022    20060203	2.0013611966666665E7
1022    20060518	2.00165921E7
1022    20061112	2.00192753E7
1022    20061226	2.0021618566666666E7
1022    20070228	2.00242558E7
1022    20080719	2.00272394E7
1022    20080810	2.0030225866666667E7
1022    20081129	2.0032926E7
1022    20081130	2.0035623433333334E7
1022    20090413	2.00386265E7
1022    20110127	2.0042283866666667E7
1022    20110306	2.0045943933333334E7
1022    20110422	2.0049604233333334E7
1022    20110901	2.00532742E7
1022    20120630	2.0057257866666667E7
1022    20121223	2.0060961233333334E7
1022    20130620	2.0064961133333333E7
1022    20160507	2.0069944066666666E7
1022    20160721	2.0074628066666666E7
