1027    20060820	2.0009366533333335E7
1027    20070919	2.0013033733333334E7
1027    20080810	2.0017030066666666E7
1027    20081130	2.00210272E7
1027    20110127	2.0025694066666666E7
1027    20120214	2.0030696833333332E7
1027    20120310	2.0035683566666666E7
1027    20120521	2.00406638E7
1027    20120611	2.0045336933333334E7
1027    20121113	2.0050000466666665E7
1027    20140205	2.0054973566666666E7
1027    20140303	2.0059943166666668E7
1027    20150306	2.0065245733333334E7
1027    20160507	2.0070588433333334E7
1027    20161006	2.0075928533333335E7
