1028    20000504	1.9979408E7
1028    20000510	1.99807308E7
1028    20000602	1.99820565E7
1028    20000802	1.9983386433333334E7
1028    20000903	1.99847192E7
1028    20000904	1.9986051966666665E7
1028    20001120	3.99761116E7
1028    20001121	1.9989755733333334E7
1028    20001127	1.9990789266666666E7
1028    20010102	1.9992119166666668E7
1028    20010621	1.99934596E7
1028    20011019	1.99948033E7
1028    20011216	1.9996140033333335E7
1028    20020201	1.9997466166666668E7
1028    20020418	1.99987929E7
1028    20030406	2.0000445966666665E7
1028    20030729	2.0002103466666665E7
1028    20040423	2.0004084E7
1028    20040903	2.0006073633333333E7
1028    20050410	2.0008056333333332E7
1028    20050723	2.0010046733333334E7
1028    20060203	2.0012353E7
1028    20060216	2.00146565E7
1028    20060418	2.0016963266666666E7
1028    20061226	2.0019296933333334E7
1028    20070228	2.00216338E7
1028    20080205	2.00243004E7
1028    20080714	2.00269804E7
1028    20080810	2.0029663466666665E7
1028    20090126	2.0032650866666667E7
1028    20090413	2.0035647633333333E7
1028    20090414	2.0038641366666667E7
1028    20090422	2.00416287E7
1028    20090503	2.0044615366666667E7
1028    20110127	2.0048256133333333E7
1028    20110308	2.0051895733333334E7
1028    20120611	2.0055878766666666E7
1028    20120622	2.0059862133333333E7
1028    20120628	2.00638455E7
1028    20120804	2.0067535566666666E7
1028    20130424	2.0071529E7
1028    20130620	2.00755157E7
1028    20141116	2.00798457E7
1028    20141219	2.0083879633333333E7
1028    20150720	2.0088223033333335E7
1028    20160313	2.0092553266666666E7
1028    20160507	2.00968792E7
1028    20160719	2.0100889066666666E7
