1032    20020425	1.9992981533333335E7
1032    20030307	1.99952974E7
1032    20030406	1.9997613933333334E7
1032    20040830	2.00002776E7
1032    20040921	2.00026376E7
1032    20050322	2.0005310966666665E7
1032    20050327	2.0007964933333334E7
1032    20050518	2.0010611733333334E7
1032    20051116	2.0013275033333335E7
1032    20060215	2.0015934966666665E7
1032    20060518	2.0018598566666666E7
1032    20061204	2.00209411E7
1032    20080810	2.0023931066666666E7
1032    20090131	2.0027228233333334E7
1032    20090414	2.0030237966666665E7
1032    20091015	2.0033267633333333E7
1032    20120214	2.0037267866666667E7
1032    20120622	2.0041275066666666E7
1032    20150716	2.00462785E7
1032    20160507	2.0051602E7
