1035    20001121	1.9983714633333333E7
1035    20001124	1.99850551E7
1035    20001127	1.99863954E7
1035    20001130	1.9987735733333334E7
1035    20010105	1.99893687E7
1035    20010408	1.99910115E7
1035    20010709	1.9992364433333334E7
1035    20011216	1.9993734266666666E7
1035    20020117	1.9995400466666665E7
1035    20020201	1.9997067E7
1035    20020413	1.9998737333333332E7
1035    20020418	2.0000394333333332E7
1035    20020425	2.0002038033333335E7
1035    20021013	2.0003398433333334E7
1035    20030307	2.0005061433333334E7
1035    20030406	2.0006708066666666E7
1035    20030827	2.0008038E7
1035    20031002	2.00093709E7
1035    20040726	2.0011024733333334E7
1035    20040903	2.0012680966666665E7
1035    20041110	2.0014047233333334E7
1035    20041119	2.00154076E7
1035    20050317	2.0017068033333335E7
1035    20050402	2.00187311E7
1035    20050410	2.0020391366666667E7
1035    20050723	2.0022057766666666E7
1035    20060203	2.00240378E7
1035    20060215	2.0026014566666666E7
1035    20060525	2.0027994733333334E7
1035    20060527	2.0029974966666665E7
1035    20060813	2.00319647E7
1035    20061112	2.00339643E7
1035    20061223	2.00359675E7
1035    20070228	2.0038270766666666E7
1035    20080714	2.00406244E7
1035    20080810	2.0042971133333333E7
1035    20080823	2.0045308266666666E7
1035    20081129	2.00476387E7
1035    20081212	2.00496752E7
1035    20090422	2.00520159E7
1035    20100327	2.00546797E7
1035    20100624	2.0057353233333334E7
1035    20110127	2.00603433E7
1035    20110307	2.0063319766666666E7
1035    20120622	2.0066330266666666E7
1035    20120628	2.0069337666666668E7
1035    20130127	2.0072647666666668E7
1035    20130424	2.0075961733333334E7
1035    20130620	2.00789582E7
1035    20160507	2.0082945E7
1035    20160510	2.0086925E7
