1036    19991213	3.9946725E7
1036    19991216	1.99748779E7
1036    19991229	1.9975888566666666E7
1036    20000103	1.9977195E7
1036    20000206	1.9978504533333335E7
1036    20000219	1.99798145E7
1036    20000314	1.99811276E7
1036    20000406	1.99824409E7
1036    20000425	1.9983751633333333E7
1036    20000602	1.9985067833333332E7
1036    20000826	1.9986391233333334E7
1036    20001108	1.9987720966666665E7
1036    20001118	1.99890506E7
1036    20001120	3.99812011E7
1036    20001128	1.9992147966666665E7
1036    20001209	1.9993178166666668E7
1036    20010204	1.9994497533333335E7
1036    20010717	1.9995514733333334E7
1036    20010807	1.99965177E7
1036    20010813	1.9997517666666668E7
1036    20010815	1.9998511266666666E7
1036    20011110	1.9999507966666665E7
1036    20020201	2.0000490466666665E7
1036    20020413	2.00014706E7
1036    20020418	2.0002450833333332E7
1036    20020624	2.0003437866666667E7
1036    20030409	2.0004747633333333E7
1036    20030827	2.00060711E7
1036    20030929	2.0007394966666665E7
1036    20031230	2.0008728866666667E7
1036    20040526	2.0010372533333335E7
1036    20040726	2.0012022433333334E7
1036    20040823	2.0013379766666666E7
1036    20041013	2.001474E7
1036    20041021	2.0016100066666666E7
1036    20041031	2.00174573E7
1036    20050125	2.00191146E7
1036    20050207	2.0020774E7
1036    20050211	2.0022427633333333E7
1036    20050304	2.00240769E7
1036    20050321	2.0025717333333332E7
1036    20050322	6.00869926E7
1036    20050403	2.00322801E7
1036    20050405	2.0033919966666665E7
1036    20050412	2.0035260233333334E7
1036    20050419	2.0036583633333333E7
1036    20050501	2.0037906766666666E7
1036    20050923	2.0039243766666666E7
1036    20051006	2.0040583466666665E7
1036    20051023	2.00419139E7
1036    20060202	2.0043247266666666E7
1036    20060203	2.00445736E7
1036    20060418	2.0045906933333334E7
1036    20060517	2.00472367E7
1036    20060526	2.00482406E7
1036    20060904	2.0049243166666668E7
1036    20060924	2.0050243E7
1036    20061111	2.0051239033333335E7
1036    20061207	2.00519284E7
1036    20061211	2.0052611233333334E7
1036    20061229	4.0107256733333334E7
1036    20080126	2.00552688E7
1036    20080205	2.00565746E7
1036    20080628	2.0057591366666667E7
1036    20080810	2.0058611466666665E7
1036    20081129	2.0059642066666666E7
1036    20090124	2.00609694E7
1036    20090422	2.00623061E7
1036    20091014	2.00636625E7
1036    20100327	2.0065329333333332E7
1036    20100421	2.00669993E7
1036    20100430	2.0068666866666667E7
1036    20100807	2.0070346933333334E7
1036    20101215	2.0072040366666667E7
1036    20101220	2.0073733733333334E7
1036    20110127	2.0075721266666666E7
1036    20110307	2.0077700733333334E7
1036    20110429	2.00796815E7
1036    20110901	2.0081677433333334E7
1036    20120502	2.0083687433333334E7
1036    20120622	2.00857014E7
1036    20120731	2.0087711833333332E7
1036    20121104	2.00897314E7
1036    20130218	2.0092054466666665E7
1036    20130404	2.0094371133333333E7
1036    20140202	2.0097013733333334E7
1036    20140527	2.0099660933333334E7
1036    20140910	2.01023177E7
1036    20141206	2.01049842E7
1036    20150203	2.010795E7
1036    20150304	2.0110919166666668E7
1036    20150306	2.01132585E7
1036    20150330	2.0115596E7
1036    20150424	2.0117922533333335E7
1036    20150719	2.0120252833333332E7
1036    20150720	2.0122572533333335E7
1036    20150921	2.01245991E7
1036    20151104	4.0255246666666664E7
1036    20151112	4.026232503333333E7
1036    20151121	2.0133697066666666E7
1036    20151129	2.0135374466666665E7
1036    20151205	2.01370408E7
1036    20160115	2.0139003966666665E7
1036    20160410	2.0140680066666666E7
1036    20160416	2.0142350366666667E7
1036    20160427	2.0144016966666665E7
1036    20160507	2.01456705E7
1036    20160519	2.01470044E7
1036    20160608	2.0148337266666666E7
1036    20160626	2.01496671E7
1036    20160717	2.0150987533333335E7
1036    20160816	2.0152007466666665E7
1036    20160907	2.0153024233333334E7
1036    20161006	2.01537177E7
1036    20161014	2.01544006E7
