104    20001119	1.9976356566666666E7
104    20001120	1.99777098E7
104    20001121	1.99790562E7
104    20001208	1.9980402133333333E7
104    20001209	1.9981742133333333E7
104    20010107	1.99833787E7
104    20010122	1.9985008666666668E7
104    20010606	1.9986654566666666E7
104    20010623	1.99880046E7
104    20010709	1.99893572E7
104    20010717	1.99907073E7
104    20011015	1.99920639E7
104    20011216	1.9993427166666668E7
104    20030902	1.9995446433333334E7
104    20040808	1.9997795733333334E7
104    20040820	2.0000142633333333E7
104    20041115	2.0002499233333334E7
104    20050207	2.0005152033333335E7
104    20050211	2.0007804966666665E7
104    20050310	2.0010458366666667E7
104    20050322	4.0028540733333334E7
104    20050401	2.0017417966666665E7
104    20050402	2.00193942E7
104    20050412	2.00213674E7
104    20050423	2.0023340533333335E7
104    20050505	2.0025013466666665E7
104    20060116	2.0027000533333335E7
104    20060128	2.0028980433333334E7
104    20060223	2.0030950633333333E7
104    20060418	2.0032927266666666E7
104    20060527	2.00349075E7
104    20061112	2.00369072E7
104    20061211	2.00389073E7
104    20061229	2.0040907966666665E7
104    20070228	2.0042912E7
104    20070531	2.0044925633333333E7
104    20080711	2.0047262466666665E7
104    20080714	2.0049598833333332E7
104    20080810	2.0051935533333335E7
104    20080912	2.0054275366666667E7
104    20081129	2.00566125E7
104    20090124	2.0059242766666666E7
104    20090414	2.00612265E7
104    20090501	2.0062882933333334E7
104    20091017	2.0064556166666668E7
104    20100327	2.00665299E7
104    20100610	2.006821E7
104    20101207	2.0069909866666667E7
104    20110127	2.0071903766666666E7
104    20110901	2.0073923066666666E7
104    20111015	2.0075946166666668E7
104    20130424	2.00786136E7
104    20130621	2.0081287566666666E7
104    20140721	2.0084297866666667E7
104    20140908	2.0087314033333335E7
104    20141206	2.00903374E7
104    20150306	2.0093343733333334E7
104    20150714	2.0096363266666666E7
104    20151129	2.0099393466666665E7
104    20160507	2.0102729766666666E7
104    20160626	2.01060664E7
104    20160730	2.0109387E7
104    20160816	2.0112707166666668E7
104    20161006	2.0116033066666666E7
