1042    20031114	1.99930931E7
1042    20040531	1.99957435E7
1042    20040808	1.9998096933333334E7
1042    20050505	2.0000766666666668E7
1042    20060203	2.00037595E7
1042    20060205	2.0006745566666666E7
1042    20060215	2.00097158E7
1042    20060418	2.00126926E7
1042    20060525	2.001567E7
1042    20070228	2.0018674233333334E7
1042    20080415	2.00220147E7
1042    20080810	2.00253545E7
1042    20081028	2.0028681866666667E7
1042    20091116	2.0032018666666668E7
1042    20100624	4.007497856666667E7
1042    20110127	2.00432765E7
1042    20120118	2.0047276533333335E7
1042    20130620	2.0051616366666667E7
1042    20160416	2.0056946766666666E7
