105    20000602	1.99731292E7
105    20001010	1.99744789E7
105    20001104	1.9975831533333335E7
105    20001118	1.9977181933333334E7
105    20001120	1.9978532166666668E7
105    20001209	1.9979882266666666E7
105    20010122	1.99815263E7
105    20010715	1.99831895E7
105    20030819	1.9985520066666666E7
105    20040623	1.99881772E7
105    20040808	1.9990840133333333E7
105    20041010	1.9993506833333332E7
105    20050305	1.9996483366666667E7
105    20050426	1.9999463933333334E7
105    20060418	2.0002777233333334E7
105    20090313	2.0007087E7
105    20120520	2.00124008E7
105    20120522	2.0017714333333332E7
105    20121223	2.0022748266666666E7
