1059    20030416	1.9994299466666665E7
1059    20040209	1.99969359E7
1059    20040808	1.9999292133333333E7
1059    20041121	2.0001658766666666E7
1059    20050322	2.00043321E7
1059    20050323	2.0006995766666666E7
1059    20050723	2.0009672633333333E7
1059    20060203	2.0012662533333335E7
1059    20060216	2.0015649633333333E7
1059    20060220	2.00183033E7
1059    20060305	2.00209399E7
1059    20060526	2.0023266566666666E7
1059    20060726	2.0025593166666668E7
1059    20061219	2.0027936166666668E7
1059    20061226	2.0030276933333334E7
1059    20070301	2.0032920066666666E7
1059    20080719	2.0035906866666667E7
1059    20080816	2.0038587166666668E7
1059    20090315	2.0041580866666667E7
1059    20090413	2.0044574566666666E7
1059    20091015	2.0047584033333335E7
1059    20100516	2.0050901166666668E7
1059    20110127	2.0054535133333333E7
1059    20110306	2.00578651E7
1059    20120118	2.0061511866666667E7
1059    20120611	2.0065175E7
1059    20120731	2.0068528833333332E7
1059    20140202	2.00725122E7
1059    20160115	2.0076842466666665E7
