1073    19970329	1.9966575333333332E7
1073    19970408	1.9966888533333335E7
1073    19970409	1.9967201533333335E7
1073    19970413	1.9967514533333335E7
1073    19970417	1.9967824566666666E7
1073    19970426	1.9968134766666666E7
1073    19970519	1.9968447933333334E7
1073    19970603	1.9968761133333333E7
1073    19970621	1.99690746E7
1073    19970623	1.9969387933333334E7
1073    19970708	1.9969703933333334E7
1073    19970716	1.9970020166666668E7
1073    19970929	1.99703435E7
1073    19971014	1.99703737E7
1073    19971108	1.9970407E7
1073    19971114	1.99704401E7
1073    19971203	1.9970476166666668E7
1073    19980417	1.9970819333333332E7
1073    19981007	1.9971182066666666E7
1073    19991004	1.9971877966666665E7
1073    19991006	1.99725739E7
1073    19991014	1.997327E7
1073    19991022	1.99739639E7
1073    19991213	1.9974664133333333E7
1073    19991215	1.9975364166666668E7
1073    19991216	1.9976064E7
1073    19991217	1.9976761166666668E7
1073    19991228	1.9977458666666668E7
1073    20000207	1.9978455E7
1073    20000406	1.9979457733333334E7
1073    20000504	1.9980463566666666E7
1073    20000509	1.9981466933333334E7
1073    20000602	3.996595303333333E7
1073    20000610	1.99844861E7
1073    20000731	1.9985496266666666E7
1073    20000802	1.99865057E7
1073    20000811	1.9987512633333333E7
1073    20001120	3.99780751E7
1073    20001128	1.9990559833333332E7
1073    20001228	1.99915769E7
1073    20010101	1.9992882633333333E7
1073    20010317	1.9994192733333334E7
1073    20010606	1.9995509333333332E7
1073    20010618	1.9996826133333333E7
1073    20010709	1.9998143E7
1073    20010717	1.9999153E7
1073    20010815	2.00001466E7
1073    20011015	2.0000813633333333E7
1073    20011019	2.0001480733333334E7
1073    20020117	2.0002450833333332E7
1073    20020201	2.0003423466666665E7
1073    20020418	2.0004396966666665E7
1073    20030207	2.00056967E7
1073    20030307	2.0006999733333334E7
1073    20030409	2.0008306133333333E7
1073    20030827	2.00096261E7
1073    20030926	2.0010650066666666E7
1073    20031230	2.0011677533333335E7
1073    20040728	2.0013018333333332E7
1073    20040830	2.0014362366666667E7
1073    20041010	2.00157093E7
1073    20041012	2.00170563E7
1073    20050127	2.0018706866666667E7
1073    20050129	2.0020353466666665E7
1073    20050320	2.0022004066666666E7
1073    20050321	2.00236544E7
1073    20050322	4.0052229E7
1073    20050331	2.0028574633333333E7
1073    20050401	2.0030213733333334E7
1073    20050405	2.00315572E7
1073    20050518	2.0032897233333334E7
1073    20050723	2.0034234466666665E7
1073    20051023	2.00355813E7
1073    20051101	2.00369277E7
1073    20060215	2.0038577633333333E7
1073    20060418	2.0040231066666666E7
1073    20060518	2.0041881166666668E7
1073    20060525	2.0043531366666667E7
1073    20060813	2.00448879E7
1073    20060828	2.0046242133333333E7
1073    20061109	2.00475985E7
1073    20061229	2.0048632566666666E7
1073    20070228	2.0049963266666666E7
1073    20070302	2.0051293033333335E7
1073    20070620	2.0052619466666665E7
1073    20071110	2.0053958933333334E7
1073    20080618	2.00556052E7
1073    20080714	2.0056938066666666E7
1073    20080810	2.0058270733333334E7
1073    20081129	2.0059608033333335E7
1073    20081130	2.00609453E7
1073    20081210	2.00619814E7
1073    20090414	2.0063324233333334E7
1073    20090422	2.0064660966666665E7
1073    20091107	2.00660205E7
1073    20100327	2.0067687333333332E7
1073    20100420	2.0069357266666666E7
1073    20100807	2.00710398E7
1073    20110127	2.0073030666666668E7
1073    20110307	2.00750274E7
1073    20110429	2.0077024433333334E7
1073    20110509	2.00790173E7
1073    20110901	2.0081013233333334E7
1073    20121127	2.0083347433333334E7
1073    20130218	2.0085680866666667E7
1073    20130424	2.00880144E7
1073    20130620	2.0090351133333333E7
1073    20141206	2.00930405E7
1073    20150226	2.0096020933333334E7
1073    20150610	2.0099013666666668E7
1073    20150720	2.01020007E7
1073    20150926	2.01049906E7
1073    20160416	2.0107996866666667E7
1073    20160507	2.01110037E7
1073    20160626	2.01140039E7
1073    20160816	2.01169941E7
