1079    19991213	1.9974153166666668E7
1079    19991215	1.9975523366666667E7
1079    20000107	1.9976829666666668E7
1079    20000205	1.9978139166666668E7
1079    20000308	1.9979452066666666E7
1079    20000406	1.99807655E7
1079    20000424	1.99820794E7
1079    20000504	1.9983392333333332E7
1079    20000510	1.99847052E7
1079    20000603	1.99860181E7
1079    20000731	1.9987334833333332E7
1079    20001002	1.99883642E7
1079    20001114	1.99893973E7
1079    20001120	3.99818913E7
1079    20001127	1.9992488366666667E7
1079    20001209	1.9993515066666666E7
1079    20010101	1.9994814633333333E7
1079    20010122	1.99961118E7
1079    20010813	1.9997125E7
1079    20010815	1.9998131633333333E7
1079    20011019	1.9999132033333335E7
1079    20011216	1.99998058E7
1079    20020201	2.0000779066666666E7
1079    20020418	2.0001759566666666E7
1079    20020528	2.00027437E7
1079    20021228	2.00037509E7
1079    20030409	2.0005064033333335E7
1079    20030717	2.0006387166666668E7
1079    20030902	2.0007713566666666E7
1079    20031230	2.0009047466666665E7
1079    20040526	2.0010691166666668E7
1079    20041014	2.0012054733333334E7
1079    20041027	2.0013415466666665E7
1079    20050110	2.0015075533333335E7
1079    20050320	2.0016739333333332E7
1079    20050322	2.00184026E7
1079    20050323	2.0020063233333334E7
1079    20050410	2.0021726566666666E7
1079    20050426	2.0023387333333332E7
1079    20050923	2.00250604E7
1079    20051023	2.0026727766666666E7
1079    20060203	2.00286974E7
1079    20060411	2.0030673766666666E7
1079    20060418	2.0032650366666667E7
1079    20060518	2.0034630066666666E7
1079    20060814	2.00366169E7
1079    20061029	2.00383145E7
1079    20061111	2.0040014133333333E7
1079    20070228	2.0041994633333333E7
1079    20090414	2.0044647933333334E7
1079    20110127	2.0047951533333335E7
1079    20110307	2.0051254566666666E7
1079    20110509	2.0054264833333332E7
1079    20110901	2.0057280933333334E7
1079    20121123	2.00606341E7
1079    20130218	2.00642671E7
1079    20140303	2.0067930233333334E7
1079    20140823	2.0071600433333334E7
1079    20141206	2.0075277233333334E7
