1080    20001208	1.9985100933333334E7
1080    20011019	1.9986761033333335E7
1080    20020201	1.9988726766666666E7
1080    20020418	1.9990403733333334E7
1080    20030307	1.9992409933333334E7
1080    20030913	1.9994436333333332E7
1080    20030919	1.9996460133333333E7
1080    20031230	1.9998491033333335E7
1080    20040128	2.0000815033333335E7
1080    20040526	2.0003152E7
1080    20040823	2.0005475633333333E7
1080    20040903	2.0007492333333332E7
1080    20041010	2.00095121E7
1080    20050129	2.0011816266666666E7
1080    20050317	2.00141266E7
1080    20050323	2.0016430233333334E7
1080    20050412	2.0018419766666666E7
1080    20050727	2.0020410533333335E7
1080    20050904	2.0022407133333333E7
1080    20051023	2.0024404066666666E7
1080    20051110	2.0026400066666666E7
1080    20060203	2.00283933E7
1080    20060207	2.0030386066666666E7
1080    20060217	2.0032373233333334E7
1080    20060322	2.00343596E7
1080    20060418	2.0036346733333334E7
1080    20060814	2.0038336633333333E7
1080    20061108	2.0040336233333334E7
1080    20061221	2.0042339566666666E7
1080    20070703	2.0044658766666666E7
1080    20080618	2.0047305766666666E7
1080    20080701	2.00496285E7
1080    20080810	2.00516488E7
1080    20080812	2.0053661933333334E7
1080    20081129	2.0055356E7
1080    20090413	2.0057339333333332E7
1080    20090414	2.00593225E7
1080    20091015	2.0061315333333332E7
1080    20100807	2.0063337966666665E7
1080    20110127	2.0065658E7
1080    20110429	2.00679782E7
1080    20110901	2.0070311466666665E7
1080    20111229	2.00726521E7
1080    20120611	2.00750015E7
1080    20120719	2.0077348233333334E7
1080    20120731	2.0079695166666668E7
1080    20121123	2.00820522E7
1080    20130218	2.00847019E7
1080    20130902	2.00873685E7
1080    20140115	2.0090338233333334E7
1080    20140527	2.00933188E7
1080    20141116	2.00960159E7
1080    20150105	2.00990125E7
1080    20150304	2.01020154E7
1080    20150610	2.0105025E7
1080    20150701	2.0108034433333334E7
1080    20150720	2.01110313E7
1080    20150727	2.01140186E7
1080    20151121	2.0117015266666666E7
1080    20160524	2.01200093E7
1080    20160717	2.0122679266666666E7
1080    20160801	2.0125349266666666E7
