1084    20001120	3.997081206666667E7
1084    20001224	1.9987416533333335E7
1084    20010122	1.99890533E7
1084    20010314	1.9990693233333334E7
1084    20010722	1.9992346366666667E7
1084    20010815	1.9993702833333332E7
1084    20011012	1.9995065533333335E7
1084    20020201	1.9996732066666666E7
1084    20041202	1.9999095366666667E7
1084    20050127	2.0001752666666668E7
1084    20050322	2.0004392933333334E7
1084    20050328	2.00070303E7
1084    20050403	2.0009356733333334E7
1084    20050416	2.0011339633333333E7
1084    20051230	2.0013346933333334E7
1084    20060527	2.0015661133333333E7
1084    20060606	2.0017974233333334E7
1084    20061207	2.0020307366666667E7
1084    20061226	2.0022337966666665E7
1084    20070301	2.00246678E7
1084    20081005	2.0027353833333332E7
1084    20090313	2.00303501E7
1084    20110127	2.0034004166666668E7
1084    20120622	2.0038007566666666E7
1084    20150715	2.0043011333333332E7
1084    20160410	2.0048338233333334E7
