1088    20050416	2.00056981E7
1088    20050518	2.00086818E7
1088    20050723	2.0011665366666667E7
1088    20050728	2.0014352266666666E7
1088    20051109	2.0017051866666667E7
1088    20051116	2.00197489E7
1088    20060525	2.0022412333333332E7
1088    20061226	2.00250863E7
1088    20080816	2.0028079766666666E7
1088    20081212	2.0031083133333333E7
1088    20090112	2.00343797E7
1088    20090124	2.0037676633333333E7
1088    20090503	2.0040679233333334E7
1088    20090606	2.0043682633333333E7
1088    20110127	2.0047336533333335E7
1088    20110306	2.0050976266666666E7
1088    20120622	2.0054959666666668E7
1088    20121113	2.00589594E7
1088    20131114	2.0062992466666665E7
1088    20141116	2.0067339E7
1088    20150610	2.0071685966666665E7
1088    20150727	2.0076033E7
1088    20160410	2.0080366466666665E7
1088    20160507	2.0084702833333332E7
