1089    20000826	1.9991234666666668E7
1089    20001002	3.9986157233333334E7
1089    20001108	1.99946262E7
1089    20001117	1.9995656633333333E7
1089    20001120	1.9996687133333333E7
1089    20001127	1.99977108E7
1089    20001209	1.9998384366666667E7
1089    20001216	1.9998734033333335E7
1089    20010130	1.99993716E7
1089    20010225	2.00000122E7
1089    20010626	2.00006659E7
1089    20010815	2.0001322533333335E7
1089    20020117	2.00022863E7
1089    20020418	2.0003259266666666E7
1089    20020829	2.000395E7
1089    20030409	2.0004959733333334E7
1089    20031114	2.00059925E7
1089    20031230	2.0007026633333333E7
1089    20040114	2.00083568E7
1089    20040526	2.0009700366666667E7
1089    20040728	2.0011050666666668E7
1089    20040903	2.0012403833333332E7
1089    20041010	2.00137573E7
1089    20050122	2.00154139E7
1089    20050129	2.0017068033333335E7
1089    20050317	2.00187252E7
1089    20050403	2.0020380933333334E7
1089    20050426	2.0022037433333334E7
1089    20050608	2.0023697533333335E7
1089    20050923	2.0025367433333334E7
1089    20051006	2.0027034233333334E7
1089    20051023	2.00287016E7
1089    20051110	2.0030368333333332E7
1089    20060110	2.0032334766666666E7
1089    20060127	2.0034301666666668E7
1089    20060130	2.0036268433333334E7
1089    20060304	2.0038238266666666E7
1089    20060310	2.0040208066666666E7
1089    20060418	2.0041884333333332E7
1089    20060518	2.0043560766666666E7
1089    20060526	2.00452241E7
1089    20060606	2.00468838E7
1089    20060802	2.0048239966666665E7
1089    20060814	2.00495865E7
1089    20061229	2.0050933166666668E7
1089    20070202	2.00522596E7
1089    20070228	2.00535634E7
1089    20070407	2.00548693E7
1089    20070511	2.0055882533333335E7
1089    20080711	2.0057222033333335E7
1089    20080810	2.00585581E7
1089    20081028	2.00598956E7
1089    20081128	2.0061232866666667E7
1089    20081130	2.0062266466666665E7
1089    20081210	2.00633025E7
1089    20090125	2.0064629433333334E7
1089    20090609	2.0065969633333333E7
1089    20091017	2.0067322666666668E7
1089    20100430	2.00689834E7
1089    20100512	2.0070636366666667E7
1089    20100516	2.00722867E7
1089    20100807	2.0073946166666668E7
1089    20100829	2.0075603466666665E7
1089    20101207	2.0076973366666667E7
1089    20110127	2.0078640033333335E7
1089    20110222	2.0080309766666666E7
1089    20110306	2.00819765E7
1089    20110429	2.0083647133333333E7
1089    20110624	2.0085320666666668E7
1089    20110901	2.00870001E7
1089    20111015	2.0088683066666666E7
1089    20120502	2.00906796E7
1089    20120719	2.0092676833333332E7
1089    20120731	2.0094674066666666E7
1089    20120805	2.0096659933333334E7
1089    20121111	2.00983569E7
1089    20121123	2.01000534E7
1089    20130404	2.01020533E7
1089    20130621	2.0104056966666665E7
1089    20130927	2.0105730833333332E7
1089    20140202	2.0107710566666666E7
1089    20140607	2.0109696533333335E7
1089    20150224	2.0111999733333334E7
1089    20150304	2.0114305533333335E7
1089    20150523	2.0116615966666665E7
1089    20150610	2.0118632133333333E7
1089    20150701	2.01206352E7
1089    20150713	2.0122625066666666E7
1089    20150714	2.01243012E7
1089    20150715	2.0125974633333333E7
1089    20150926	2.0127654966666665E7
1089    20151106	2.01293316E7
1089    20151123	2.0131008066666666E7
1089    20160410	2.01329815E7
1089    20160508	2.0134660866666667E7
1089    20160516	2.0136337333333332E7
1089    20160608	2.0138014066666666E7
1089    20160626	2.01396873E7
1089    20160719	2.0141357133333333E7
1089    20160816	2.0143020966666665E7
1089    20160830	2.0144681466666665E7
1089    20161005	2.0146031566666666E7
