1090    20020908	1.9997418366666667E7
1090    20030415	1.9999731966666665E7
1090    20030929	2.0002055733333334E7
1090    20031230	2.00040927E7
1090    20040526	2.0006439533333335E7
1090    20040728	2.00087903E7
1090    20041121	2.0010460866666667E7
1090    20050207	2.0012434166666668E7
1090    20050321	2.0014404433333334E7
1090    20050322	4.00347195E7
1090    20050403	2.00203173E7
1090    20050904	2.0022000533333335E7
1090    20051023	2.0023687133333333E7
1090    20060103	2.00256736E7
1090    20060116	2.00276531E7
1090    20060130	2.00296306E7
1090    20060203	2.0031607233333334E7
1090    20060310	2.0033580633333333E7
1090    20060517	2.00355605E7
1090    20060526	2.00375372E7
1090    20060720	2.00392245E7
1090    20061226	2.0040918633333333E7
1090    20080711	2.0043262266666666E7
1090    20080816	2.0045599333333332E7
1090    20081128	2.0047946633333333E7
1090    20091014	2.0050617E7
1090    20110127	2.0053920833333332E7
1090    20110307	2.0056924366666667E7
1090    20110711	2.0059934133333333E7
1090    20110901	2.00629339E7
1090    20120501	2.0065936766666666E7
1090    20120622	2.0068926533333335E7
1090    20120719	2.00719095E7
1090    20120805	2.0074585466666665E7
1090    20121123	2.00772653E7
1090    20141206	2.0080601466666665E7
1090    20150701	2.0083951266666666E7
1090    20150714	2.00872977E7
