1092    20040808	1.9999101033333335E7
1092    20040929	2.00017651E7
1092    20050309	2.0004737933333334E7
1092    20050327	2.00077083E7
1092    20050829	2.0010398566666666E7
1092    20050923	2.0013089166666668E7
1092    20051023	2.0015436266666666E7
1092    20051116	2.00177734E7
1092    20060203	2.0020413266666666E7
1092    20060207	2.00227197E7
1092    20060418	2.0025026E7
1092    20060525	2.0027040033333335E7
1092    20060721	2.0029060166666668E7
1092    20060813	2.0031073733333334E7
1092    20061229	2.00330813E7
1092    20071026	2.0035412E7
1092    20080205	2.0038048566666666E7
1092    20080816	2.00407053E7
1092    20090124	2.0043672166666668E7
1092    20110103	2.0047304966666665E7
1092    20110212	2.0050941333333332E7
1092    20110308	2.0054577966666665E7
1092    20120622	2.0058557733333334E7
1092    20140202	2.0062893466666665E7
1092    20150611	2.00672433E7
1092    20150727	2.0071586933333334E7
1092    20160816	2.0076240333333332E7
