1094    20001120	1.9989752466666665E7
1094    20001209	1.9991092533333335E7
1094    20010130	1.9992723E7
1094    20020117	1.9994389533333335E7
1094    20020929	1.9996080333333332E7
1094    20030415	1.9998057033333335E7
1094    20040511	2.0000067366666667E7
1094    20040808	2.0002073766666666E7
1094    20041115	2.0004080566666666E7
1094    20050129	2.0006384633333333E7
1094    20050228	2.00083588E7
1094    20050317	2.00103358E7
1094    20050322	2.00123128E7
1094    20051230	2.0014313366666667E7
1094    20060814	2.00166334E7
1094    20110127	2.00205972E7
1094    20110308	2.0024566933333334E7
1094    20120822	2.0028886666666668E7
1094    20130218	2.00332238E7
1094    20140921	2.00379171E7
1094    20160804	2.00432637E7
