1097    19991213	3.996193593333333E7
1097    19991216	1.9982474466666665E7
1097    19991228	1.9983474866666667E7
1097    19991229	1.9984474866666667E7
1097    19991230	1.99851785E7
1097    20000108	1.9986178066666666E7
1097    20000117	1.99871776E7
1097    20000205	1.99881776E7
1097    20000207	1.99891609E7
1097    20000313	1.99901342E7
1097    20000326	1.9990805033333335E7
1097    20000406	1.9991471833333332E7
1097    20000424	1.9992138733333334E7
1097    20000425	1.9992799E7
1097    20000602	1.99934618E7
1097    20000613	1.99941155E7
1097    20000703	1.9994772033333335E7
1097    20000731	1.99951263E7
1097    20000802	1.9995462133333333E7
1097    20000803	1.99957913E7
1097    20000804	1.9996117966666665E7
1097    20000826	1.9996445366666667E7
1097    20001016	1.99967788E7
1097    20001108	1.99971151E7
1097    20001120	1.9997451666666668E7
1097    20001128	1.9997785566666666E7
1097    20001201	1.9998121766666666E7
1097    20001221	1.9998458366666667E7
1097    20010101	1.9999087966666665E7
1097    20010122	1.9999718266666666E7
1097    20010204	2.00003513E7
1097    20010606	2.0000997633333333E7
1097    20010618	2.0001643966666665E7
1097    20010708	2.0002293266666666E7
1097    20010720	2.0002942933333334E7
1097    20010813	2.0003299766666666E7
1097    20010815	2.0003656366666667E7
1097    20011012	2.00040166E7
1097    20011019	2.0004377E7
1097    20011216	2.0004740433333334E7
1097    20020116	2.00054001E7
1097    20020418	2.0006067166666668E7
1097    20020419	2.0006733666666668E7
1097    20020624	2.0007406966666665E7
1097    20030207	2.00083938E7
1097    20030224	2.0009380833333332E7
1097    20030303	2.00103675E7
1097    20030307	2.0011353366666667E7
1097    20030415	2.0012340466666665E7
1097    20030513	2.00133308E7
1097    20030730	2.0014328333333332E7
1097    20030903	2.00153309E7
1097    20030926	2.00163279E7
1097    20031022	2.0017325033333335E7
1097    20040216	2.0018628233333334E7
1097    20040808	2.00199509E7
1097    20040823	2.0021271633333333E7
1097    20040830	2.0022591933333334E7
1097    20040903	2.0023618666666668E7
1097    20041014	2.00246484E7
1097    20041110	2.00256786E7
1097    20050110	2.00269954E7
1097    20050304	2.0028318266666666E7
1097    20050320	2.0029638666666668E7
1097    20050321	2.00309587E7
1097    20050322	2.0032275666666668E7
1097    20050323	2.00335926E7
1097    20050331	2.0034903233333334E7
1097    20050401	2.0036215966666665E7
1097    20050412	2.00375225E7
1097    20050423	2.0038532733333334E7
1097    20051023	2.00395529E7
1097    20051111	2.0040575966666665E7
1097    20060203	2.0041895266666666E7
1097    20060224	2.0042895833333332E7
1097    20060327	2.0043899266666666E7
1097    20060418	2.00449031E7
1097    20060526	2.00459104E7
1097    20061111	2.00469336E7
1097    20061207	2.0047956733333334E7
1097    20061211	2.0048972766666666E7
1097    20061229	4.010097736666667E7
1097    20070228	2.00523006E7
1097    20070302	2.0053303466666665E7
1097    20070627	2.0054297433333334E7
1097    20070703	2.0055293433333334E7
1097    20071110	2.0056302766666666E7
1097    20080618	2.00576266E7
1097    20080627	2.0058947033333335E7
1097    20080714	2.0060267166666668E7
1097    20081129	2.0061301133333333E7
1097    20081130	2.0062328666666668E7
1097    20081210	2.0063358333333332E7
1097    20090124	2.00646851E7
1097    20090402	2.00660211E7
1097    20090414	2.0067357466666665E7
1097    20090528	2.0068697366666667E7
1097    20091014	2.0070051133333333E7
1097    20091020	2.0071404733333334E7
1097    20100327	2.00730682E7
1097    20100516	2.0074717966666665E7
1097    20100807	2.00763745E7
1097    20100829	2.00777287E7
1097    20101205	2.0079094733333334E7
1097    20110127	2.0080754733333334E7
1097    20110307	2.00824177E7
1097    20110429	2.0084081133333333E7
1097    20110509	2.0085727733333334E7
1097    20110901	2.00873842E7
1097    20111124	2.0089047966666665E7
1097    20120502	2.0091023733333334E7
1097    20120611	2.0093003133333333E7
1097    20120622	2.0094682933333334E7
1097    20121127	2.00963771E7
1097    20130218	2.0098363466666665E7
1097    20130404	2.01003535E7
1097    20140202	2.0102656566666666E7
1097    20140825	2.0104663466666665E7
1097    20150105	2.01069794E7
1097    20150716	2.01093128E7
1097    20150720	2.01116325E7
1097    20150727	2.01139524E7
1097    20151107	2.01162823E7
1097    20151129	2.01183158E7
1097    20160216	2.0120642933333334E7
1097    20160507	2.0122979366666667E7
1097    20160626	2.0125315966666665E7
1097    20160721	2.0127639533333335E7
1097    20160907	2.01299691E7
