11    19980622	1.9962755366666667E7
11    19980911	1.9963438666666668E7
11    19981007	1.9964121633333333E7
11    19991012	1.9965138066666666E7
11    19991023	1.9966154733333334E7
11    19991024	1.9967171366666667E7
11    19991123	1.99681884E7
11    19991204	1.9969208066666666E7
11    19991216	1.9970227966666665E7
11    20000117	1.9971541666666668E7
11    20000131	1.99728557E7
11    20000317	1.99741757E7
11    20000402	1.9975498133333333E7
11    20000406	1.9976818166666668E7
11    20000425	1.9978138766666666E7
11    20000504	1.9979461733333334E7
11    20000602	1.9980787466666665E7
11    20000615	1.9982110966666665E7
11    20000731	1.9983435233333334E7
11    20001104	1.9984771733333334E7
11    20001117	1.9986108333333332E7
11    20001121	1.9987444933333334E7
11    20001125	1.9988781533333335E7
11    20001209	1.99901183E7
11    20010122	1.9991751833333332E7
11    20010606	1.9993401366666667E7
11    20011216	1.99947684E7
11    20020201	1.9996431666666668E7
11    20020701	1.9998100933333334E7
11    20030324	2.00000746E7
11    20030409	2.0001734166666668E7
11    20040312	2.00037142E7
11    20040726	2.0005704833333332E7
11    20040820	2.00073651E7
11    20040922	2.00090284E7
11    20041010	2.00106946E7
11    20041115	2.0012361E7
11    20050322	2.00143316E7
11    20060215	2.0016631566666666E7
11    20060411	2.0018641366666667E7
11    20060418	2.0020650933333334E7
11    20061221	2.0022681066666666E7
11    20061229	2.0024708633333333E7
11    20090414	2.00277089E7
11    20090809	2.00307217E7
11    20100327	2.0034049133333333E7
11    20110127	2.0037699966666665E7
11    20110509	2.00413631E7
11    20110901	2.0045035433333334E7
11    20130620	2.0049352633333333E7
11    20141206	2.0054022266666666E7
11    20141209	2.0058691866666667E7
11    20160510	2.00640047E7
