110    19960830	1.99606272E7
110    19960902	1.9960646266666666E7
110    19960909	1.9960665566666666E7
110    19960910	1.99606821E7
110    19960919	1.9960698933333334E7
110    19960921	1.99607126E7
110    19960926	1.99607263E7
110    19961007	1.99607426E7
110    19961015	1.9960759133333333E7
110    19961016	1.99607757E7
110    19961017	1.9960792166666668E7
110    19961019	1.9960805933333334E7
110    19961020	1.9960819466666665E7
110    19961026	1.9960833166666668E7
110    19961027	1.9960846833333332E7
110    19961106	3.9921742333333336E7
110    19961107	1.9960895466666665E7
110    19961108	1.9960911466666665E7
110    19961115	1.99609251E7
110    19961116	1.9960938666666668E7
110    19961120	1.9960952133333333E7
110    19961122	1.99609654E7
110    19961124	1.9960978566666666E7
110    19961125	1.9960989366666667E7
110    19961216	1.99610032E7
110    19961229	1.99610171E7
110    19970109	1.9961326966666665E7
110    19970121	1.9961637133333333E7
110    19970131	1.99619473E7
110    19970205	1.99622598E7
110    19970303	1.9962573166666668E7
110    19970514	1.9962893333333332E7
110    19970623	1.99632171E7
110    19970708	1.99635434E7
110    19980402	1.9964192766666666E7
110    19980616	1.99648491E7
110    19980814	1.9965509333333332E7
110    19981007	1.9966175733333334E7
110    19981207	1.9966848766666666E7
110    19990928	1.99678458E7
110    19991001	1.99688452E7
110    19991002	1.99698446E7
110    19991003	3.994268686666667E7
110    19991007	1.9972839733333334E7
110    19991012	1.99738366E7
110    19991101	1.99748364E7
110    19991115	1.9975836633333333E7
110    19991123	3.995467403333333E7
110    19991213	1.9978840233333334E7
110    19991229	1.99798438E7
110    20000110	1.9981143333333332E7
110    20000122	1.9982443233333334E7
110    20000131	1.99837404E7
110    20000214	1.99850399E7
110    20000313	1.99860467E7
110    20000314	1.9987053133333333E7
110    20000406	1.99880623E7
110    20000425	1.9989069633333333E7
110    20000504	1.9990076333333332E7
110    20000731	3.9983170733333334E7
110    20000803	1.9993090333333332E7
110    20001002	1.9993777E7
110    20001104	1.9994459933333334E7
110    20001108	1.99951364E7
110    20001118	1.9995806766666666E7
110    20001120	3.99932808E7
110    20001127	1.99971478E7
110    20001128	1.9997485333333332E7
110    20001209	1.9997825533333335E7
110    20001229	1.99981664E7
110    20010122	1.9998803566666666E7
110    20010620	1.9999457166666668E7
110    20010717	2.0000111033333335E7
110    20011019	2.00007745E7
110    20011216	2.0001444266666666E7
110    20020116	2.00024107E7
110    20020624	2.0003391066666666E7
110    20020908	2.0004380366666667E7
110    20021218	2.0005083966666665E7
110    20030207	2.00060868E7
110    20030303	2.0007092533333335E7
110    20030406	2.0008098933333334E7
110    20030409	2.0009102133333333E7
110    20030527	2.0010109233333334E7
110    20030926	2.0011126566666666E7
110    20031022	2.0012146466666665E7
110    20040216	2.00134702E7
110    20040301	2.00147892E7
110    20040601	2.00161182E7
110    20040808	2.00174517E7
110    20040903	2.0018781733333334E7
110    20040929	2.0020109233333334E7
110    20041010	2.00214393E7
110    20041013	2.0022769133333333E7
110    20041110	2.0024102133333333E7
110    20041128	2.0025435733333334E7
110    20041202	2.0026771566666666E7
110    20050110	2.00284043E7
110    20050128	2.0030034933333334E7
110    20050130	2.0031664966666665E7
110    20050207	2.0033001133333333E7
110    20050210	2.00343208E7
110    20050211	2.0035637266666666E7
110    20050310	2.0036946966666665E7
110    20050321	2.0038250466666665E7
110    20050322	2.0039257333333332E7
110    20050323	2.00402473E7
110    20050327	2.0041227933333334E7
110    20050331	2.0042198366666667E7
110    20050403	2.0042871566666666E7
110    20050412	2.0043541866666667E7
110    20050419	2.0044208966666665E7
110    20050603	2.00448821E7
110    20051023	2.00455653E7
110    20060130	2.0046538766666666E7
110    20060203	2.0047511466666665E7
110    20060215	2.00481781E7
110    20060418	2.0048848666666668E7
110    20060517	2.0049512533333335E7
110    20060518	2.0050169533333335E7
110    20060526	2.0050823633333333E7
110    20060720	2.0051483333333332E7
110    20060801	2.0052143033333335E7
110    20060813	2.0052803033333335E7
110    20061108	2.0053469633333333E7
110    20061207	2.0054138933333334E7
110    20061229	2.00548065E7
110    20070302	2.0055479566666666E7
110    20070623	2.0056162733333334E7
110    20070703	2.00568485E7
110    20080126	2.00578458E7
110    20080205	2.0058845633333333E7
110    20080623	2.0059859366666667E7
110    20080701	2.00608724E7
110    20080711	2.00618854E7
110    20080810	2.0062901666666668E7
110    20081028	2.0063925166666668E7
110    20081128	2.0064951866666667E7
110    20081210	2.0065981166666668E7
110    20090402	2.0067314466666665E7
110    20091014	2.0068667866666667E7
110    20091107	2.0070024133333333E7
110    20100118	2.0071674633333333E7
110    20100420	2.00733212E7
110    20100430	2.0074664533333335E7
110    20100516	2.00760083E7
110    20100807	2.0077361366666667E7
110    20101207	2.0078721E7
110    20110127	2.0080374666666668E7
110    20110222	2.0082031466666665E7
110    20110228	2.00836882E7
110    20110901	2.00853609E7
110    20111027	2.00870351E7
110    20120310	2.0089018333333332E7
110    20120502	2.0090998133333333E7
110    20120622	2.0092978633333333E7
110    20120731	2.0094962033333335E7
110    20120818	2.00966459E7
110    20120923	2.0098322566666666E7
110    20121123	2.0100003233333334E7
110    20130218	2.0101672966666665E7
110    20130404	2.0103346266666666E7
110    20130902	2.0105022233333334E7
110    20140121	2.01070029E7
110    20140126	2.01089834E7
110    20140202	2.0110963133333333E7
110    20141012	2.01129626E7
110    20141116	2.01149622E7
110    20150203	2.0117261966666665E7
110    20150306	2.0119258766666666E7
110    20150424	2.01212391E7
110    20150609	2.01232225E7
110    20150611	2.01249056E7
110    20150720	2.0126582266666666E7
110    20150727	2.0128258833333332E7
110    20150913	2.0129938733333334E7
110    20150917	2.0131609066666666E7
110    20151104	4.02679105E7
110    20151113	2.0136001233333334E7
110    20151121	2.0137364333333332E7
110    20151129	2.0138705266666666E7
110    20151230	2.0140045366666667E7
110    20160410	2.0141382033333335E7
110    20160416	2.01427125E7
110    20160427	2.0144039333333332E7
110    20160507	2.01453652E7
110    20160508	2.01466882E7
110    20160519	2.0148008066666666E7
110    20160608	2.0149324233333334E7
110    20160816	2.0150344166666668E7
110    20160907	2.0151360933333334E7
110    20161006	2.01523644E7
110    20161014	2.0153060833333332E7
