1101    20040820	1.99977393E7
1101    20040903	2.00004025E7
1101    20041010	2.0003065366666667E7
1101    20041014	2.00057253E7
1101    20041110	2.00080916E7
1101    20050207	2.0010758333333332E7
1101    20050211	2.0013411266666666E7
1101    20050309	2.0016064633333333E7
1101    20050322	4.0039086766666666E7
1101    20050413	2.0023005433333334E7
1101    20050426	2.00249859E7
1101    20050529	2.0026966333333332E7
1101    20050723	2.0028953E7
1101    20050727	2.00309367E7
1101    20051023	2.0032929833333332E7
1101    20051110	2.0034630066666666E7
1101    20060203	2.0036626333333332E7
1101    20060207	2.00386197E7
1101    20060215	2.0040606433333334E7
1101    20060418	2.0042593533333335E7
1101    20060526	2.0044573466666665E7
1101    20060718	2.0046243466666665E7
1101    20061029	2.0047920533333335E7
1101    20061109	2.0049270033333335E7
1101    20061211	2.0050296533333335E7
1101    20061229	2.00513172E7
1101    20070228	2.0052317533333335E7
1101    20070512	2.0053317066666666E7
1101    20070627	2.00543137E7
1101    20080205	2.0055626533333335E7
1101    20080711	2.0056953466666665E7
1101    20080810	2.0058280133333333E7
1101    20090414	4.012149706666667E7
1101    20091015	2.0062930533333335E7
1101    20100327	2.0064601066666666E7
1101    20100807	2.0066284333333332E7
1101    20110307	2.0068283833333332E7
1101    20110901	2.0070303133333333E7
1101    20120622	2.0072643433333334E7
1101    20130218	2.0075303166666668E7
1101    20140202	2.0078292266666666E7
1101    20160507	2.0081951733333334E7
1101    20160816	2.0085621366666667E7
