111    20000424	1.9981344E7
111    20000425	1.9982677766666666E7
111    20000505	1.99840109E7
111    20000602	3.99720306E7
111    20000603	1.99880195E7
111    20000612	1.99893497E7
111    20000801	1.9990672966666665E7
111    20000802	1.9991995566666666E7
111    20000803	1.99930183E7
111    20000805	1.99940383E7
111    20000826	1.9995052233333334E7
111    20001010	1.9995745866666667E7
111    20001016	1.9996433E7
111    20001114	1.99971034E7
111    20001120	1.9997767166666668E7
111    20001121	3.999655113333333E7
111    20001216	1.99987846E7
111    20001225	1.99991253E7
111    20010101	1.9999761766666666E7
111    20010314	2.00004022E7
111    20010815	2.0001059333333332E7
111    20011012	2.00017193E7
111    20011228	2.0002385933333334E7
111    20030307	2.00033926E7
111    20030406	2.0004399E7
111    20040526	2.0005742566666666E7
111    20040808	2.0007089266666666E7
111    20040823	2.0008436433333334E7
111    20041031	2.000979E7
111    20050128	2.0011446766666666E7
111    20050224	2.0013104066666666E7
111    20050304	2.00147608E7
111    20050317	2.0016417966666665E7
111    20050321	2.0018075233333334E7
111    20050327	2.00197324E7
111    20050904	2.00214025E7
111    20050923	2.00230732E7
111    20060128	2.00250507E7
111    20060130	2.00270282E7
111    20060305	2.0029010833333332E7
111    20060310	2.00309875E7
111    20060411	2.0032967333333332E7
111    20060526	2.0034947733333334E7
111    20060813	2.00369375E7
111    20070623	2.0039254233333334E7
111    20070703	2.0041573633333333E7
111    20070708	2.0043890033333335E7
111    20080701	2.0046539233333334E7
111    20090124	2.0049206666666668E7
111    20090609	2.0051883166666668E7
111    20091013	2.0054556433333334E7
111    20100512	2.0057539766666666E7
111    20100516	2.0060516033333335E7
111    20100829	2.0062866766666666E7
111    20101207	2.00652268E7
111    20110127	2.0067546833333332E7
111    20110429	2.0069867533333335E7
111    20110604	2.0072193566666666E7
111    20110901	2.0074522566666666E7
111    20111015	2.0076552133333333E7
111    20120502	2.0078894733333334E7
111    20120525	2.0081235433333334E7
111    20120622	2.0083578933333334E7
111    20120805	2.00859284E7
111    20121123	2.0088288266666666E7
111    20140303	2.0091268233333334E7
111    20140712	2.00942612E7
111    20140906	2.00969538E7
111    20141116	2.0099653333333332E7
111    20141206	2.0102350033333335E7
111    20150609	2.010536E7
111    20150701	2.0108369666666668E7
111    20150715	2.0111375966666665E7
111    20150720	2.0114372866666667E7
111    20150815	2.0117045933333334E7
111    20151020	2.0119723166666668E7
111    20151109	2.01224032E7
111    20151119	2.0124750466666665E7
111    20151123	2.0126783766666666E7
111    20151205	2.0128803633333333E7
111    20151230	2.0130810866666667E7
111    20160101	2.0132797166666668E7
111    20160608	2.0134800233333334E7
111    20160626	2.0136793466666665E7
111    20160717	2.0138777133333333E7
111    20160728	2.0140463833333332E7
111    20160816	2.01421434E7
