112    20000805	1.9973276033333335E7
112    20001120	1.99746292E7
112    20001224	1.9975983E7
112    20020201	1.9977962166666668E7
112    20030527	1.99802795E7
112    20040128	1.99829168E7
112    20040820	1.9985577066666666E7
112    20040930	1.9988240633333333E7
112    20041110	1.9990906966666665E7
112    20041128	1.9993570666666668E7
112    20050211	1.9996536766666666E7
112    20050322	4.00016867E7
112    20050327	2.00048537E7
112    20060220	2.0007856966666665E7
112    20060418	2.0010866533333335E7
112    20060813	2.00138868E7
112    20060924	2.0016910466666665E7
112    20120925	2.00219312E7
112    20121127	2.00269582E7
