1127    20001120	1.9988427533333335E7
1127    20001209	1.9989760633333333E7
1127    20001214	1.9990797066666666E7
1127    20001221	1.9991833733333334E7
1127    20001228	1.9992870433333334E7
1127    20010110	1.99942006E7
1127    20010815	3.99920617E7
1127    20011015	1.9997551033333335E7
1127    20011216	1.9998558166666668E7
1127    20020201	1.9999864633333333E7
1127    20020414	2.0001171466666665E7
1127    20020624	2.0002158166666668E7
1127    20020908	2.00031514E7
1127    20021228	2.0004155133333333E7
1127    20030207	2.0005457933333334E7
1127    20030224	2.00067613E7
1127    20030409	2.0008067733333334E7
1127    20040601	2.0009713866666667E7
1127    20040808	2.00113665E7
1127    20040830	2.0012724066666666E7
1127    20041010	2.00140842E7
1127    20050110	2.0015747233333334E7
1127    20050321	2.0017411066666666E7
1127    20050322	2.0019071E7
1127    20050403	2.0020731033333335E7
1127    20050413	2.0022390966666665E7
1127    20050603	2.00240507E7
1127    20051023	2.0025721333333332E7
1127    20060203	2.0027694166666668E7
1127    20060322	2.0029667566666666E7
1127    20060418	2.00316412E7
1127    20061211	2.00336411E7
1127    20080701	2.0036290433333334E7
1127    20100104	2.00395863E7
1127    20101222	2.0042623366666667E7
1127    20110127	2.0045933766666666E7
1127    20110901	2.0049269966666665E7
1127    20111027	2.00526037E7
1127    20120731	2.00562542E7
1127    20130218	2.0059921433333334E7
1127    20160507	2.00645912E7
