1129    20040623	1.9996796966666665E7
1129    20040726	1.9999454266666666E7
1129    20040830	2.0002107633333333E7
1129    20050331	2.00047813E7
1129    20050528	2.0007461533333335E7
1129    20060311	2.0010465066666666E7
1129    20060418	2.0013458233333334E7
1129    20060924	2.00161223E7
1129    20061111	2.0018792433333334E7
1129    20061226	2.0021459666666668E7
1129    20091013	2.0024792666666668E7
1129    20091213	2.0028129E7
1129    20110127	2.0032092733333334E7
1129    20110630	2.00360732E7
1129    20111120	2.0039770266666666E7
1129    20120808	2.00437899E7
1129    20121123	2.0047810533333335E7
1129    20121223	2.00518304E7
1129    20140202	2.0056466866666667E7
