1136    20000603	3.9969450166666664E7
1136    20000731	1.9986700233333334E7
1136    20001117	1.9988029833333332E7
1136    20001120	1.9989063133333333E7
1136    20001127	1.9990096666666668E7
1136    20001208	1.99911301E7
1136    20001209	1.99921568E7
1136    20010101	1.99934796E7
1136    20010122	1.9994793366666667E7
1136    20010225	1.9996097066666666E7
1136    20010621	1.9997103866666667E7
1136    20010717	1.99980943E7
1136    20010813	1.9999087833333332E7
1136    20011019	2.0000081333333332E7
1136    20020203	2.00010639E7
1136    20020405	2.0002043966666665E7
1136    20020418	2.0003024366666667E7
1136    20030207	2.0004331033333335E7
1136    20030303	2.0005640666666668E7
1136    20030730	2.0006964233333334E7
1136    20030902	2.0008290466666665E7
1136    20030929	2.0009614233333334E7
1136    20031204	2.0010946766666666E7
1136    20031230	2.00119842E7
1136    20040526	2.0013331133333333E7
1136    20040903	2.0014687666666668E7
1136    20041010	2.0016041133333333E7
1136    20041116	2.0017397533333335E7
1136    20050304	2.0019057533333335E7
1136    20050310	2.0020714433333334E7
1136    20050320	2.0022371666666668E7
1136    20050321	2.0024024666666668E7
1136    20050323	4.0052969833333336E7
1136    20050403	2.00289475E7
1136    20050413	2.0030587666666668E7
1136    20050426	2.0032228233333334E7
1136    20050518	2.0033575466666665E7
1136    20050905	2.00349349E7
1136    20050923	2.00362915E7
1136    20051002	2.0037637533333335E7
1136    20051023	2.0038981066666666E7
1136    20060127	2.0040624866666667E7
1136    20060128	2.0042261833333332E7
1136    20060130	2.0043592733333334E7
1136    20060203	2.0044919333333332E7
1136    20060305	2.00462489E7
1136    20060411	2.00472557E7
1136    20060418	2.0048259533333335E7
1136    20060518	2.0049252466666665E7
1136    20060526	2.0050239933333334E7
1136    20060814	2.00512361E7
1136    20060905	2.0052226133333333E7
1136    20061108	2.0053222066666666E7
1136    20061109	2.0053908166666668E7
1136    20061223	2.00545855E7
1136    20070228	2.0055559433333334E7
1136    20070518	2.00565395E7
1136    20070703	2.0057219466666665E7
1136    20080618	2.0058229733333334E7
1136    20080701	2.0059242433333334E7
1136    20080711	2.0060255433333334E7
1136    20080714	2.0061268466666665E7
1136    20080810	2.00622847E7
1136    20080812	2.0063298333333332E7
1136    20081014	2.0064318366666667E7
1136    20081129	2.00653418E7
1136    20090413	2.0066671633333333E7
1136    20090414	2.00679886E7
1136    20090609	2.0069311466666665E7
1136    20091014	2.00706452E7
1136    20100430	2.00722921E7
1136    20100516	2.00736384E7
1136    20100610	2.00749878E7
1136    20100807	2.00763437E7
1136    20110127	2.0078007833333332E7
1136    20110212	2.00796714E7
1136    20110306	2.0081334566666666E7
1136    20110429	2.00830016E7
1136    20110604	2.0084671133333333E7
1136    20110624	2.0086341066666666E7
1136    20110630	2.00880016E7
1136    20110901	2.0089668133333333E7
1136    20111015	2.00913317E7
1136    20120221	2.00933021E7
1136    20120502	2.0095278066666666E7
1136    20120622	2.0096957866666667E7
1136    20120731	2.0098631633333333E7
1136    20120805	2.01003017E7
1136    20121123	2.0101651866666667E7
1136    20130218	2.0103302433333334E7
1136    20130902	2.0104975466666665E7
1136    20130908	2.01066486E7
1136    20130927	2.0108319166666668E7
1136    20140114	2.01102959E7
1136    20140823	2.0112289533333335E7
1136    20140825	2.01142794E7
1136    20150203	2.01162724E7
1136    20150330	2.01182696E7
1136    20150609	2.01202696E7
1136    20150701	2.0122259166666668E7
1136    20150713	2.0123935266666666E7
1136    20150716	2.01256086E7
1136    20151205	2.01272951E7
1136    20151212	2.0128975266666666E7
1136    20160216	2.01306449E7
1136    20160410	2.0132318166666668E7
1136    20160416	2.01339885E7
1136    20160507	2.0135657766666666E7
1136    20160524	2.0137321766666666E7
1136    20160626	6.042195606666667E7
1136    20160722	2.0143969433333334E7
1136    20160801	2.01453221E7
