1148    20010327	1.99878103E7
1148    20010717	1.9989464E7
1148    20010815	1.9991120633333333E7
1148    20011019	1.99927803E7
1148    20020731	1.99944673E7
1148    20030207	1.9996470166666668E7
1148    20030307	1.9998473566666666E7
1148    20030827	2.0000464E7
1148    20030929	2.00024544E7
1148    20031114	2.00041515E7
1148    20031230	2.00058257E7
1148    20040702	2.0007815533333335E7
1148    20040726	2.0009472966666665E7
1148    20050129	2.0011443666666668E7
1148    20050310	2.00134203E7
1148    20050321	2.00153969E7
1148    20050402	2.0017373266666666E7
1148    20050614	2.00193563E7
1148    20050727	2.0021339766666666E7
1148    20051110	2.00233358E7
1148    20060203	2.0025339E7
1148    20060411	4.0056683766666666E7
1148    20060518	2.0031334566666666E7
1148    20070202	2.0033650266666666E7
1148    20070703	4.00742667E7
1148    20080415	2.0040936233333334E7
1148    20080618	2.0043585933333334E7
1148    20081014	2.0045948733333334E7
1148    20090422	2.0048618566666666E7
1148    20091014	2.0051295133333333E7
1148    20091213	2.0053975066666666E7
1148    20100829	2.0056968733333334E7
1148    20110127	2.00599486E7
1148    20110212	2.0062615433333334E7
1148    20110901	2.00653019E7
1148    20111015	2.0067974833333332E7
1148    20120221	2.0070951233333334E7
1148    20121123	2.0073951533333335E7
1148    20130608	2.0077264133333333E7
1148    20130927	2.0080271633333333E7
1148    20141012	2.00836145E7
1148    20141116	2.00866474E7
1148    20150913	2.0090000833333332E7
1148    20160416	2.0093670666666668E7
