1172    20060526	2.0008392533333335E7
1172    20061226	2.0011396266666666E7
1172    20090418	2.0015063466666665E7
1172    20091213	2.0018740166666668E7
1172    20100624	2.0022720733333334E7
1172    20101207	2.00263967E7
1172    20110127	2.0030367466666665E7
1172    20120622	2.0034688066666666E7
1172    20121223	2.0039028566666666E7
1172    20130601	2.0043681666666668E7
1172    20130706	2.0048338133333333E7
1172    20140116	2.0053308033333335E7
1172    20141116	2.0058007966666665E7
1172    20150219	2.00630112E7
1172    20150609	2.0068017966666665E7
1172    20150715	2.0073027666666668E7
1172    20160804	2.0078373566666666E7
