1183    19991101	1.99786771E7
1183    19991123	1.99793776E7
1183    20000103	1.99803774E7
1183    20000308	1.99813834E7
1183    20000402	1.9982389966666665E7
1183    20000406	1.9983396133333333E7
1183    20000425	1.9984396666666668E7
1183    20000602	3.997181206666667E7
1183    20000731	1.9987416333333332E7
1183    20000803	1.99884258E7
1183    20001109	1.9989442E7
1183    20001116	1.9990448266666666E7
1183    20001120	1.9991451466666665E7
1183    20001209	1.9992454633333333E7
1183    20010122	1.9993751133333333E7
1183    20010130	1.9994748766666666E7
1183    20020908	1.9996098966666665E7
1183    20030406	1.9997758866666667E7
1183    20030415	1.9999418933333334E7
1183    20030919	2.0001095666666668E7
1183    20040511	2.0003082333333332E7
1183    20040526	2.00047356E7
1183    20040726	2.0006395533333335E7
1183    20040916	2.0008059366666667E7
1183    20041010	2.0009726266666666E7
1183    20041027	2.00113936E7
1183    20041110	2.0013063633333333E7
1183    20050110	2.00150336E7
1183    20050403	2.00170133E7
1183    20050410	2.0018990266666666E7
1183    20050501	2.0020969533333335E7
1183    20060130	2.0022970433333334E7
1183    20060418	2.00249741E7
1183    20060527	2.0026978266666666E7
1183    20060813	2.0028991833333332E7
1183    20061223	2.0031018433333334E7
1183    20070407	2.0033345266666666E7
1183    20080205	2.00359987E7
1183    20080810	2.0038668E7
1183    20090414	2.0041655033333335E7
1183    20090603	2.0044638166666668E7
1183    20110127	2.0048271866666667E7
1183    20120622	2.0052255266666666E7
1183    20150927	2.0057245866666667E7
