1193    20000118	1.9984743033333335E7
1193    20000131	1.99860402E7
1193    20000407	1.9987049733333334E7
1193    20000408	1.99880593E7
1193    20000424	1.99890666E7
1193    20000425	1.9990067166666668E7
1193    20000504	1.9991070066666666E7
1193    20000602	3.998478603333333E7
1193    20000603	1.99934064E7
1193    20000612	1.9994079566666666E7
1193    20000801	1.9994752366666667E7
1193    20000802	1.9995418633333333E7
1193    20000803	1.99960785E7
1193    20000804	1.9996421366666667E7
1193    20000811	1.99967508E7
1193    20001108	1.9997087633333333E7
1193    20001114	1.9997424566666666E7
1193    20001116	1.9997761533333335E7
1193    20001120	3.99965333E7
1193    20001121	1.99987682E7
1193    20001124	1.9999098633333333E7
1193    20001127	1.9999429166666668E7
1193    20001130	1.99997598E7
1193    20001209	2.0000093E7
1193    20001214	2.0000426233333334E7
1193    20001216	2.0000759533333335E7
1193    20001224	2.00007969E7
1193    20010101	2.0001130033333335E7
1193    20010204	2.0001466233333334E7
1193    20010225	2.00018027E7
1193    20010815	2.0002149633333333E7
1193    20011019	2.0002503333333332E7
1193    20020117	2.0003159766666666E7
1193    20020201	2.0003818966666665E7
1193    20020203	2.00044756E7
1193    20020418	2.0005136133333333E7
1193    20020908	2.0005813E7
1193    20030409	2.0006806533333335E7
1193    20030522	2.0007803533333335E7
1193    20040209	2.0009117133333333E7
1193    20040526	2.0010441266666666E7
1193    20040808	2.0011774766666666E7
1193    20040903	2.00131114E7
1193    20041031	2.0014452066666666E7
1193    20050224	2.0016089266666666E7
1193    20050320	2.0017729466666665E7
1193    20050403	2.0019372366666667E7
1193    20050416	2.0021015566666666E7
1193    20050727	2.0022669133333333E7
1193    20050923	2.00243292E7
1193    20051023	2.00259925E7
1193    20060130	2.0027959266666666E7
1193    20060203	2.0029928366666667E7
1193    20060310	2.00318984E7
1193    20060411	2.0033871633333333E7
1193    20060418	2.0035845033333335E7
1193    20060526	2.0037821766666666E7
1193    20060813	2.0039512166666668E7
1193    20061112	2.00412091E7
1193    20061207	2.00429085E7
1193    20070302	2.00448914E7
1193    20070407	2.0046871E7
1193    20080415	2.0048880933333334E7
1193    20080425	2.00508884E7
1193    20080711	2.0052905333333332E7
1193    20080810	2.00549184E7
1193    20080812	2.00569152E7
1193    20081130	2.00586059E7
1193    20081210	2.00602955E7
1193    20090314	2.0061965666666668E7
1193    20090414	2.00636286E7
1193    20100219	2.0065608966666665E7
1193    20100327	2.0067589766666666E7
1193    20100506	2.0069572266666666E7
1193    20100624	2.0071252266666666E7
1193    20101207	2.00729485E7
1193    20110127	2.00749393E7
1193    20110306	2.0076935633333333E7
1193    20110429	2.00789257E7
1193    20110509	2.00809119E7
1193    20110901	2.0082907833333332E7
1193    20111015	2.0084604E7
1193    20120502	2.0086613966666665E7
1193    20120609	2.0088623933333334E7
1193    20120622	2.0090630966666665E7
1193    20120719	2.0092641E7
1193    20121111	2.00946605E7
1193    20121123	2.0096670833333332E7
1193    20130218	2.0098974366666667E7
1193    20130424	2.01012816E7
1193    20140826	2.01036324E7
1193    20141116	2.0105989366666667E7
1193    20141206	2.0108015733333334E7
1193    20150105	2.01103384E7
1193    20150304	2.0112658166666668E7
1193    20150609	2.01149848E7
1193    20150713	2.0117314833333332E7
1193    20150714	2.01196343E7
1193    20150715	2.0121951133333333E7
1193    20150720	2.0123964666666668E7
1193    20150823	2.01259783E7
1193    20150926	2.0127668533333335E7
1193    20151123	2.0129361733333334E7
1193    20151124	2.0131049E7
1193    20151205	2.0132735033333335E7
1193    20160410	2.0134708466666665E7
1193    20160508	2.0136387833333332E7
1193    20160516	2.01380615E7
1193    20160626	2.0139734733333334E7
1193    20160717	2.0141408333333332E7
1193    20160728	2.0143069233333334E7
1193    20160816	2.0144729266666666E7
1193    20160830	2.0146073533333335E7
