1196    19991023	1.9978457766666666E7
1196    19991111	1.9979457333333332E7
1196    19991115	1.9980453966666665E7
1196    19991116	1.99814502E7
1196    19991123	3.99650006E7
1196    19991211	3.9967800666666664E7
1196    19991212	1.99849433E7
1196    19991213	3.9971942766666666E7
1196    19991216	1.99869832E7
1196    19991228	1.9987653466666665E7
1196    19991229	1.9988014366666667E7
1196    20000103	1.9988670566666666E7
1196    20000131	1.9989321166666668E7
1196    20000205	1.9989974133333333E7
1196    20000219	1.9990624166666668E7
1196    20000318	1.99912743E7
1196    20000401	1.9991923966666665E7
1196    20000406	1.9992570766666666E7
1196    20000425	1.9993218033333335E7
1196    20000504	1.99938612E7
1196    20000509	1.99941873E7
1196    20000602	1.9994507266666666E7
1196    20000603	1.9994827233333334E7
1196    20000731	1.9995151333333332E7
1196    20000803	1.9995477833333332E7
1196    20000811	1.9995804466666665E7
1196    20001010	1.99961375E7
1196    20001108	1.9996473666666668E7
1196    20001118	1.9996807233333334E7
1196    20001119	1.99971407E7
1196    20001120	1.9997474166666668E7
1196    20001127	1.9997807633333333E7
1196    20001128	3.9996612833333336E7
1196    20001207	1.99988049E7
1196    20001209	1.9999138133333333E7
1196    20001221	1.9999471733333334E7
1196    20001228	1.9999805566666666E7
1196    20010101	2.0000435066666666E7
1196    20010122	2.0001064866666667E7
1196    20010130	2.00016949E7
1196    20010204	2.00020316E7
1196    20010225	2.0002368066666666E7
1196    20010717	2.0002718466666665E7
1196    20010813	2.00030716E7
1196    20010815	2.00034215E7
1196    20011015	2.00037753E7
1196    20011019	2.0004129066666666E7
1196    20011110	2.0004485233333334E7
1196    20011216	2.00048423E7
1196    20020201	2.00054987E7
1196    20020203	2.0006152066666666E7
1196    20020418	2.0006812566666666E7
1196    20020624	2.0007475666666668E7
1196    20020922	2.00081463E7
1196    20021228	2.0008826866666667E7
1196    20030207	2.00098001E7
1196    20030224	2.0010770633333333E7
1196    20030306	2.0011743566666666E7
1196    20030409	2.00127199E7
1196    20030513	2.0013699666666668E7
1196    20030517	2.0014679333333332E7
1196    20030929	2.00156727E7
1196    20031022	2.0016669166666668E7
1196    20031230	2.0017669933333334E7
1196    20040204	2.0018969766666666E7
1196    20040301	2.0020272433333334E7
1196    20040728	2.00215891E7
1196    20040830	2.00226134E7
1196    20040903	2.0023639433333334E7
1196    20040921	2.00246658E7
1196    20040929	2.0025689966666665E7
1196    20041010	2.0026716133333333E7
1196    20041014	2.0027726033333335E7
1196    20041110	2.0028735933333334E7
1196    20041122	2.0029746166666668E7
1196    20041202	2.00307524E7
1196    20050127	2.0032056E7
1196    20050207	2.0033359233333334E7
1196    20050211	2.0034659066666666E7
1196    20050304	2.00356625E7
1196    20050310	2.0036666066666666E7
1196    20050321	2.0037662833333332E7
1196    20050322	4.007828553333333E7
1196    20050401	2.00406052E7
1196    20050403	2.00412784E7
1196    20050412	2.0041951333333332E7
1196    20050423	2.00426219E7
1196    20050426	2.0043289133333333E7
1196    20050723	2.00439628E7
1196    20051006	2.0044645766666666E7
1196    20051023	2.0045315566666666E7
1196    20051110	2.0045985166666668E7
1196    20060116	2.0046948033333335E7
1196    20060203	2.0047614666666668E7
1196    20060305	2.0048281466666665E7
1196    20060310	2.00489342E7
1196    20060311	2.0049583566666666E7
1196    20060322	2.0050230866666667E7
1196    20060418	2.0050880766666666E7
1196    20060518	2.0051533733333334E7
1196    20060526	2.0052184266666666E7
1196    20060719	2.00528411E7
1196    20060801	2.0053497466666665E7
1196    20061004	2.00541602E7
1196    20061022	2.0054820866666667E7
1196    20061108	2.00551869E7
1196    20061109	2.00555503E7
1196    20061207	2.0055916833333332E7
1196    20061229	2.0056281E7
1196    20070228	2.0056944933333334E7
1196    20070627	2.00576218E7
1196    20070703	2.0058301166666668E7
1196    20080205	2.0059297266666666E7
1196    20080209	2.0060290866666667E7
1196    20080412	2.0061291166666668E7
1196    20080618	2.0062298033333335E7
1196    20080623	2.00633047E7
1196    20080628	2.0064311433333334E7
1196    20080711	2.0065311033333335E7
1196    20080904	2.0066307633333333E7
1196    20081030	2.0067307866666667E7
1196    20081128	2.0068308466666665E7
1196    20090124	2.0069308733333334E7
1196    20090402	2.0070315366666667E7
1196    20090413	2.0071318966666665E7
1196    20090414	2.0072322433333334E7
1196    20091013	2.0073345833333332E7
1196    20091020	2.00743691E7
1196    20100327	2.00756994E7
1196    20100506	2.0077032333333332E7
1196    20100516	2.0078365333333332E7
1196    20100807	2.00797016E7
1196    20101205	2.00810484E7
1196    20101215	2.0082388766666666E7
1196    20110127	2.00840256E7
1196    20110222	2.0085662733333334E7
1196    20110306	2.0087302633333333E7
1196    20110429	2.0088943366666667E7
1196    20110901	2.00905991E7
1196    20120221	2.0092265533333335E7
1196    20120502	2.0093928033333335E7
1196    20120622	2.0095592E7
1196    20120626	2.0096939366666667E7
1196    20120719	2.00982897E7
1196    20120731	2.0099633666666668E7
1196    20121111	2.0100983433333334E7
1196    20121203	2.01023361E7
1196    20130205	2.0103988666666668E7
1196    20130218	2.01056389E7
1196    20130601	2.0107295466666665E7
1196    20130629	2.0108948766666666E7
1196    20130907	2.0110608066666666E7
1196    20140126	2.01122748E7
1196    20140721	2.01139521E7
1196    20141206	2.01156452E7
1196    20141219	2.01173387E7
1196    20150105	2.0119308433333334E7
1196    20150203	2.01212812E7
1196    20150217	2.01229442E7
1196    20150330	2.0124605E7
1196    20150424	2.01262686E7
1196    20150522	2.0127925766666666E7
1196    20150523	2.01295697E7
1196    20150701	2.0131219233333334E7
1196    20150711	2.0132572033333335E7
1196    20150715	2.01339218E7
1196    20150719	2.01352689E7
1196    20150720	2.0136611933333334E7
1196    20150913	2.0137945666666668E7
1196    20150927	2.01389692E7
1196    20151013	2.0139986233333334E7
1196    20151104	4.028302053333333E7
1196    20151110	2.0143031266666666E7
1196    20151111	2.0144043933333334E7
1196    20151119	2.01450442E7
1196    20151121	2.0146041466666665E7
1196    20151129	2.0146738933333334E7
1196    20151205	2.01474385E7
1196    20151212	2.0148125533333335E7
1196    20151226	2.01488121E7
1196    20160215	2.0149789033333335E7
1196    20160410	2.0150465166666668E7
1196    20160416	2.0151121666666668E7
1196    20160427	2.0151762366666667E7
1196    20160507	2.01524053E7
1196    20160511	2.0152752166666668E7
1196    20160516	2.0153095933333334E7
1196    20160524	2.01534395E7
1196    20160608	2.01537821E7
1196    20160626	4.030858113333333E7
1196    20160721	2.01547989E7
1196    20160723	2.0155132966666665E7
1196    20160801	2.01554693E7
1196    20160804	2.01558056E7
1196    20160816	2.0156142166666668E7
1196    20160907	2.0156481733333334E7
1196    20161006	2.0156818166666668E7
1196    20161014	2.01571544E7
