1197    19991229	1.9983561233333334E7
1197    19991230	1.9984561266666666E7
1197    20000117	1.9985561133333333E7
1197    20000131	1.9986558666666668E7
1197    20000205	1.99875516E7
1197    20000316	1.9988541366666667E7
1197    20000402	1.9989531166666668E7
1197    20000406	1.9990507566666666E7
1197    20000410	1.9991184533333335E7
1197    20000425	1.9991851466666665E7
1197    20000504	1.99925144E7
1197    20000513	1.9993174233333334E7
1197    20000731	1.99938318E7
1197    20000802	1.9994491633333333E7
1197    20000811	1.9995144866666667E7
1197    20001010	1.9995487666666668E7
1197    20001117	1.99958248E7
1197    20001120	1.9996162E7
1197    20001121	1.9996499233333334E7
1197    20001127	1.99968364E7
1197    20001206	1.99971761E7
1197    20001208	1.9997515733333334E7
1197    20001228	1.99978559E7
1197    20010101	1.9998488733333334E7
1197    20010114	1.9999121766666666E7
1197    20010606	1.9999768266666666E7
1197    20010717	2.0000418433333334E7
1197    20010720	2.0001068666666668E7
1197    20011012	2.0001728533333335E7
1197    20011015	2.0002388466666665E7
1197    20011019	2.0003048133333333E7
1197    20011216	2.0003714333333332E7
1197    20020201	2.00043838E7
1197    20020922	2.0005076833333332E7
1197    20021203	2.0005776766666666E7
1197    20021218	2.00064735E7
1197    20030207	2.0007467E7
1197    20030307	2.00084637E7
1197    20030406	2.0009463566666666E7
1197    20030409	2.0010463033333335E7
1197    20030513	2.0011463333333332E7
1197    20030926	2.00124771E7
1197    20030929	2.00134837E7
1197    20031230	2.0014497966666665E7
1197    20040301	2.00158143E7
1197    20040726	2.0017138166666668E7
1197    20040921	2.0018464966666665E7
1197    20040929	2.0019791933333334E7
1197    20041010	2.0021121566666666E7
1197    20041014	2.0022451133333333E7
1197    20041031	2.0023778633333333E7
1197    20050127	2.0025409266666666E7
1197    20050129	2.00270393E7
1197    20050207	2.0028376166666668E7
1197    20050317	2.0029716266666666E7
1197    20050321	2.00310401E7
1197    20050322	4.00660406E7
1197    20050403	2.0034993366666667E7
1197    20050518	2.0036310133333333E7
1197    20050723	2.00376336E7
1197    20051006	2.0038959933333334E7
1197    20060203	2.0040293333333332E7
1197    20060215	2.00416031E7
1197    20060219	2.0042903633333333E7
1197    20060305	2.0044206533333335E7
1197    20060327	2.0045210533333335E7
1197    20060418	2.0046214233333334E7
1197    20060518	2.0047217966666665E7
1197    20060526	2.0048221866666667E7
1197    20060801	2.0049231466666665E7
1197    20060814	2.0050227733333334E7
1197    20060821	2.0051224133333333E7
1197    20061109	4.01051338E7
1197    20061207	2.00535964E7
1197    20061208	2.0054272633333333E7
1197    20061223	2.00549491E7
1197    20061229	2.0055623066666666E7
1197    20070228	2.0056596866666667E7
1197    20070703	2.0057585933333334E7
1197    20071110	2.0058285366666667E7
1197    20080205	2.00592879E7
1197    20080618	2.00603016E7
1197    20080711	2.0061314733333334E7
1197    20080714	2.0062327833333332E7
1197    20080810	2.00633441E7
1197    20080814	2.00643605E7
1197    20081129	2.00653847E7
1197    20081130	2.00664051E7
1197    20081210	2.0067421333333332E7
1197    20090209	2.00687281E7
1197    20090414	2.0069735133333333E7
1197    20090609	2.0070748266666666E7
1197    20091014	2.0071774766666666E7
1197    20100510	2.0073114933333334E7
1197    20100610	2.00744577E7
1197    20100807	2.0075804E7
1197    20110127	2.0077457633333333E7
1197    20110222	2.0079114166666668E7
1197    20110228	2.0080761733333334E7
1197    20110429	2.0082415566666666E7
1197    20110509	2.0084071833333332E7
1197    20110603	2.0085721633333333E7
1197    20110901	2.0087381366666667E7
1197    20120520	2.0089358466666665E7
1197    20120719	2.0091342166666668E7
1197    20121123	2.0093338833333332E7
1197    20130218	2.0095638466666665E7
1197    20130304	2.0097641E7
1197    20130601	2.00996376E7
1197    20130620	2.0101621266666666E7
1197    20140421	2.0103628466666665E7
1197    20141012	2.01056416E7
1197    20150105	2.0107954733333334E7
1197    20150203	2.0110271033333335E7
1197    20150224	2.0112584833333332E7
1197    20150711	2.0114914733333334E7
1197    20150714	2.0117234233333334E7
1197    20150720	2.01195539E7
1197    20150913	2.0121877333333332E7
1197    20150919	2.0123901E7
1197    20151205	2.0125927366666667E7
1197    20151230	2.0127948066666666E7
1197    20160115	2.0130251433333334E7
1197    20160330	2.0132245433333334E7
1197    20160410	2.0134238766666666E7
1197    20160507	2.0136228766666666E7
1197    20160524	2.0137908666666668E7
1197    20160626	6.04237995E7
1197    20160721	2.01446157E7
1197    20160801	2.0146288966666665E7
