1198    19991211	1.9979458E7
1198    19991212	1.9980460933333334E7
1198    19991213	1.9981460833333332E7
1198    19991215	1.9982460366666667E7
1198    19991216	1.9983163933333334E7
1198    19991229	1.9983867533333335E7
1198    20000103	1.9984866933333334E7
1198    20000122	1.9985864166666668E7
1198    20000205	1.99868574E7
1198    20000214	1.9987850633333333E7
1198    20000305	1.9988840033333335E7
1198    20000406	1.9989829966666665E7
1198    20000424	1.9990806966666665E7
1198    20000425	1.99914811E7
1198    20000504	1.9992150666666668E7
1198    20000602	1.9992816966666665E7
1198    20000603	3.9987619233333334E7
1198    20000731	3.99902446E7
1198    20000803	1.9995783566666666E7
1198    20000805	1.99961103E7
1198    20001016	1.9996443933333334E7
1198    20001108	1.99967805E7
1198    20001117	1.99971173E7
1198    20001118	1.9997454066666666E7
1198    20001120	3.9995915E7
1198    20001127	1.99984577E7
1198    20001128	1.99987912E7
1198    20001206	1.9999124366666667E7
1198    20001209	1.99994576E7
1198    20001221	1.99997912E7
1198    20001228	2.0000124966666665E7
1198    20010101	2.0000754466666665E7
1198    20010204	2.0001386966666665E7
1198    20010717	2.0001740766666666E7
1198    20010815	2.00020972E7
1198    20011015	2.0002457533333335E7
1198    20011016	2.00028176E7
1198    20011216	2.00031813E7
1198    20020201	2.0003841133333333E7
1198    20020414	2.0004507466666665E7
1198    20020418	2.00051739E7
1198    20020908	2.0005854033333335E7
1198    20020922	2.0006531366666667E7
1198    20030207	2.0007518166666668E7
1198    20030319	2.00085087E7
1198    20030409	2.0009497966666665E7
1198    20030513	2.00104907E7
1198    20030610	2.0011484266666666E7
1198    20030827	2.0012485E7
1198    20030929	2.00134821E7
1198    20031114	2.00144823E7
1198    20031204	2.00154852E7
1198    20031230	2.0016488933333334E7
1198    20040216	2.0017792133333333E7
1198    20040312	2.0019098533333335E7
1198    20040526	2.0020411833333332E7
1198    20040726	2.0021731766666666E7
1198    20040903	2.0023055E7
1198    20040921	2.0024378733333334E7
1198    20041010	2.0025705033333335E7
1198    20041013	2.00270312E7
1198    20041110	2.0028064833333332E7
1198    20041202	2.00290981E7
1198    20050110	2.00304112E7
1198    20050128	2.0031721633333333E7
1198    20050207	2.0033028033333335E7
1198    20050210	2.00343345E7
1198    20050304	2.0035637433333334E7
1198    20050309	2.0036641033333335E7
1198    20050320	2.00376379E7
1198    20050321	2.0038634666666668E7
1198    20050322	1.0020600446666667E8
1198    20050401	2.00432591E7
1198    20050405	2.0043918933333334E7
1198    20050412	2.0044571766666666E7
1198    20050416	2.0045221333333332E7
1198    20050423	2.0045864966666665E7
1198    20050426	2.00465057E7
1198    20050831	2.0047159066666666E7
1198    20051006	2.0047518733333334E7
1198    20051023	2.0047875766666666E7
1198    20051110	2.0048228566666666E7
1198    20060203	2.00488778E7
1198    20060305	2.0049524533333335E7
1198    20060310	2.0050170833333332E7
1198    20060418	2.0050817766666666E7
1198    20060517	2.00514679E7
1198    20060518	2.0052114833333332E7
1198    20060526	2.0052758966666665E7
1198    20060724	2.0053112766666666E7
1198    20060801	2.0053468533333335E7
1198    20061109	4.0108027166666664E7
1198    20061207	2.0054558666666668E7
1198    20061208	2.0054921966666665E7
1198    20061229	2.00552856E7
1198    20070228	2.0055949166666668E7
1198    20070703	2.0056628533333335E7
1198    20080205	2.0057624633333333E7
1198    20080209	2.0058620866666667E7
1198    20080415	2.0059623966666665E7
1198    20080701	2.00606366E7
1198    20080711	2.0061646933333334E7
1198    20080810	2.0062660433333334E7
1198    20080812	2.0063673766666666E7
1198    20081128	2.00646975E7
1198    20090124	2.0066020866666667E7
1198    20090402	2.00673534E7
1198    20090413	2.00686728E7
1198    20090422	2.0069986666666668E7
1198    20090609	2.00713062E7
1198    20090612	2.0072622933333334E7
1198    20091014	2.0073649966666665E7
1198    20091020	2.00746738E7
1198    20100126	2.0076001E7
1198    20100807	2.00773473E7
1198    20101205	2.0078703566666666E7
1198    20101207	2.0080059866666667E7
1198    20101215	2.0081416166666668E7
1198    20110127	2.0083062933333334E7
1198    20110212	2.0084709966666665E7
1198    20110306	2.0086349866666667E7
1198    20110429	2.0087993866666667E7
1198    20110509	2.0089637266666666E7
1198    20110901	2.00912937E7
1198    20111015	2.0092953233333334E7
1198    20120221	2.0094619666666668E7
1198    20120502	2.0096279633333333E7
1198    20120609	2.0097626433333334E7
1198    20120622	2.0098973533333335E7
1198    20120626	2.01003139E7
1198    20120719	2.0101647833333332E7
1198    20120731	2.0102981833333332E7
1198    20121127	2.0104325733333334E7
1198    20130205	2.0105972166666668E7
1198    20130218	2.01076085E7
1198    20130404	2.0108951166666668E7
1198    20130601	2.0110291133333333E7
1198    20131212	2.01116511E7
1198    20140202	2.0113310433333334E7
1198    20140823	2.0114984233333334E7
1198    20141116	2.01166677E7
1198    20141206	2.0118340766666666E7
1198    20141219	2.0120014066666666E7
1198    20150105	2.0121680033333335E7
1198    20150203	2.0123326566666666E7
1198    20150217	2.01249603E7
1198    20150330	2.0126597733333334E7
1198    20150424	2.0128238033333335E7
1198    20150501	2.0129583833333332E7
1198    20150522	2.01309275E7
1198    20150523	2.0132268066666666E7
1198    20150608	2.0133607366666667E7
1198    20150611	2.01349441E7
1198    20150711	2.01362711E7
1198    20150713	2.0137594366666667E7
1198    20150715	2.0138610833333332E7
1198    20150719	2.0139618066666666E7
1198    20150720	2.0140621766666666E7
1198    20150913	2.0141631466666665E7
1198    20150927	2.01426415E7
1198    20151013	2.01436513E7
1198    20151103	2.01446637E7
1198    20151104	2.0145662933333334E7
1198    20151119	2.0146360066666666E7
1198    20151121	2.0147056833333332E7
1198    20151129	2.0147747666666668E7
1198    20151205	4.029753536666667E7
1198    20160123	2.0149764933333334E7
1198    20160216	2.0150411366666667E7
1198    20160330	2.0151051833333332E7
1198    20160410	2.0151691966666665E7
1198    20160416	2.0152331866666667E7
1198    20160507	2.01526786E7
1198    20160511	2.01530222E7
1198    20160608	2.0153368566666666E7
1198    20160626	4.03077636E7
1198    20160721	2.01543925E7
1198    20160801	2.0154735133333333E7
1198    20160816	2.0155078233333334E7
1198    20160907	2.0155421533333335E7
1198    20161006	2.0155768033333335E7
