1199    20040601	1.99963464E7
1199    20040820	1.9999003533333335E7
1199    20050304	2.00016763E7
1199    20050322	2.0004349666666668E7
1199    20050323	2.0007020266666666E7
1199    20050530	2.00096907E7
1199    20050923	2.0012351E7
1199    20060202	2.00153175E7
1199    20060203	2.0017977533333335E7
1199    20060217	2.0020618033333335E7
1199    20060330	2.0022958933333334E7
1199    20060527	2.0025276266666666E7
1199    20060814	2.0027603033333335E7
1199    20061110	2.0029939266666666E7
1199    20110127	2.0033906466666665E7
1199    20110604	2.0037889166666668E7
1199    20111015	2.0041882033333335E7
1199    20120731	2.00458991E7
1199    20120805	2.0049915066666666E7
1199    20121111	2.0053932033333335E7
1199    20121123	2.00579451E7
1199    20130218	2.0062248366666667E7
1199    20140712	2.0066602066666666E7
1199    20141206	2.00709681E7
1199    20150407	2.0075614366666667E7
1199    20150609	2.0080264333333332E7
1199    20150701	2.0084601E7
1199    20150727	2.0088618333333332E7
1199    20150926	2.0092612066666666E7
1199    20151110	2.0096311933333334E7
1199    20151205	2.0099998733333334E7
1199    20160723	2.01039955E7
1199    20160813	2.0107679133333333E7
