1200    20000118	1.99851652E7
1200    20000206	1.9986464866666667E7
1200    20000219	1.9987468133333333E7
1200    20000313	1.9988474533333335E7
1200    20000424	1.9989481833333332E7
1200    20000602	3.9981958733333334E7
1200    20000615	1.9992460966666665E7
1200    20000702	1.9993137133333333E7
1200    20000731	1.9993804233333334E7
1200    20000826	1.9994465033333335E7
1200    20001002	1.9995131533333335E7
1200    20001108	1.99957949E7
1200    20001118	1.99961413E7
1200    20001120	1.9996478533333335E7
1200    20001128	1.9996816E7
1200    20001216	1.9997156233333334E7
1200    20010402	1.9997802466666665E7
1200    20010717	1.9998459066666666E7
1200    20010815	1.99991188E7
1200    20020114	2.0000085566666666E7
1200    20020203	2.0001055133333333E7
1200    20020412	2.0002031433333334E7
1200    20020624	2.00030148E7
1200    20020908	2.00040046E7
1200    20021228	2.0005005E7
1200    20030207	2.00063043E7
1200    20030409	2.00076103E7
1200    20030926	2.0008637733333334E7
1200    20031230	2.0009674833333332E7
1200    20040214	2.0011011366666667E7
1200    20040601	2.0012357866666667E7
1200    20040726	2.00137081E7
1200    20040830	2.0015058666666668E7
1200    20041027	2.00164121E7
1200    20050127	2.0018062933333334E7
1200    20050207	2.0019716433333334E7
1200    20050327	2.00213735E7
1200    20050331	2.00230278E7
1200    20050403	2.0024683533333335E7
1200    20050406	2.00263362E7
1200    20050410	2.0027983133333333E7
1200    20050501	2.0029629566666666E7
1200    20050529	2.00312766E7
1200    20051006	2.0032939466666665E7
1200    20051023	2.0034602633333333E7
1200    20051110	2.0036265766666666E7
1200    20051204	2.0037625833333332E7
1200    20060127	2.0039272833333332E7
1200    20060203	2.00409191E7
1200    20060411	2.0042262333333332E7
1200    20060418	2.0043602833333332E7
1200    20060502	2.0044939166666668E7
1200    20060517	2.0046268933333334E7
1200    20060518	2.0047589266666666E7
1200    20060814	2.00489088E7
1200    20061109	2.0049938866666667E7
1200    20061111	2.0050962266666666E7
1200    20070228	2.0052272333333332E7
1200    20071110	2.0053601666666668E7
1200    20081030	2.00549622E7
1200    20081128	2.00563131E7
1200    20090414	2.0057969366666667E7
1200    20090420	2.0059622366666667E7
1200    20091213	2.0061295233333334E7
1200    20100430	2.0062972E7
1200    20100516	2.0064648966666665E7
1200    20101205	2.00663449E7
1200    20101215	2.0068041033333335E7
1200    20110127	2.0070031833333332E7
1200    20110307	2.0072028533333335E7
1200    20110725	2.0074039033333335E7
1200    20110901	2.0076052366666667E7
1200    20120502	2.00783848E7
1200    20120731	2.0080708966666665E7
1200    20130218	2.00833488E7
1200    20130404	2.0085991933333334E7
1200    20140823	2.0088979233333334E7
1200    20141206	2.0091681866666667E7
1200    20150203	2.0094681866666667E7
1200    20150330	2.0097679166666668E7
1200    20150701	2.01006886E7
1200    20151110	2.0103708866666667E7
1200    20151111	2.0106728666666668E7
1200    20151119	2.01097487E7
1200    20151121	2.0112758933333334E7
1200    20151129	2.01157596E7
1200    20151205	2.0118762733333334E7
1200    20151230	2.01214628E7
1200    20160115	2.0124429633333333E7
1200    20160410	2.0127075633333333E7
1200    20160427	2.0129718933333334E7
1200    20160507	2.0132055366666667E7
1200    20160522	2.01343921E7
1200    20160608	2.0136705266666666E7
1200    20160907	2.0138721166666668E7
