1201    20080711	2.0020310166666668E7
1201    20080810	2.0024296633333333E7
1201    20090124	2.0028296733333334E7
1201    20090413	2.0032303666666668E7
1201    20100327	2.0036627133333333E7
1201    20110429	2.0040954466666665E7
1201    20110604	2.0045267633333333E7
1201    20120719	2.00495844E7
1201    20120819	2.0053601333333332E7
1201    20120925	2.0057618633333333E7
1201    20121113	2.0061638933333334E7
1201    20121203	2.0065662033333335E7
1201    20140202	2.0070315333333332E7
1201    20140205	2.00749519E7
1201    20140823	2.00796084E7
1201    20141206	2.00836419E7
1201    20150203	2.0087968066666666E7
1201    20150715	2.0092294966666665E7
1201    20150823	2.00963155E7
1201    20151111	2.0100325233333334E7
1201    20151123	2.0103998366666667E7
1201    20151205	2.0107361133333333E7
1201    20151212	2.0110697866666667E7
1201    20160410	2.0114338066666666E7
1201    20160516	2.0117681833333332E7
1201    20160626	2.01210253E7
1201    20160719	2.0124365066666666E7
1201    20160816	2.0127698033333335E7
