1203    20010815	1.9992706666666668E7
1203    20011016	1.9994366666666668E7
1203    20020117	1.99960332E7
1203    20020201	1.9997702533333335E7
1203    20020330	1.9999373366666667E7
1203    20020731	2.00010508E7
1203    20030610	2.0003034E7
1203    20040808	2.0005054233333334E7
1203    20050320	2.00073777E7
1203    20050321	2.0009364166666668E7
1203    20050727	2.0011354966666665E7
1203    20050820	2.00133456E7
1203    20051004	2.0015338633333333E7
1203    20060518	2.00176488E7
1203    20060526	2.00199587E7
1203    20070511	2.00222955E7
1203    20080415	2.0024961866666667E7
1203    20080816	2.0027641566666666E7
1203    20081108	2.0030328333333332E7
1203    20081130	2.0033012166666668E7
1203    20091013	2.0036019166666668E7
1203    20091201	2.00390324E7
1203    20100506	2.0042348933333334E7
1203    20110127	2.0045982566666666E7
1203    20110212	2.0049619E7
1203    20110630	2.00532691E7
1203    20110901	2.00566284E7
1203    20120622	2.00603024E7
1203    20120719	2.00639762E7
1203    20120724	2.0067649966666665E7
1203    20121113	2.0071326566666666E7
1203    20130601	2.0075312733333334E7
1203    20130927	2.00790064E7
1203    20140421	2.0083013733333334E7
1203    20140607	2.0087022966666665E7
1203    20141206	2.00910388E7
1203    20150709	2.00950421E7
1203    20150823	2.0098709266666666E7
1203    20151111	2.0102068966666665E7
1203    20151119	2.01054289E7
1203    20160330	2.0109082333333332E7
1203    20160410	2.0112735333333332E7
1203    20160719	2.01163925E7
1203    20160728	2.0119732833333332E7
1203    20160816	2.0123075833333332E7
