1204    20040216	1.9999058633333333E7
1204    20040301	2.00016948E7
1204    20050211	2.0004364466666665E7
1204    20050317	2.0007034866666667E7
1204    20050321	2.0009691466666665E7
1204    20050416	2.0012025266666666E7
1204    20050426	2.0014352266666666E7
1204    20050603	2.0016678566666666E7
1204    20050723	2.0018995766666666E7
1204    20060203	2.00213049E7
1204    20060526	2.0023622333333332E7
1204    20061207	2.0025955466666665E7
1204    20061226	2.00282887E7
1204    20070703	2.0030631933333334E7
1204    20080816	2.0033311666666668E7
1204    20090402	2.00363109E7
1204    20091014	2.00393246E7
1204    20100327	2.00426319E7
1204    20110127	2.0046265433333334E7
1204    20120622	2.00502486E7
1204    20151205	2.0055247833333332E7
1204    20160410	2.0060257866666667E7
