1206    20001127	1.9991638966666665E7
1206    20010101	1.9992971633333333E7
1206    20010102	1.9994304333333332E7
1206    20010717	1.9995654733333334E7
1206    20010803	1.9997000933333334E7
1206    20010815	1.99980214E7
1206    20010903	1.99990381E7
1206    20011019	2.00000515E7
1206    20011110	2.0000751733333334E7
1206    20020908	2.00017578E7
1206    20021014	2.0002758166666668E7
1206    20021228	2.0003765633333333E7
1206    20030303	2.0005075533333335E7
1206    20030717	2.0006396066666666E7
1206    20030913	2.0007722766666666E7
1206    20031022	2.0009052733333334E7
1206    20040726	2.0010703166666668E7
1206    20040830	2.001206E7
1206    20040903	2.0013416566666666E7
1206    20040929	2.0014773566666666E7
1206    20041115	2.00161339E7
1206    20050127	2.0017794366666667E7
1206    20050304	2.0019457E7
1206    20050317	2.0021114133333333E7
1206    20050923	2.0022788133333333E7
1206    20051023	2.0024464533333335E7
1206    20060128	2.0026441966666665E7
1206    20060130	2.0028416166666668E7
1206    20060203	2.0030386E7
1206    20060305	2.0032358833333332E7
1206    20060526	2.00343388E7
1206    20060606	2.00360223E7
1206    20060814	2.00377127E7
1206    20061108	2.00393924E7
1206    20061207	2.0041072533333335E7
1206    20070511	2.00430624E7
1206    20080205	2.0045372466666665E7
1206    20080810	2.0047698833333332E7
1206    20080812	2.0050022233333334E7
1206    20090208	2.0052332233333334E7
1206    20090313	2.00546422E7
1206    20090413	2.0056948366666667E7
1206    20091023	2.0058972366666667E7
1206    20100413	2.0061295566666666E7
1206    20100512	2.0063615533333335E7
1206    20100610	2.0065935133333333E7
1206    20100807	2.0067937833333332E7
1206    20100829	2.00699378E7
1206    20101205	2.0071947866666667E7
1206    20110307	2.0074260466666665E7
1206    20110429	2.0076570933333334E7
1206    20110604	2.0078586833333332E7
1206    20110624	2.00805975E7
1206    20110901	2.0082616966666665E7
1206    20110919	2.0084616833333332E7
1206    20111015	2.0086616566666666E7
1206    20120122	2.0088616366666667E7
1206    20120502	2.0090628766666666E7
1206    20120609	2.00926423E7
1206    20120731	2.00946565E7
1206    20120805	2.00966658E7
1206    20121111	2.0098682633333333E7
1206    20121123	2.0100692933333334E7
1206    20130127	2.0102993566666666E7
1206    20130218	2.0105293933333334E7
1206    20130404	2.0107290366666667E7
1206    20130902	2.0108980266666666E7
1206    20140202	2.011096E7
1206    20140524	2.01129504E7
1206    20140702	2.0114633533333335E7
1206    20140826	2.01163173E7
1206    20141206	2.01180104E7
1206    20150219	2.01199836E7
1206    20150224	2.0121643966666665E7
1206    20150610	2.01233139E7
1206    20150701	2.01249836E7
1206    20150713	2.0126647133333333E7
1206    20150715	2.012831E7
1206    20150823	2.0129963933333334E7
1206    20150926	2.01313179E7
1206    20151110	2.0132673933333334E7
1206    20151112	2.01340242E7
1206    20151119	2.0135374033333335E7
1206    20151123	2.0136714766666666E7
1206    20151205	2.0138057633333333E7
1206    20151212	2.0139397533333335E7
1206    20160214	2.0140733933333334E7
1206    20160215	2.01420577E7
1206    20160427	2.0143384966666665E7
1206    20160626	2.01447148E7
1206    20160717	2.01460452E7
1206    20160816	2.01473687E7
