1207    20011012	1.9992088666666668E7
1207    20011111	1.9993455E7
1207    20020117	1.9995118733333334E7
1207    20020201	1.99967785E7
1207    20021228	1.99984625E7
1207    20030204	2.0000432166666668E7
1207    20030216	2.0002099333333332E7
1207    20030409	2.0003766233333334E7
1207    20030513	2.00054361E7
1207    20030819	2.0007089766666666E7
1207    20030827	2.00084197E7
1207    20040728	2.00100769E7
1207    20040921	2.0011737133333333E7
1207    20040929	2.0013394333333332E7
1207    20041119	2.0015057333333332E7
1207    20050207	2.0016727333333332E7
1207    20050317	2.0018391E7
1207    20050410	2.00200572E7
1207    20050416	2.0021723566666666E7
1207    20051004	2.0023406866666667E7
1207    20060216	2.0025393966666665E7
1207    20060322	2.00273843E7
1207    20060518	2.00293772E7
1207    20060526	2.00313578E7
1207    20061207	2.00333607E7
1207    20061226	2.00353642E7
1207    20070301	2.003767E7
1207    20070512	2.0039982733333334E7
1207    20070703	2.00422987E7
1207    20080618	2.0044628566666666E7
1207    20080711	2.0046951866666667E7
1207    20080727	2.00492724E7
1207    20080810	2.00512955E7
1207    20081014	2.00533226E7
1207    20081210	2.0055322E7
1207    20090414	2.0057329E7
1207    20100624	2.0059675933333334E7
1207    20110127	2.00623332E7
1207    20110212	2.0064989833333332E7
1207    20120611	2.00679829E7
1207    20120622	2.0070976066666666E7
1207    20130601	2.0073971833333332E7
1207    20130927	2.0076972033333335E7
1207    20141116	2.00803116E7
1207    20150203	2.0083947733333334E7
1207    20151002	2.0087307566666666E7
1207    20151119	2.0090667633333333E7
1207    20151212	2.00940277E7
1207    20160410	2.0097694166666668E7
1207    20160416	2.0101341233333334E7
1207    20160626	2.0104688233333334E7
