1208    20001120	1.99903947E7
1208    20001121	1.9991724866666667E7
1208    20001125	1.9992758333333332E7
1208    20001127	1.9993791866666667E7
1208    20001225	1.9994825866666667E7
1208    20001228	1.99958529E7
1208    20010225	1.99968537E7
1208    20010402	1.99978537E7
1208    20010815	1.99988473E7
1208    20011012	1.99995235E7
1208    20011228	2.0000197666666668E7
1208    20020117	2.0001168033333335E7
1208    20020908	2.0002164733333334E7
1208    20021107	2.0003164933333334E7
1208    20030412	2.0004471633333333E7
1208    20030415	2.0005778366666667E7
1208    20030717	2.0007095166666668E7
1208    20030729	2.0008411833333332E7
1208    20031114	2.0009442133333333E7
1208    20040511	2.0010782233333334E7
1208    20040526	2.0012119566666666E7
1208    20040728	2.0013463033333335E7
1208    20040929	2.0014813166666668E7
1208    20041128	2.0016164033333335E7
1208    20050129	2.00178149E7
1208    20050207	2.0019468366666667E7
1208    20050304	2.00211208E7
1208    20050320	2.0022768E7
1208    20050322	2.0024411966666665E7
1208    20050327	2.00260526E7
1208    20050401	2.00276953E7
1208    20050426	2.00293388E7
1208    20050904	2.00309981E7
1208    20051023	2.00326613E7
1208    20051110	2.0034324133333333E7
1208    20060130	2.0036287533333335E7
1208    20060203	2.0037953466666665E7
1208    20060310	2.0039617066666666E7
1208    20060322	2.00412673E7
1208    20060526	2.0042917766666666E7
1208    20060721	2.0044567533333335E7
1208    20060814	2.00459241E7
1208    20060821	2.0047254533333335E7
1208    20060904	2.00485811E7
1208    20061207	2.00496076E7
1208    20061229	2.0050634733333334E7
1208    20070127	2.00519484E7
1208    20070407	2.0053271E7
1208    20070619	2.0054587833333332E7
1208    20070703	2.0055594233333334E7
1208    20070708	2.00566003E7
1208    20080810	2.0057936366666667E7
1208    20080812	2.00592658E7
1208    20081128	2.0060599133333333E7
1208    20090124	2.00619323E7
1208    20090131	2.00632631E7
1208    20090313	2.0064596733333334E7
1208    20091017	2.00659533E7
1208    20100510	2.0067626233333334E7
1208    20100516	2.00692992E7
1208    20100807	2.00709794E7
1208    20101205	2.0072672033333335E7
1208    20110127	2.0074646133333333E7
1208    20110429	2.0076626333333332E7
1208    20110901	2.0078619366666667E7
1208    20111015	2.0080315533333335E7
1208    20120413	2.0082322533333335E7
1208    20120808	2.0084339133333333E7
1208    20130218	2.0086669E7
1208    20130908	2.0089015066666666E7
1208    20140202	2.0091664433333334E7
1208    20150203	2.0094644066666666E7
1208    20150609	2.0097637E7
1208    20150701	2.0100630233333334E7
1208    20150713	2.0103613766666666E7
1208    20150715	2.0106596633333333E7
1208    20150720	2.0109283066666666E7
1208    20151205	2.0111976333333332E7
1208    20160410	2.0114969366666667E7
1208    20160427	2.0117960166666668E7
1208    20160519	2.0120953866666667E7
1208    20160626	2.01236144E7
1208    20160723	2.01262781E7
