1210    19990726	1.9971968433333334E7
1210    19990928	1.99729619E7
1210    19991003	1.99739548E7
1210    19991004	1.99749473E7
1210    19991012	1.9975643666666668E7
1210    19991015	1.9976340133333333E7
1210    19991023	1.9977034066666666E7
1210    19991101	1.997773E7
1210    19991111	1.9978423133333333E7
1210    19991115	1.9979113366666667E7
1210    19991116	1.9979803466666665E7
1210    19991123	3.9961677233333334E7
1210    19991210	3.9964437266666666E7
1210    19991213	1.9983253366666667E7
1210    19991215	1.9983939833333332E7
1210    19991216	1.9984626266666666E7
1210    19991228	1.99853131E7
1210    19991229	1.9985997133333333E7
1210    20000103	1.99869767E7
1210    20000130	3.997686746666667E7
1210    20000205	1.9989886833333332E7
1210    20000207	1.9990853633333333E7
1210    20000209	1.99915239E7
1210    20000313	1.99921943E7
1210    20000318	1.9992858166666668E7
1210    20000326	1.99935023E7
1210    20000406	1.9994142266666666E7
1210    20000424	1.9994465533333335E7
1210    20000425	1.99947821E7
1210    20000504	1.99950988E7
1210    20000731	1.9995423033333335E7
1210    20000802	1.9995749366666667E7
1210    20000811	1.99960759E7
1210    20001118	1.99964124E7
1210    20001120	5.999123986666667E7
1210    20001128	3.999582796666667E7
1210    20001221	1.9998417333333332E7
1210    20001228	1.9998751266666666E7
1210    20010606	1.99993978E7
1210    20010617	2.00000446E7
1210    20010620	2.0000691433333334E7
1210    20010717	2.0001341466666665E7
1210    20010815	2.0001994366666667E7
1210    20011019	2.0002654033333335E7
1210    20011110	2.0003020933333334E7
1210    20011202	2.000339E7
1210    20020114	2.0004056133333333E7
1210    20020201	2.0004722666666668E7
1210    20020310	2.0005392766666666E7
1210    20020316	2.0006063E7
1210    20020418	2.0006733166666668E7
1210    20020419	2.00074032E7
1210    20020624	2.00080798E7
1210    20020820	2.0008760266666666E7
1210    20020908	2.0009443066666666E7
1210    20021203	2.0010135666666668E7
1210    20021227	2.0010826433333334E7
1210    20030207	2.0011808966666665E7
1210    20030224	2.00127897E7
1210    20030303	2.0013772766666666E7
1210    20030307	4.003046436666667E7
1210    20030406	2.0016694833333332E7
1210    20030409	2.0017671133333333E7
1210    20030513	2.0018650633333333E7
1210    20030517	2.0019630266666666E7
1210    20030827	2.0020617133333333E7
1210    20031022	2.0021610266666666E7
1210    20040301	2.00226001E7
1210    20040728	2.00236038E7
1210    20040903	2.0024613233333334E7
1210    20040929	2.00256203E7
1210    20041010	2.00266268E7
1210    20041014	2.0027626633333333E7
1210    20041110	2.0028626633333333E7
1210    20041122	2.0029623966666665E7
1210    20041202	2.00303269E7
1210    20050128	2.0031324466666665E7
1210    20050207	2.0032321033333335E7
1210    20050210	2.00333175E7
1210    20050211	2.00343106E7
1210    20050302	2.00353067E7
1210    20050304	2.0036296033333335E7
1210    20050310	2.0037279033333335E7
1210    20050321	2.0038259466666665E7
1210    20050322	4.007943003333333E7
1210    20050401	2.0040873066666666E7
1210    20050403	2.00415457E7
1210    20050412	2.0042216E7
1210    20050419	2.00428864E7
1210    20050518	2.00435601E7
1210    20050923	2.0044244E7
1210    20051023	2.0044931133333333E7
1210    20051110	2.00456177E7
1210    20060116	2.0046604333333332E7
1210    20060203	2.0047583533333335E7
1210    20060310	2.00485598E7
1210    20060311	2.00492268E7
1210    20060418	2.0049883133333333E7
1210    20060526	2.0050537233333334E7
1210    20060719	2.00511969E7
1210    20060801	2.00518566E7
1210    20060821	2.0052516833333332E7
1210    20061108	2.0053183433333334E7
1210    20061207	2.0053852933333334E7
1210    20061229	2.00545205E7
1210    20070228	2.00551905E7
1210    20070302	2.0055860333333332E7
1210    20070623	2.0056540766666666E7
1210    20070627	2.00572213E7
1210    20070703	2.0057901333333332E7
1210    20071231	2.00585989E7
1210    20080205	2.00595954E7
1210    20080410	2.0060598366666667E7
1210    20080618	2.0061608233333334E7
1210    20080623	2.0062618266666666E7
1210    20080711	2.00636286E7
1210    20080904	2.00646453E7
1210    20081028	2.0065665833333332E7
1210    20081128	2.0066689466666665E7
1210    20081210	2.0067712533333335E7
1210    20090124	2.0069019233333334E7
1210    20090402	2.0070331866666667E7
1210    20090413	2.0071641966666665E7
1210    20090420	2.00726521E7
1210    20091014	2.0073679133333333E7
1210    20091020	2.00747028E7
1210    20100327	2.0076036666666668E7
1210    20100516	2.0077373266666666E7
1210    20100807	2.0078715966666665E7
1210    20101205	2.00800655E7
1210    20101215	2.0081412633333333E7
1210    20110127	2.0083056166666668E7
1210    20110222	2.00846933E7
1210    20110228	2.0086327333333332E7
1210    20110429	2.0087967333333332E7
1210    20110901	2.00893231E7
1210    20120502	2.0090996433333334E7
1210    20120622	2.0092663066666666E7
1210    20120626	2.00943297E7
1210    20120719	2.00959969E7
1210    20120731	2.00976469E7
1210    20121104	2.00990102E7
1210    20121111	2.01003669E7
1210    20130218	2.0102020233333334E7
1210    20140126	2.0104003666666668E7
1210    20140721	2.0106004E7
1210    20150203	2.0108313966666665E7
1210    20150330	2.0110624033333335E7
1210    20150424	2.01129339E7
1210    20150522	2.01152443E7
1210    20150523	2.01172576E7
1210    20150711	2.01192679E7
1210    20150715	2.0121277966666665E7
1210    20150720	2.0123287966666665E7
1210    20150913	2.01252846E7
1210    20150927	2.01272815E7
1210    20151010	2.0128970933333334E7
1210    20151013	2.0130654166666668E7
1210    20151104	2.0132330733333334E7
1210    20151106	2.01339941E7
1210    20151112	2.0135657333333332E7
1210    20151121	2.01370238E7
1210    20151129	2.0138387366666667E7
1210    20151205	2.0139753266666666E7
1210    20151228	2.0141113233333334E7
1210    20160410	2.0142763533333335E7
1210    20160416	2.0144094E7
1210    20160507	2.01454235E7
1210    20160511	2.0146753E7
1210    20160519	2.0148079666666668E7
1210    20160524	2.01494061E7
1210    20160608	2.01507229E7
1210    20160626	4.0305093733333334E7
1210    20160721	2.0153740166666668E7
1210    20160723	2.01544069E7
1210    20160816	2.0154760666666668E7
1210    20160907	2.0155113233333334E7
1210    20161006	2.0155465966666665E7
1210    20161014	2.01558157E7
