1213    20000612	1.99910305E7
1213    20000731	1.9992347666666668E7
1213    20000802	1.9993370366666667E7
1213    20000805	3.9989793666666664E7
1213    20001104	1.9996100066666666E7
1213    20001108	1.99967634E7
1213    20001114	1.9997102933333334E7
1213    20001120	1.9997440166666668E7
1213    20001121	3.999589203333333E7
1213    20001127	1.9998452066666666E7
1213    20001209	1.9998792133333333E7
1213    20001216	1.9999132433333334E7
1213    20001224	1.9999472833333332E7
1213    20010101	2.0000102733333334E7
1213    20010122	2.0000733033333335E7
1213    20010130	2.00013636E7
1213    20010219	2.00019966E7
1213    20010626	2.0002347233333334E7
1213    20010715	2.0002697533333335E7
1213    20010815	2.0003051066666666E7
1213    20011216	2.0003417633333333E7
1213    20020418	2.0004084866666667E7
1213    20030409	2.0005084933333334E7
1213    20031230	2.00061118E7
1213    20040216	2.0007438166666668E7
1213    20040601	2.00087747E7
1213    20040808	2.00101149E7
1213    20040903	2.0011458266666666E7
1213    20040930	2.00128022E7
1213    20050224	2.0014451966666665E7
1213    20050320	2.0016102566666666E7
1213    20050322	2.0017753133333333E7
1213    20050426	2.0019407166666668E7
1213    20050923	2.00210678E7
1213    20060127	2.00230351E7
1213    20060130	2.00250023E7
1213    20060203	2.0026971733333334E7
1213    20060305	2.0028944533333335E7
1213    20060310	2.00309175E7
1213    20060411	2.0032893633333333E7
1213    20060418	2.0034867266666666E7
1213    20060518	2.0036844E7
1213    20060526	4.00793223E7
1213    20060718	2.00421881E7
1213    20060802	2.0043877166666668E7
1213    20061109	2.00455735E7
1213    20061211	2.0047259666666668E7
1213    20061229	2.0048943466666665E7
1213    20070407	2.0050929866666667E7
1213    20070703	2.0052912766666666E7
1213    20080425	2.0054913E7
1213    20080701	2.00565894E7
1213    20080812	2.0058242133333333E7
1213    20081128	2.0059605866666667E7
1213    20090124	2.0061256633333333E7
1213    20100116	2.0063233566666666E7
1213    20100327	2.0065214366666667E7
1213    20100430	2.00671977E7
1213    20100506	2.0068873766666666E7
1213    20100516	2.0070546966666665E7
1213    20100910	2.0072233233333334E7
1213    20101207	2.0073925933333334E7
1213    20110127	2.00758994E7
1213    20110222	2.0077569233333334E7
1213    20110306	2.0079241766666666E7
1213    20110429	2.0080915966666665E7
1213    20110531	2.0082590166666668E7
1213    20110604	2.0084266633333333E7
1213    20110711	2.00859433E7
1213    20110901	2.0087626066666666E7
1213    20120719	2.0089632766666666E7
1213    20120731	2.00916396E7
1213    20120805	2.00936489E7
1213    20121123	2.00956624E7
1213    20130601	2.0097989033333335E7
1213    20140202	2.0100625466666665E7
1213    20140409	2.01032654E7
1213    20140607	2.0105911333333332E7
1213    20140823	2.0108258533333335E7
1213    20141115	2.01106056E7
1213    20141206	2.0112631633333333E7
1213    20150105	2.01149451E7
1213    20150501	2.0117268066666666E7
1213    20150709	2.0119587433333334E7
1213    20150713	2.0121607066666666E7
1213    20150715	2.01232937E7
1213    20150720	2.0124973466666665E7
1213    20150823	2.0126653233333334E7
1213    20151002	2.0128336433333334E7
1213    20151109	2.0130022866666667E7
1213    20151205	2.0131699366666667E7
1213    20160410	2.01336728E7
1213    20160427	2.0135349466666665E7
1213    20160516	2.0137025933333334E7
1213    20160608	2.0138702666666668E7
1213    20160626	2.01403759E7
1213    20160813	2.0142051966666665E7
1213    20160816	2.01437257E7
1213    20161006	2.01454022E7
