1214    20000406	1.9985381433333334E7
1214    20000418	1.9986688166666668E7
1214    20000424	1.9987698266666666E7
1214    20000425	1.99887084E7
1214    20000520	1.99897189E7
1214    20000602	1.9990725066666666E7
1214    20000615	1.99917248E7
1214    20000731	1.9992725566666666E7
1214    20000803	1.99937152E7
1214    20000816	1.9994402366666667E7
1214    20001108	1.9995092066666666E7
1214    20001120	1.9995768933333334E7
1214    20001127	1.99964396E7
1214    20001128	1.9997103633333333E7
1214    20001210	1.99974531E7
1214    20001221	1.99977937E7
1214    20001229	1.9998134533333335E7
1214    20010101	1.9998771033333335E7
1214    20010110	1.9999407266666666E7
1214    20010122	2.0000040966666665E7
1214    20010402	2.00006836E7
1214    20010717	2.0001333733333334E7
1214    20010815	2.0001987066666666E7
1214    20011019	2.0002647166666668E7
1214    20020416	2.00036201E7
1214    20020418	2.0004296766666666E7
1214    20020624	2.00049799E7
1214    20020908	2.000567E7
1214    20021228	2.00063703E7
1214    20030319	2.0007370066666666E7
1214    20030409	2.0008370166666668E7
1214    20030517	2.0009373466666665E7
1214    20040209	2.0010699633333333E7
1214    20040216	2.0012026E7
1214    20040601	2.0013362033333335E7
1214    20040726	2.00146995E7
1214    20040823	2.0016039766666666E7
1214    20040830	2.00173764E7
1214    20041014	2.0018716766666666E7
1214    20041110	2.00200599E7
1214    20050224	2.00216971E7
1214    20050304	2.0023336566666666E7
1214    20050530	2.0024983333333332E7
1214    20050716	2.0026636266666666E7
1214    20050831	2.00282903E7
1214    20051006	2.00299498E7
1214    20051023	2.00316096E7
1214    20051110	2.0032976566666666E7
1214    20060127	2.00346438E7
1214    20060203	2.0036313166666668E7
1214    20060322	2.0037977166666668E7
1214    20060327	2.0039630833333332E7
1214    20060411	2.0041284033333335E7
1214    20060418	2.0042930666666668E7
1214    20060517	2.0044267366666667E7
1214    20060518	2.0045604033333335E7
1214    20060726	2.0046940766666666E7
1214    20060814	2.0048270966666665E7
1214    20060904	2.00495935E7
1214    20061001	2.0050616233333334E7
1214    20061109	2.0051639566666666E7
1214    20061111	2.0052659366666667E7
1214    20061223	2.0053359833333332E7
1214    20070228	2.0054360233333334E7
1214    20070302	2.0055350266666666E7
1214    20080126	2.00566636E7
1214    20081128	2.00580071E7
1214    20090414	2.00596599E7
1214    20090420	2.0061306766666666E7
1214    20091107	2.0062973333333332E7
1214    20100430	2.0064646866666667E7
1214    20100516	2.00663206E7
1214    20100628	2.0067990533333335E7
1214    20101206	2.0069673533333335E7
1214    20101215	2.0071353E7
1214    20110127	2.00733237E7
1214    20110308	2.0075299866666667E7
1214    20110319	2.00772735E7
1214    20110901	2.0078965966666665E7
1214    20111124	2.0080663333333332E7
1214    20120112	2.0082656333333332E7
1214    20120502	2.0084662166666668E7
1214    20120731	2.0086672833333332E7
1214    20130218	2.00889995E7
1214    20130404	2.0091329066666666E7
1214    20140817	2.00940057E7
1214    20140823	2.00966756E7
1214    20141206	2.0099355333333332E7
1214    20150701	2.0102348566666666E7
1214    20150913	2.0105345633333333E7
1214    20151111	2.01083457E7
1214    20151119	2.0111345966666665E7
1214    20151121	2.0114342566666666E7
1214    20151129	2.0117039266666666E7
1214    20160115	2.0120033033333335E7
1214    20160507	2.01227124E7
1214    20160515	2.0125358633333333E7
1214    20160608	2.0127698433333334E7
