1215    20050321	2.0009756766666666E7
1215    20050322	4.00281245E7
1215    20050529	2.00177151E7
1215    20051023	2.0020042233333334E7
1215    20051111	2.0022055033333335E7
1215    20060203	2.0024361033333335E7
1215    20060411	2.0026668033333335E7
1215    20060418	2.0028974766666666E7
1215    20061108	2.0031304066666666E7
1215    20061204	2.0033333666666668E7
1215    20061229	2.0035350266666666E7
1215    20070228	2.00376611E7
1215    20080628	2.0040311766666666E7
1215    20080711	2.00429648E7
1215    20080810	2.0045620866666667E7
1215    20091013	2.0048613933333334E7
1215    20111120	2.00519644E7
1215    20121214	2.0055637566666666E7
1215    20130218	2.0059297633333333E7
1215    20140823	2.0063284133333333E7
1215    20150901	2.0067307266666666E7
1215    20160330	2.0071644633333333E7
