1219    20001120	1.99897204E7
1219    20001121	1.9991050566666666E7
1219    20001127	1.9992380933333334E7
1219    20001210	1.9993417233333334E7
1219    20010219	1.9994751033333335E7
1219    20010813	1.9996097866666667E7
1219    20010815	1.9997421233333334E7
1219    20011016	1.99984412E7
1219    20011111	1.9999457933333334E7
1219    20011228	2.0000134566666666E7
1219    20020416	2.0001115E7
1219    20030409	2.00024284E7
1219    20031230	2.0003769033333335E7
1219    20040218	2.0005406266666666E7
1219    20040726	2.00070597E7
1219    20040823	2.0008713433333334E7
1219    20040903	2.0010369766666666E7
1219    20041012	2.0012029633333333E7
1219    20050110	2.00136964E7
1219    20050127	2.0015362966666665E7
1219    20050304	2.0017032933333334E7
1219    20050320	2.00187033E7
1219    20050416	2.0020376533333335E7
1219    20050904	2.0022062933333334E7
1219    20060130	2.0024053133333333E7
1219    20060216	2.0026046166666668E7
1219    20060330	2.00280371E7
1219    20060526	2.00300278E7
1219    20060801	2.0032026966666665E7
1219    20061204	2.0034030166666668E7
1219    20061207	2.0036033066666666E7
1219    20061208	2.0038035966666665E7
1219    20080805	2.00406919E7
1219    20081005	2.0043351733333334E7
1219    20081128	2.0045715366666667E7
1219    20081210	2.0048061933333334E7
1219    20090414	2.0050715233333334E7
1219    20110127	2.0054018933333334E7
1219    20110604	2.0057335366666667E7
1219    20110901	2.00606578E7
1219    20121123	2.00640147E7
1219    20130218	2.0067341666666668E7
1219    20130927	2.00706649E7
1219    20150609	2.00743446E7
1219    20151123	2.00780245E7
1219    20160410	2.0082010733333334E7
1219    20160507	2.0085997533333335E7
1219    20160722	2.0089987866666667E7
