1220    20000406	1.9985834133333333E7
1220    20000410	1.99871406E7
1220    20000504	1.9988449766666666E7
1220    20000509	1.99894626E7
1220    20000510	1.9990472766666666E7
1220    20000802	1.99914856E7
1220    20000805	1.99924888E7
1220    20001002	1.9993485066666666E7
1220    20001010	1.99941715E7
1220    20001108	1.9994847966666665E7
1220    20001121	1.9995518433333334E7
1220    20001127	1.9996182366666667E7
1220    20001128	1.9996519866666667E7
1220    20010122	1.9997157133333333E7
1220    20010204	1.9997797133333333E7
1220    20010606	1.9998450366666667E7
1220    20011019	1.9999117266666666E7
1220    20011231	1.9999791E7
1220    20020201	2.00007636E7
1220    20020423	2.00017405E7
1220    20030224	2.0003044033333335E7
1220    20031002	2.0004370333333332E7
1220    20031230	2.0005704166666668E7
1220    20040511	2.0007347333333332E7
1220    20040726	2.00089975E7
1220    20040820	2.0010650533333335E7
1220    20040830	2.00120081E7
1220    20041010	2.0013370733333334E7
1220    20041115	2.00147344E7
1220    20041128	2.00160948E7
1220    20050127	2.0017752166666668E7
1220    20050207	2.0019412066666666E7
1220    20050211	2.0021068966666665E7
1220    20050310	2.0022729E7
1220    20050322	2.00243894E7
1220    20050401	2.00260427E7
1220    20050403	2.0027695966666665E7
1220    20050923	2.002936E7
1220    20051006	2.0031026533333335E7
1220    20051023	2.0032690366666667E7
1220    20060411	2.00346667E7
1220    20060418	2.0036643066666666E7
1220    20060813	2.0038632566666666E7
1220    20060904	2.00403253E7
1220    20061108	2.00420221E7
1220    20061229	2.0043709533333335E7
1220    20080704	2.0046032366666667E7
1220    20080714	2.0048348466666665E7
1220    20080810	2.0050368766666666E7
1220    20081030	2.0052389E7
1220    20081110	2.00540852E7
1220    20081129	2.00557561E7
1220    20100327	2.0058059333333332E7
1220    20100406	2.0060055833333332E7
1220    20100807	2.0062058533333335E7
1220    20110307	2.0064374766666666E7
1220    20110901	2.0066710466666665E7
1220    20120622	2.00693642E7
1220    20121127	2.0072031266666666E7
1220    20130218	2.0075000933333334E7
1220    20140202	2.0078003433333334E7
1220    20150105	2.0081333366666667E7
1220    20150720	2.0084683666666668E7
1220    20151205	2.0088046833333332E7
1220    20160719	2.0091726733333334E7
