1221    20000425	1.9988431166666668E7
1221    20000504	1.9989443933333334E7
1221    20000602	1.9990457166666668E7
1221    20000603	1.9991463666666668E7
1221    20000612	1.9992470166666668E7
1221    20000802	1.9993476133333333E7
1221    20000805	1.9994162933333334E7
1221    20001010	1.9994836133333333E7
1221    20001108	1.9995506166666668E7
1221    20001116	1.9996169733333334E7
1221    20001120	3.9993351166666664E7
1221    20001128	1.9997181666666668E7
1221    20001206	1.9997521666666668E7
1221    20001216	1.9997861966666665E7
1221    20001221	1.9998202433333334E7
1221    20010101	1.9998838733333334E7
1221    20010122	1.99994691E7
1221    20010219	2.00001027E7
1221    20010626	2.00007498E7
1221    20010815	2.00014032E7
1221    20011012	2.0002063166666668E7
1221    20011016	2.0002723166666668E7
1221    20011231	2.00033899E7
1221    20020116	2.0004056866666667E7
1221    20020418	2.00047305E7
1221    20020601	2.00054038E7
1221    20020624	2.0006077733333334E7
1221    20021208	2.0006771033333335E7
1221    20021228	2.00074645E7
1221    20030409	2.0008463966666665E7
1221    20031114	2.00094843E7
1221    20040115	2.00108014E7
1221    20040312	2.0012125033333335E7
1221    20040526	2.00134555E7
1221    20040726	2.00147863E7
1221    20041013	2.0016126566666666E7
1221    20050319	2.00177702E7
1221    20050426	2.0019414133333333E7
1221    20050723	2.00210677E7
1221    20050904	2.0022727166666668E7
1221    20050923	2.0024387266666666E7
1221    20051023	2.0026050433333334E7
1221    20060128	2.00280145E7
1221    20060130	2.00299783E7
1221    20060203	2.0031944366666667E7
1221    20060305	2.0033617833333332E7
1221    20060310	2.0035290766666666E7
1221    20060322	2.0036960866666667E7
1221    20060411	2.0038620366666667E7
1221    20060526	4.0082205266666666E7
1221    20060813	2.0043587766666666E7
1221    20061112	2.0045250466666665E7
1221    20061207	2.0046620166666668E7
1221    20061229	2.0047980533333335E7
1221    20070703	2.00496506E7
1221    20080126	2.0051634E7
1221    20080711	2.0053617433333334E7
1221    20080810	2.00556035E7
1221    20081110	2.0057293533333335E7
1221    20081128	2.0058960666666668E7
1221    20090124	2.0060627633333333E7
1221    20091014	2.00623177E7
1221    20100316	2.00643107E7
1221    20100327	2.00662974E7
1221    20100512	2.00682807E7
1221    20100624	2.0069957533333335E7
1221    20110103	2.0071946766666666E7
1221    20110127	2.00739269E7
1221    20110212	2.0075903833333332E7
1221    20110306	2.0077883266666666E7
1221    20110429	2.0079863466666665E7
1221    20110630	4.016477706666667E7
1221    20110711	2.00849138E7
1221    20111015	2.0086604133333333E7
1221    20120719	2.0088617766666666E7
1221    20120724	2.0090631166666668E7
1221    20120731	2.0092641833333332E7
1221    20121123	2.0094661733333334E7
1221    20130404	2.0096991E7
1221    20130601	2.0099317266666666E7
1221    20130629	2.01016345E7
1221    20130927	2.01039585E7
1221    20140114	2.0106588E7
1221    20140115	2.0108901733333334E7
1221    20140202	2.0110904266666666E7
1221    20140909	2.0112910866666667E7
1221    20150226	2.0115224733333334E7
1221    20150501	2.0117537766666666E7
1221    20150609	2.01198538E7
1221    20150713	2.0121873433333334E7
1221    20150715	2.0123863466666665E7
1221    20150720	2.01255436E7
1221    20150823	2.01272268E7
1221    20150913	2.0128906833333332E7
1221    20151002	2.01305861E7
1221    20151111	2.0131953033333335E7
1221    20151119	2.0133319433333334E7
1221    20151205	2.0134685866666667E7
1221    20160410	2.0136356E7
1221    20160427	2.01380226E7
1221    20160516	2.0139685466666665E7
1221    20160721	2.0141355166666668E7
1221    20160729	2.0143022433333334E7
