1222    20020624	1.9994724066666666E7
1222    20020908	1.99967138E7
1222    20030207	1.9998716666666668E7
1222    20030415	2.0000726466666665E7
1222    20030516	2.0002736833333332E7
1222    20031114	2.00047639E7
1222    20040603	2.0007103433333334E7
1222    20040726	2.0009094066666666E7
1222    20040903	2.0010757133333333E7
1222    20050224	2.0012730766666666E7
1222    20050302	2.00147004E7
1222    20050304	2.00166701E7
1222    20050322	4.003925036666667E7
1222    20050327	2.00222842E7
1222    20050403	2.00239574E7
1222    20050603	2.0025630633333333E7
1222    20051006	2.00273167E7
1222    20051023	2.00289974E7
1222    20060116	2.0030981166666668E7
1222    20060127	2.0032961033333335E7
1222    20060130	2.0034928433333334E7
1222    20060203	2.0036897833333332E7
1222    20060224	2.00388677E7
1222    20060517	2.0040548233333334E7
1222    20060525	2.0042205233333334E7
1222    20060526	2.0043862266666666E7
1222    20060705	2.00455187E7
1222    20060814	2.0047171933333334E7
1222    20061108	2.0048528233333334E7
1222    20080305	2.00505176E7
1222    20080424	2.0052501466666665E7
1222    20080810	2.0054188233333334E7
1222    20080812	2.0055868133333333E7
1222    20081128	2.00575552E7
1222    20090125	2.0059522233333334E7
1222    20090413	2.0061182566666666E7
1222    20091014	2.0062858833333332E7
1222    20100807	2.0064855633333333E7
1222    20101127	2.00665524E7
1222    20101205	2.0068249166666668E7
1222    20101207	2.0069945933333334E7
1222    20110127	2.0071939433333334E7
1222    20110306	2.00739389E7
1222    20110429	2.00759423E7
1222    20110604	2.0077949E7
1222    20110901	2.0079958933333334E7
1222    20111124	2.0081962866666667E7
1222    20120120	2.00842661E7
1222    20120501	2.0086278933333334E7
1222    20120525	2.00882922E7
1222    20120731	2.0090312233333334E7
1222    20120805	2.00923323E7
1222    20121214	2.00943653E7
1222    20130218	2.0096688666666668E7
1222    20130926	2.0099035366666667E7
1222    20140202	2.0101691233333334E7
1222    20140910	2.0104364733333334E7
1222    20141116	2.0107041466666665E7
1222    20141206	2.01097114E7
1222    20150609	2.0112054866666667E7
1222    20150701	2.0114397433333334E7
1222    20150714	2.0116727566666666E7
1222    20150715	2.0119057666666668E7
1222    20150726	2.01213776E7
1222    20151112	2.01234105E7
1222    20151123	2.0125434166666668E7
1222    20151205	2.0127440533333335E7
1222    20160115	2.0129417466666665E7
1222    20160427	2.0131394133333333E7
1222    20160519	2.0133371266666666E7
1222    20160608	2.01353513E7
1222    20160626	2.01370346E7
1222    20160717	2.0138714966666665E7
1222    20160816	2.0140394533333335E7
