1225    20000402	1.9985419033333335E7
1225    20000407	1.99867254E7
1225    20000424	1.99880319E7
1225    20000425	1.9989042033333335E7
1225    20000505	1.9990054833333332E7
1225    20000603	3.99831424E7
1225    20000615	1.9993057666666668E7
1225    20000731	1.9993742E7
1225    20000803	1.9994422033333335E7
1225    20001002	1.99951082E7
1225    20001010	1.9995788E7
1225    20001119	1.99964584E7
1225    20001120	1.9996798133333333E7
1225    20001127	1.99971356E7
1225    20001224	1.9997476266666666E7
1225    20010101	1.99981127E7
1225    20010114	1.99987494E7
1225    20010122	1.9999386166666668E7
1225    20010314	2.00000266E7
1225    20010402	2.0000666533333335E7
1225    20011012	2.00013266E7
1225    20011016	2.00019867E7
1225    20011019	2.0002646766666666E7
1225    20011216	2.00033134E7
1225    20020127	2.0004276666666668E7
1225    20020201	2.0004946466666665E7
1225    20020330	2.0005620233333334E7
1225    20020412	2.00062938E7
1225    20021013	2.0006983966666665E7
1225    20030315	2.0007981066666666E7
1225    20030409	2.0008981133333333E7
1225    20031002	2.00100004E7
1225    20031230	2.0011027233333334E7
1225    20040601	2.0012363766666666E7
1225    20040728	2.0013701266666666E7
1225    20041128	2.00150521E7
1225    20050129	2.0016702566666666E7
1225    20050207	2.0018351766666666E7
1225    20050320	2.0020002333333332E7
1225    20050727	2.0021659833333332E7
1225    20051207	2.0023333066666666E7
1225    20060203	2.0025302533333335E7
1225    20060322	2.0027275933333334E7
1225    20060418	2.00292523E7
1225    20060526	2.0031229033333335E7
1225    20060801	2.0032919033333335E7
1225    20060813	2.0034609E7
1225    20061109	2.0036308566666666E7
1225    20061207	2.0038005E7
1225    20080205	2.0040331766666666E7
1225    20080711	2.0042655066666666E7
1225    20081208	2.00449948E7
1225    20081210	2.00473345E7
1225    20090414	2.0049974433333334E7
1225    20091015	2.0052337366666667E7
1225    20100807	2.0055024233333334E7
1225    20110127	2.0058017466666665E7
1225    20110307	2.0061013966666665E7
1225    20110509	2.0063997166666668E7
1225    20110901	2.0066683366666667E7
1225    20120622	2.0069690466666665E7
1225    20121111	2.00726941E7
1225    20130620	2.00760071E7
1225    20130902	2.0079017133333333E7
1225    20140202	2.0082332933333334E7
1225    20141206	2.0085668866666667E7
1225    20150927	2.00890288E7
1225    20151230	2.0092396233333334E7
1225    20160416	2.00960661E7
1225    20160626	2.00997294E7
