1228    20050426	2.0000071733333334E7
1228    20060526	2.0003085233333334E7
1228    20060718	2.0006102333333332E7
1228    20060814	2.0009089233333334E7
1228    20061207	2.0011789433333334E7
1228    20070703	2.0014785733333334E7
1228    20070705	2.0017444966666665E7
1228    20080729	2.00204358E7
1228    20091014	2.0023769366666667E7
1228    20110127	2.0027740033333335E7
1228    20110429	2.0031720733333334E7
1228    20111224	2.00357211E7
1228    20120526	2.0040031533333335E7
1228    20120622	2.0044344633333333E7
1228    20150720	2.0049355066666666E7
1228    20151109	2.00543779E7
1228    20151119	2.0059398366666667E7
1228    20160410	2.00647253E7
1228    20160626	2.00700422E7
1228    20160717	2.00753621E7
1228    20160802	2.00806848E7
