1230    20000731	1.9991340866666667E7
1230    20000802	1.9992363566666666E7
1230    20000805	1.9993383566666666E7
1230    20000823	1.9994373866666667E7
1230    20000903	1.9995363733333334E7
1230    20000904	1.9996053833333332E7
1230    20001114	1.9996744233333334E7
1230    20001116	1.99974342E7
1230    20001120	3.99958851E7
1230    20001125	1.9998448466666665E7
1230    20001127	1.99987858E7
1230    20001208	1.99991256E7
1230    20010122	1.9999762266666666E7
1230    20010402	2.0000405633333333E7
1230    20010410	2.00010456E7
1230    20020201	2.0002011866666667E7
1230    20020203	2.00029782E7
1230    20020811	2.00036685E7
1230    20020921	2.0004358966666665E7
1230    20030204	2.00053556E7
1230    20030319	2.00063527E7
1230    20030717	2.0007363066666666E7
1230    20040128	2.0008686533333335E7
1230    20040808	2.0010032633333333E7
1230    20040930	2.0011380166666668E7
1230    20041027	2.0012730733333334E7
1230    20050207	2.00143842E7
1230    20050304	2.00160409E7
1230    20050328	2.0017698E7
1230    20050923	2.0019371066666666E7
1230    20060526	2.0021361866666667E7
1230    20060813	2.0023362133333333E7
1230    20060821	2.0025362066666666E7
1230    20081208	2.00280389E7
1230    20090313	2.00310192E7
1230    20090609	2.0034002366666667E7
1230    20110127	2.0037636066666666E7
1230    20110604	2.0041285533333335E7
1230    20110901	2.00449449E7
1230    20120622	2.0048928133333333E7
1230    20130620	2.0053244566666666E7
1230    20150609	2.00582246E7
1230    20150701	2.0062910566666666E7
1230    20150714	2.0067587633333333E7
1230    20150715	2.0072264466666665E7
1230    20151119	2.00766284E7
1230    20151212	2.0080995366666667E7
1230    20160524	2.0085652466666665E7
1230    20160804	2.0090315233333334E7
1230    20160820	2.00946691E7
