1231    20011016	1.99901113E7
1231    20020201	1.9992077466666665E7
1231    20030430	1.9994384166666668E7
1231    20030531	1.9996397833333332E7
1231    20030819	1.99984211E7
1231    20031230	2.0000455266666666E7
1231    20041021	2.00027855E7
1231    20050329	2.00051231E7
1231    20051230	2.0007483533333335E7
1231    20060518	2.0010146933333334E7
1231    20061109	2.0012826633333333E7
1231    20061213	2.00155066E7
1231    20070320	2.00181501E7
1231    20071110	2.00208198E7
1231    20081128	2.0023816966666665E7
1231    20110127	2.0027780766666666E7
