1233    20010610	1.9992028E7
1233    20010626	1.9993675E7
1233    20010815	1.9995028666666668E7
1233    20011111	1.99963855E7
1233    20020908	1.9998068533333335E7
1233    20030409	2.0000065033333335E7
1233    20030517	2.0001742233333334E7
1233    20040526	2.00037392E7
1233    20050320	2.0006042966666665E7
1233    20050403	2.0008025466666665E7
1233    20060130	2.0010329666666668E7
1233    20060527	2.0012647E7
1233    20060821	2.0014971E7
1233    20061109	2.00173046E7
1233    20070703	2.0019657966666665E7
1233    20081128	2.0022358666666668E7
1233    20090414	2.00253655E7
1233    20100209	2.0028698433333334E7
1233    20101207	2.0032058633333333E7
1233    20110127	2.0035716E7
1233    20130218	2.0040042466666665E7
1233    20150701	2.0045045733333334E7
