1234    20020201	1.9992445366666667E7
1234    20020418	1.9994121933333334E7
1234    20030516	1.9996125533333335E7
1234    20030531	1.9998129333333332E7
1234    20030730	2.0000116533333335E7
1234    20030827	2.0001804066666666E7
1234    20030902	2.00034869E7
1234    20040128	2.0005464033333335E7
1234    20040930	2.0007461466666665E7
1234    20041010	2.00094549E7
1234    20041013	2.00111219E7
1234    20041122	2.0012792533333335E7
1234    20050320	2.00147694E7
1234    20050321	2.0016746266666666E7
1234    20050416	2.00187197E7
1234    20050603	2.0020699366666667E7
1234    20050926	2.00226897E7
1234    20051006	2.0024379733333334E7
1234    20060310	2.0026376533333335E7
1234    20060322	2.0028373133333333E7
1234    20060523	2.00303764E7
1234    20061226	2.0032400466666665E7
1234    20081208	2.0035090066666666E7
1234    20090124	2.0038074133333333E7
1234    20100209	2.00413775E7
1234    20100327	2.00446844E7
1234    20100512	2.0047997233333334E7
1234    20110127	2.0051627866666667E7
1234    20110509	2.0054944433333334E7
1234    20110901	2.0058273933333334E7
1234    20120522	2.0061617966666665E7
1234    20120622	2.00649581E7
1234    20150217	2.0068948133333333E7
1234    20160802	2.00732905E7
