1235    20061226	2.0010178833333332E7
1235    20080101	2.0013844833333332E7
1235    20080618	2.0017494966666665E7
1235    20081005	2.00208479E7
1235    20100807	2.0024841333333332E7
1235    20110127	2.00291386E7
1235    20110227	2.0033121933333334E7
1235    20110319	2.00370991E7
1235    20110624	2.0041079466666665E7
1235    20110901	2.0045068966666665E7
1235    20111106	2.0049064866666667E7
1235    20141116	2.00537552E7
1235    20150610	2.00587616E7
1235    20150926	2.0063778333333332E7
1235    20160626	2.0069112466666665E7
