1240    20000206	1.9983158666666668E7
1240    20000219	1.9984458766666666E7
1240    20000326	1.9985762E7
1240    20000406	1.99867715E7
1240    20000424	1.99877816E7
1240    20000602	1.9988794833333332E7
1240    20000731	1.99898053E7
1240    20000803	1.99908113E7
1240    20000826	1.9991815233333334E7
1240    20001010	1.9992811766666666E7
1240    20001108	1.9993508666666668E7
1240    20001118	1.9994188666666668E7
1240    20001120	1.9994865533333335E7
1240    20001127	1.9995536366666667E7
1240    20001128	3.9993078166666664E7
1240    20001209	1.9997211266666666E7
1240    20001216	1.9997551333333332E7
1240    20010101	1.9998187266666666E7
1240    20010717	1.99988408E7
1240    20010813	1.9999497366666667E7
1240    20010815	2.0000153766666666E7
1240    20011015	2.0000816833333332E7
1240    20020203	2.0001783166666668E7
1240    20020418	2.0002756566666666E7
1240    20020624	2.00037368E7
1240    20020908	2.0004726133333333E7
1240    20030207	2.00060254E7
1240    20030409	2.00070356E7
1240    20030827	2.00080588E7
1240    20030926	2.00090828E7
1240    20030929	2.0010106466666665E7
1240    20031022	2.0011129666666668E7
1240    20040526	2.0012467E7
1240    20040808	2.0013813133333333E7
1240    20040823	2.0015153833333332E7
1240    20040830	2.0016490466666665E7
1240    20040903	2.0017827133333333E7
1240    20041010	2.00191666E7
1240    20041013	2.0020500033333335E7
1240    20041128	2.0021834033333335E7
1240    20050110	2.00234671E7
1240    20050207	2.0025103333333332E7
1240    20050321	2.0026743133333333E7
1240    20050322	6.00900655E7
1240    20050323	2.0033296733333334E7
1240    20050403	2.0034640133333333E7
1240    20050419	2.0035963533333335E7
1240    20050426	2.0037283966666665E7
1240    20050530	2.00386078E7
1240    20050923	2.0039938066666666E7
1240    20051006	2.0040964833333332E7
1240    20051023	2.0041985E7
1240    20051110	2.00430012E7
1240    20051116	2.0044008133333333E7
1240    20060131	2.00450056E7
1240    20060203	2.0045998733333334E7
1240    20060411	2.0046984866666667E7
1240    20060418	2.0047967933333334E7
1240    20060517	2.00489542E7
1240    20060527	2.00499377E7
1240    20060717	2.0050610733333334E7
1240    20060814	2.00512776E7
1240    20060821	2.00519442E7
1240    20061029	2.00526175E7
1240    20061109	2.0053291033333335E7
1240    20061207	2.0053964266666666E7
1240    20061208	2.0054637433333334E7
1240    20061229	4.011098556666667E7
1240    20070623	2.0056358633333333E7
1240    20070703	2.0057038033333335E7
1240    20080126	2.00580315E7
1240    20080205	2.00590276E7
1240    20080412	2.00600306E7
1240    20080628	2.0061040766666666E7
1240    20080810	2.0062054333333332E7
1240    20081128	2.0063077966666665E7
1240    20090124	2.0064401233333334E7
1240    20090413	2.0065730666666668E7
1240    20090609	2.0067053533333335E7
1240    20091015	2.0068387166666668E7
1240    20091107	2.00697233E7
1240    20100111	2.0071356666666668E7
1240    20100516	2.0073003333333332E7
1240    20100807	2.00743592E7
1240    20101205	2.0075725933333334E7
1240    20101215	2.0077086066666666E7
1240    20110127	2.0078743033333335E7
1240    20110222	2.0080399866666667E7
1240    20110307	2.00820592E7
1240    20110429	2.0083716266666666E7
1240    20110509	2.0085372766666666E7
1240    20110711	2.0087035766666666E7
1240    20110901	2.0088698166666668E7
1240    20120502	2.0090677933333334E7
1240    20120609	2.0092658E7
1240    20120622	2.0094638466666665E7
1240    20120731	2.0096621866666667E7
1240    20121020	2.00986149E7
1240    20121203	2.01003009E7
1240    20130218	2.0102284733333334E7
1240    20130404	2.0103960666666668E7
1240    20130902	2.0105650566666666E7
1240    20140202	2.0107643566666666E7
1240    20140823	2.0109650066666666E7
1240    20140917	2.0111653633333333E7
1240    20141206	2.0113656233333334E7
1240    20150203	2.0115658866666667E7
1240    20150701	2.0117668466666665E7
1240    20150715	2.0119672E7
1240    20150913	2.01216686E7
1240    20151010	2.0123665366666667E7
1240    20151121	2.01253657E7
1240    20151129	2.01270528E7
1240    20160115	2.0129029733333334E7
1240    20160410	2.0131003233333334E7
1240    20160416	2.01329766E7
1240    20160507	2.0134655933333334E7
1240    20160510	2.01363322E7
1240    20160608	2.01380089E7
1240    20160626	4.0281034833333336E7
1240    20160717	2.0143019566666666E7
1240    20160721	2.0144680233333334E7
1240    20160816	2.0146024033333335E7
1240    20161014	2.0147370866666667E7
