1242    20010122	1.9990772633333333E7
1242    20011019	1.99924323E7
1242    20011217	1.9993802166666668E7
1242    20030415	1.9995809166666668E7
1242    20030513	1.99978055E7
1242    20030929	1.9999812866666667E7
1242    20031022	2.00015069E7
1242    20031101	2.0003189733333334E7
1242    20031230	2.0004863833333332E7
1242    20040114	2.00065101E7
1242    20040511	2.0008160333333332E7
1242    20040726	2.00098175E7
1242    20050321	2.0011794366666667E7
1242    20050322	2.0013771133333333E7
1242    20050323	2.0015744466666665E7
1242    20050329	2.0017715E7
1242    20060220	2.00200152E7
1242    20061226	2.0022348866666667E7
1242    20070919	2.00250052E7
1242    20080711	2.00276912E7
1242    20081005	2.0030377833333332E7
1242    20100327	2.0033707933333334E7
1242    20110308	2.0037368066666666E7
1242    20110506	2.00410315E7
1242    20110901	2.0044701366666667E7
1242    20130218	2.0049004633333333E7
1242    20141206	2.0053673933333334E7
1242    20150203	2.00586431E7
1242    20150524	2.0063619633333333E7
