1244    20020201	1.99981446E7
1244    20020804	1.9999831233333334E7
1244    20021208	2.0001501033333335E7
1244    20031114	2.0003198133333333E7
1244    20040823	2.00048613E7
1244    20050304	2.0006838E7
1244    20050317	2.0008815033333335E7
1244    20050923	2.0010812E7
1244    20060526	2.0013126166666668E7
1244    20090925	2.00164499E7
1244    20100822	2.0020103033333335E7
1244    20110127	2.0023763766666666E7
1244    20110429	2.00274312E7
1244    20111015	2.0031117566666666E7
1244    20120525	2.0035118266666666E7
1244    20120622	2.0039118933333334E7
1244    20140114	2.00437693E7
1244    20150609	2.00487695E7
1244    20150701	2.0053762733333334E7
1244    20150715	2.0058749433333334E7
1244    20150926	2.0063742966666665E7
1244    20151119	2.00687429E7
1244    20160804	2.0074065466666665E7
1244    20160816	2.00793858E7
1244    20160820	2.00847062E7
