1246    20010122	1.99890431E7
1246    20010204	1.9990676033333335E7
1246    20020117	1.9992342566666666E7
1246    20020201	1.99940119E7
1246    20020601	1.9995691766666666E7
1246    20020701	1.99973682E7
1246    20030307	1.99993413E7
1246    20030430	2.00010089E7
1246    20030827	2.0002689733333334E7
1246    20030929	2.0004363433333334E7
1246    20040526	2.00063474E7
1246    20040820	2.0008017166666668E7
1246    20040903	2.0009683E7
1246    20040930	2.00113472E7
1246    20041013	2.0013014033333335E7
1246    20050110	2.0014983933333334E7
1246    20050323	2.0016960866666667E7
1246    20050403	2.00189373E7
1246    20050413	2.00209107E7
1246    20050423	2.00228843E7
1246    20050426	2.0024857533333335E7
1246    20050518	2.0026534566666666E7
1246    20050603	2.0028211066666666E7
1246    20050923	2.0029894933333334E7
1246    20051204	2.0031587566666666E7
1246    20060130	2.0033574933333334E7
1246    20060203	2.0035554933333334E7
1246    20060418	2.0037531633333333E7
1246    20061207	2.0039534533333335E7
1246    20061211	2.00412382E7
1246    20061213	2.0042941233333334E7
1246    20061229	2.0044642066666666E7
1246    20070106	2.0046308366666667E7
1246    20070218	2.00479756E7
1246    20080126	2.0049959766666666E7
1246    20080205	2.0051943233333334E7
1246    20080711	2.0053623366666667E7
1246    20080712	2.0055299433333334E7
1246    20081208	2.00569788E7
1246    20081210	2.0058654833333332E7
1246    20090131	2.0060308333333332E7
1246    20090414	4.01255733E7
1246    20091020	2.00652815E7
1246    20101207	2.0067287966666665E7
1246    20110127	2.0069288533333335E7
1246    20110307	2.0071288E7
1246    20110319	2.00732852E7
1246    20110509	2.00752884E7
1246    20110711	2.0077298E7
1246    20110901	2.0079313833333332E7
1246    20120622	2.0081650633333333E7
1246    20120626	2.0083984733333334E7
1246    20130218	2.00866279E7
1246    20130621	2.0089275133333333E7
1246    20140501	2.0091954166666668E7
1246    20141219	2.00946547E7
1246    20150306	2.0097650966666665E7
1246    20150611	2.01006311E7
1246    20150720	2.0103614733333334E7
1246    20150927	2.01066052E7
1246    20151230	2.0109605233333334E7
1246    20160216	2.01126089E7
1246    20160330	2.0115612633333333E7
1246    20160427	2.0118289333333332E7
1246    20160721	2.01209732E7
