1247    20001010	1.99907719E7
1247    20001108	1.9992101633333333E7
1247    20001119	1.99931321E7
1247    20001120	1.9994155833333332E7
1247    20001121	1.99951793E7
1247    20001127	1.9996179733333334E7
1247    20001225	1.9996873333333332E7
1247    20001229	1.9997553833333332E7
1247    20010122	1.9998191133333333E7
1247    20010225	1.9998831566666666E7
1247    20010314	1.9999474766666666E7
1247    20010815	2.00001345E7
1247    20011012	2.00007982E7
1247    20011016	2.0001462033333335E7
1247    20011111	2.0002125366666667E7
1247    20030717	2.0003442166666668E7
1247    20030729	2.0004759266666666E7
1247    20030827	2.00060794E7
1247    20030913	2.0007106166666668E7
1247    20031230	2.0008137E7
1247    20040526	2.0009477466666665E7
1247    20040726	2.0010820866666667E7
1247    20040823	2.0012167466666665E7
1247    20040930	2.0013515E7
1247    20060203	2.00155017E7
1247    20060310	2.0017491933333334E7
1247    20060526	2.0019489066666666E7
1247    20060606	2.00214849E7
1247    20060813	2.0023485166666668E7
1247    20060821	2.0025479133333333E7
1247    20061112	2.0027482533333335E7
1247    20061207	2.0029485833333332E7
1247    20070228	2.0031789466666665E7
1247    20080618	2.00344394E7
1247    20080810	2.00370957E7
1247    20081005	2.00397583E7
1247    20090124	2.00427216E7
1247    20090402	2.0045694033333335E7
1247    20100807	2.0048716866666667E7
1247    20110127	2.0052046933333334E7
1247    20110308	2.0055380066666666E7
1247    20110509	2.00587032E7
1247    20110901	2.0062032833333332E7
1247    20111015	2.0065366133333333E7
1247    20120622	2.00690165E7
1247    20121123	2.0072030033333335E7
1247    20130218	2.0075346333333332E7
1247    20130621	2.00786728E7
1247    20130927	2.00820066E7
1247    20140202	2.0085639E7
1247    20140811	2.0088981833333332E7
1247    20141116	2.0092328166666668E7
1247    20150609	2.00959877E7
1247    20150715	2.00996472E7
1247    20150720	2.0102664433333334E7
1247    20151002	2.01056875E7
1247    20160215	2.0109010466666665E7
1247    20160524	2.0112341066666666E7
1247    20160801	2.0115674E7
1247    20160804	2.0119006766666666E7
