1250    20010722	1.9991082933333334E7
1250    20010815	1.9992736233333334E7
1250    20011012	1.9994099266666666E7
1250    20011016	1.9995462433333334E7
1250    20020201	1.9997128966666665E7
1250    20020418	1.9998772433333334E7
1250    20020908	2.0000132666666668E7
1250    20030224	2.00018001E7
1250    20030819	2.0003480166666668E7
1250    20031114	2.00051634E7
1250    20040702	2.0006820033333335E7
1250    20040903	2.0008483366666667E7
1250    20050127	2.00104509E7
1250    20050211	2.0012417533333335E7
1250    20050304	2.0014387233333334E7
1250    20050317	2.0016357366666667E7
1250    20050322	2.0018327133333333E7
1250    20050401	2.00200035E7
1250    20050402	2.0021670033333335E7
1250    20050416	2.0023336433333334E7
1250    20050426	2.0025000466666665E7
1250    20060220	2.00269877E7
1250    20060223	2.00289683E7
1250    20060516	2.0030951833333332E7
1250    20060526	2.0032932433333334E7
1250    20060616	2.0034915633333333E7
1250    20061226	2.0036918933333334E7
1250    20080105	2.0039551433333334E7
1250    20080711	2.0042201E7
1250    20081128	2.0044568366666667E7
1250    20081208	2.00469179E7
1250    20090413	2.0049571166666668E7
1250    20100624	2.0052558233333334E7
1250    20110127	2.0055861933333334E7
1250    20120622	2.00592093E7
1250    20160626	2.00638829E7
