1252    20001108	1.9990674566666666E7
1252    20001120	1.9991707866666667E7
1252    20001121	1.99927412E7
1252    20001127	1.9993771933333334E7
1252    20001128	1.99947724E7
1252    20001216	1.99954729E7
1252    20010111	1.9996456066666666E7
1252    20010314	1.99974394E7
1252    20010505	1.9998422666666668E7
1252    20010815	1.99994096E7
1252    20011016	2.0000085933333334E7
1252    20020117	2.00010564E7
1252    20020201	2.0002029566666666E7
1252    20030730	2.0003353666666668E7
1252    20031114	2.0004690033333335E7
1252    20040726	2.0006340866666667E7
1252    20041115	2.0008004266666666E7
1252    20050129	2.0009968133333333E7
1252    20050228	2.00116388E7
1252    20050304	2.0013311533333335E7
1252    20050317	2.00149818E7
1252    20050417	2.0016655066666666E7
1252    20050923	2.00183391E7
1252    20060310	2.00203359E7
1252    20060418	2.00223357E7
1252    20060523	2.0024338966666665E7
1252    20060606	2.00263391E7
1252    20060814	2.0028346133333333E7
1252    20061207	2.0030359666666668E7
1252    20070703	2.0032682766666666E7
1252    20081005	2.0035346E7
1252    20081110	2.0038012333333332E7
1252    20091013	2.0041008733333334E7
1252    20101207	2.0044344733333334E7
1252    20110127	2.0047978033333335E7
1252    20110901	2.00516342E7
1252    20120622	2.00553179E7
1252    20120805	2.0059000933333334E7
1252    20120924	2.0062681566666666E7
1252    20121123	2.00663585E7
1252    20131212	2.0070365033333335E7
1252    20140508	2.0074378066666666E7
1252    20150715	2.0078728533333335E7
1252    20151002	2.00827376E7
1252    20160626	2.0087054666666668E7
1252    20160802	2.00910572E7
1252    20160816	2.0095047233333334E7
