1258    20010815	1.9992777366666667E7
1258    20020416	1.99947507E7
1258    20020922	1.99967409E7
1258    20030729	1.9998761166666668E7
1258    20031022	2.00007884E7
1258    20040601	2.0003104633333333E7
1258    20040808	2.0005107633333333E7
1258    20040903	2.0007104166666668E7
1258    20050110	2.0009083633333333E7
1258    20050322	2.0011060733333334E7
1258    20050323	2.00130378E7
1258    20050327	2.0015014733333334E7
1258    20050727	2.0016998633333333E7
1258    20050923	2.0018988966666665E7
1258    20051023	2.0020982533333335E7
1258    20060127	2.0023279133333333E7
1258    20060130	2.00252793E7
1258    20060322	2.00272857E7
1258    20060525	2.00292963E7
1258    20060526	2.0031303566666666E7
1258    20060606	2.0033306766666666E7
1258    20060728	2.0035306666666668E7
1258    20060801	2.0037299966666665E7
1258    20061111	2.0039300066666666E7
1258    20061207	2.0041302966666665E7
1258    20061211	2.0043306E7
1258    20080126	2.0045640166666668E7
1258    20080205	2.0047973533333335E7
1258    20080618	2.00503007E7
1258    20080812	2.00526342E7
1258    20081128	4.0111979666666664E7
1258    20090414	4.01206257E7
1258    20090527	2.00632911E7
1258    20091013	2.00649715E7
1258    20100610	2.00669649E7
1258    20100807	2.00689617E7
1258    20101205	2.0070664866666667E7
1258    20110127	2.0072658366666667E7
1258    20110222	2.0074655E7
1258    20110307	2.0076654333333332E7
1258    20110429	2.00786444E7
1258    20110604	2.0080633766666666E7
1258    20110624	2.0082620466666665E7
1258    20110901	2.0084312933333334E7
1258    20111124	2.0086012733333334E7
1258    20120525	2.00880195E7
1258    20120622	2.0090022733333334E7
1258    20120731	2.0092029566666666E7
1258    20120805	2.00940362E7
1258    20121123	2.0096049366666667E7
1258    20130218	2.0098363266666666E7
1258    20140712	2.0101016633333333E7
1258    20150609	2.01039967E7
1258    20150701	2.01069797E7
1258    20150713	2.01093326E7
1258    20150715	2.0111682933333334E7
1258    20150720	2.0114019666666668E7
1258    20150823	2.0116353366666667E7
1258    20150926	2.0118679966666665E7
1258    20151119	2.0121013E7
1258    20151205	2.0123039366666667E7
1258    20160115	2.0125362733333334E7
1258    20160207	2.01276854E7
1258    20160427	2.01299992E7
1258    20160608	2.0131999133333333E7
1258    20160626	2.01339931E7
1258    20160717	2.0135976833333332E7
1258    20160801	2.0137665966666665E7
1258    20160816	2.0139352433333334E7
1258    20161006	2.01410424E7
