1259    20000425	1.9986768433333334E7
1259    20000427	1.9988075466666665E7
1259    20000504	1.9989088233333334E7
1259    20000803	1.9990110966666665E7
1259    20000811	1.9991133766666666E7
1259    20001108	1.9992163866666667E7
1259    20001119	3.998701813333333E7
1259    20001120	3.998974613333333E7
1259    20001130	1.99958791E7
1259    20001208	1.9996235433333334E7
1259    20001209	1.9996584866666667E7
1259    20010101	1.9997223966666665E7
1259    20010606	1.9997877366666667E7
1259    20010815	1.9998537733333334E7
1259    20011216	1.99992113E7
1259    20020922	2.00002083E7
1259    20021228	2.00012154E7
1259    20030303	2.0002524866666667E7
1259    20030409	2.0003831466666665E7
1259    20030929	2.0005155333333332E7
1259    20031022	2.00064823E7
1259    20031114	2.0007812233333334E7
1259    20031204	2.0009144766666666E7
1259    20031230	2.0010478133333333E7
1259    20040209	2.0011814866666667E7
1259    20040301	2.00131514E7
1259    20040603	2.00144913E7
1259    20040728	2.0015834766666666E7
1259    20050128	2.0017491533333335E7
1259    20050129	2.0019148266666666E7
1259    20050224	2.00208056E7
1259    20050317	2.0022456066666666E7
1259    20050321	2.00241064E7
1259    20050322	8.011282803333333E7
1259    20050423	2.0032310566666666E7
1259    20050426	2.0033953766666666E7
1259    20051023	2.0035614266666666E7
1259    20060130	2.00375783E7
1259    20060203	2.0039248366666667E7
1259    20060219	2.0040902133333333E7
1259    20060220	2.0042548966666665E7
1259    20060305	2.0044185266666666E7
1259    20060418	2.00455018E7
1259    20060518	2.0046811466666665E7
1259    20060801	2.0047828066666666E7
1259    20060814	2.0048841566666666E7
1259    20060821	2.0049837966666665E7
1259    20061109	2.0050840866666667E7
1259    20061208	2.0051844E7
1259    20070919	2.0053167833333332E7
1259    20080711	2.00548172E7
1259    20080810	2.0056170566666666E7
1259    20081030	2.00575282E7
1259    20090414	2.0059188566666666E7
1259    20100430	2.0061178633333333E7
1259    20100802	2.0062867766666666E7
1259    20100807	2.0064557033333335E7
1259    20110307	2.00665598E7
1259    20110429	2.0068563533333335E7
1259    20110509	2.00705698E7
1259    20110901	2.00725891E7
1259    20120310	2.0074922033333335E7
1259    20120622	2.0077265366666667E7
1259    20120626	2.0079608833333332E7
1259    20120719	2.0081952033333335E7
1259    20130218	2.0084611766666666E7
1259    20140811	2.00876047E7
1259    20141116	2.0090304233333334E7
1259    20141219	2.0093004766666666E7
1259    20150105	2.0096000966666665E7
1259    20150224	2.00990011E7
1259    20150610	2.0102011266666666E7
1259    20150714	2.0105021133333333E7
1259    20150720	2.0108027866666667E7
1259    20160608	2.0111354766666666E7
1259    20160626	2.0114681833333332E7
1259    20160717	2.01180117E7
1259    20160816	2.0121335266666666E7
