1262    20060203	2.0020951066666666E7
1262    20060527	2.00239618E7
1262    20061118	2.0026652333333332E7
1262    20070703	2.0029648633333333E7
1262    20080711	2.0032965433333334E7
1262    20080810	2.0035951466666665E7
1262    20090413	2.00389517E7
1262    20090422	2.0041951633333333E7
1262    20100624	2.0045268833333332E7
1262    20110127	2.0048902166666668E7
1262    20110711	2.0052552466666665E7
1262    20110901	2.0056208233333334E7
1262    20120622	2.0059891866666667E7
1262    20140830	2.00642488E7
1262    20141012	2.00682789E7
1262    20141219	2.0072312833333332E7
1262    20150203	2.0076639E7
1262    20150720	2.0080966066666666E7
1262    20160410	2.00852855E7
1262    20160802	2.0089305033333335E7
