1263    20050926	2.00064501E7
1263    20051111	2.00094466E7
1263    20060527	2.0012460133333333E7
1263    20060623	2.0015474066666666E7
1263    20070120	2.0018471366666667E7
1263    20070919	2.00214886E7
1263    20080812	2.0024815433333334E7
1263    20091213	2.0028155666666668E7
1263    20100304	2.0031798633333333E7
1263    20100807	2.0035451766666666E7
1263    20100914	2.0038812E7
1263    20110127	2.0042469366666667E7
1263    20110212	2.0046126133333333E7
1263    20110306	2.00497829E7
1263    20120501	2.00537787E7
1263    20120525	2.0057769433333334E7
1263    20121123	2.0061769933333334E7
1263    20160804	2.0067092733333334E7
1263    20160816	2.00724159E7
