1265    20000402	1.9987824333333332E7
1265    20000406	1.9989130666666668E7
1265    20000425	1.99901408E7
1265    20000504	1.9991153566666666E7
1265    20000509	1.99921637E7
1265    20000602	1.9993160133333333E7
1265    20000603	1.99941431E7
1265    20000731	3.999025193333333E7
1265    20001002	1.9995793866666667E7
1265    20001010	1.99961274E7
1265    20001104	1.9996463966666665E7
1265    20001114	1.9996800833333332E7
1265    20001117	1.9997137766666666E7
1265    20001118	1.9997474633333333E7
1265    20001120	1.99978112E7
1265    20001208	1.9998150666666668E7
1265    20001209	1.9998483966666665E7
1265    20001221	1.9998817633333333E7
1265    20010122	1.9999447933333334E7
1265    20010130	2.00000785E7
1265    20010606	2.0000724833333332E7
1265    20010610	2.0001371266666666E7
1265    20010618	2.00020176E7
1265    20010620	2.0002663966666665E7
1265    20010815	2.0003021E7
1265    20011019	2.0003383933333334E7
1265    20020201	2.00040504E7
1265    20021228	2.0004747433333334E7
1265    20030324	2.0005747633333333E7
1265    20030406	2.0006747766666666E7
1265    20030513	2.0007751333333332E7
1265    20030827	2.0008764733333334E7
1265    20030913	2.0009778366666667E7
1265    20031230	2.00108024E7
1265    20040601	2.00121357E7
1265    20040726	2.0013473133333333E7
1265    20040903	2.00148122E7
1265    20040929	2.0016152133333333E7
1265    20041010	2.0017485733333334E7
1265    20041014	2.00188192E7
1265    20041027	2.0020149966666665E7
1265    20050129	2.00217838E7
1265    20050321	2.0023423933333334E7
1265    20050322	2.0025064066666666E7
1265    20050403	2.0026706833333332E7
1265    20050413	2.0028347E7
1265    20050422	2.0029987433333334E7
1265    20050423	2.00316275E7
1265    20050505	2.00329736E7
1265    20050923	2.0034333366666667E7
1265    20051023	2.00356806E7
1265    20060131	2.00373313E7
1265    20060203	2.0038984133333333E7
1265    20060215	2.00406373E7
1265    20060418	2.0042290733333334E7
1265    20060518	2.00439407E7
1265    20060527	2.00452849E7
1265    20060801	2.0046604E7
1265    20060814	2.0047620333333332E7
1265    20060821	2.0048634166666668E7
1265    20061109	2.0049654033333335E7
1265    20061127	2.0050664033333335E7
1265    20061207	2.0051673833333332E7
1265    20061208	2.00526731E7
1265    20061229	4.0107404833333336E7
1265    20070228	2.0055021633333333E7
1265    20070302	2.0056000733333334E7
1265    20070518	2.0056984333333332E7
1265    20071110	2.0057987533333335E7
1265    20080205	2.0059293466666665E7
1265    20080412	2.00603029E7
1265    20080618	2.00613128E7
1265    20080711	2.0062325766666666E7
1265    20080810	2.0063339333333332E7
1265    20080814	2.00643527E7
1265    20081028	2.00653729E7
1265    20081030	2.0066393133333333E7
1265    20081129	2.0067413933333334E7
1265    20081210	2.00684235E7
1265    20090124	2.0069726866666667E7
1265    20090414	2.00707363E7
1265    20090609	2.0071749833333332E7
1265    20091015	2.00727765E7
1265    20091107	2.0073799466666665E7
1265    20100430	2.0075129866666667E7
1265    20100516	2.0076462833333332E7
1265    20100807	2.0077796366666667E7
1265    20101207	2.00791428E7
1265    20101220	2.0080489433333334E7
1265    20110127	2.0082123366666667E7
1265    20110222	2.0083759866666667E7
1265    20110306	2.00853965E7
1265    20110429	2.00870372E7
1265    20110509	2.0088679866666667E7
1265    20110626	2.0090326433333334E7
1265    20110629	2.0091673133333333E7
1265    20110901	2.0093026433333334E7
1265    20111015	2.0094376333333332E7
1265    20120310	2.0096016333333332E7
1265    20120502	2.0097359566666666E7
1265    20120622	2.00986999E7
1265    20120719	2.01000366E7
1265    20120731	2.01013706E7
1265    20120818	2.01027042E7
1265    20130218	2.0104351E7
1265    20130404	2.0105996866666667E7
1265    20130424	2.0107643333333332E7
1265    20140721	2.0109629733333334E7
1265    20141116	2.01116266E7
1265    20141206	2.0113329333333332E7
1265    20150224	2.0115323E7
1265    20150304	2.0117312833333332E7
1265    20150611	2.0119299366666667E7
1265    20150713	2.0121286233333334E7
1265    20150714	2.0122962366666667E7
1265    20150720	2.0124635833333332E7
1265    20150726	2.01262998E7
1265    20150814	2.0127953366666667E7
1265    20150902	2.0129609433333334E7
1265    20150926	2.01309694E7
1265    20150927	2.0132326233333334E7
1265    20151010	2.0133683033333335E7
1265    20151121	2.0135039433333334E7
1265    20151129	2.0136393433333334E7
1265    20151230	2.01377469E7
1265    20160330	2.01394036E7
1265    20160410	2.01410539E7
1265    20160507	2.0142703633333333E7
1265    20160524	2.01440441E7
1265    20160626	2.0145381566666666E7
1265    20160801	2.0146720866666667E7
1265    20160802	2.0148056966666665E7
1265    20160816	2.0149393133333333E7
1265    20161016	2.0150733066666666E7
