1266    20010130	1.9989770366666667E7
1266    20010204	1.99914033E7
1266    20010815	1.9992759766666666E7
1266    20031002	1.9994786333333332E7
1266    20031114	1.9996809566666666E7
1266    20031230	1.9998813433333334E7
1266    20040619	2.0000827366666667E7
1266    20040808	2.00028404E7
1266    20041013	2.0004853866666667E7
1266    20050321	2.0007170766666666E7
1266    20060203	2.0009803966666665E7
1266    20060418	2.00121176E7
1266    20060518	2.00144345E7
1266    20060521	2.0016751366666667E7
1266    20060525	2.0019062066666666E7
1266    20060527	2.0021372533333335E7
1266    20060813	2.0023692533333335E7
1266    20061229	2.00260264E7
1266    20080816	2.0029012633333333E7
1266    20100807	2.00323595E7
1266    20110127	2.0036016866666667E7
1266    20110901	2.0039699433333334E7
1266    20110919	2.0043382566666666E7
1266    20120521	2.0047383133333333E7
1266    20121123	2.00514005E7
1266    20141206	2.0056087266666666E7
1266    20150720	2.00610869E7
1266    20160626	2.0066403733333334E7
