1267    20011111	1.9997773533333335E7
1267    20050320	2.0000444033333335E7
1267    20050603	2.0003093666666668E7
1267    20050608	2.0005426733333334E7
1267    20050622	2.0007740566666666E7
1267    20050923	2.00097379E7
1267    20051204	2.00117446E7
1267    20060130	2.0014048166666668E7
1267    20060526	2.00163586E7
1267    20060527	2.0018669066666666E7
1267    20070320	2.00210095E7
1267    20070703	2.0023362666666668E7
1267    20081005	2.0026058766666666E7
1267    20090418	2.00290654E7
1267    20110127	2.0032722166666668E7
1267    20120622	2.00367261E7
1267    20120719	2.0040732733333334E7
1267    20120731	2.0044737033333335E7
1267    20160410	2.00500573E7
1267    20160416	2.0055377666666668E7
