1270    20000205	1.9984155366666667E7
1270    20000219	3.99722106E7
1270    20000301	1.9987761133333333E7
1270    20000316	1.9988767633333333E7
1270    20000318	1.99897714E7
1270    20000326	1.99907615E7
1270    20000402	1.9991737766666666E7
1270    20000406	1.9992411266666666E7
1270    20000425	1.99930782E7
1270    20000504	1.9993737733333334E7
1270    20000513	1.9994394366666667E7
1270    20000602	1.99950477E7
1270    20000603	1.99957009E7
1270    20000731	1.9996351466666665E7
1270    20000803	1.9996687333333332E7
1270    20000904	1.9997017333333332E7
1270    20001010	1.9997350866666667E7
1270    20001108	1.9997687166666668E7
1270    20001114	1.9998023666666668E7
1270    20001117	1.9998360133333333E7
1270    20001118	1.99986937E7
1270    20001121	1.9999024033333335E7
1270    20001127	1.9999354533333335E7
1270    20001208	1.99996877E7
1270    20001221	2.00000212E7
1270    20010101	2.00006503E7
1270    20010122	2.0001280066666666E7
1270    20010505	2.0001626666666668E7
1270    20010621	2.0001976333333332E7
1270    20010806	2.00023297E7
1270    20010815	2.00026829E7
1270    20011019	2.00030429E7
1270    20011110	2.00034032E7
1270    20011116	2.00037632E7
1270    20011216	2.0004126466666665E7
1270    20020116	2.0004786133333333E7
1270    20020201	2.00054461E7
1270    20020412	2.0006112966666665E7
1270    20020418	2.00067794E7
1270    20020624	2.0007450066666666E7
1270    20020908	2.00081299E7
1270    20021227	2.00088174E7
1270    20030207	2.00098042E7
1270    20030224	2.00107873E7
1270    20030302	2.00117706E7
1270    20030308	2.0012750733333334E7
1270    20030319	2.00137277E7
1270    20030415	2.00147046E7
1270    20030513	2.0015684566666666E7
1270    20030517	2.0016664566666666E7
1270    20030827	2.0017654866666667E7
1270    20030926	2.0018648366666667E7
1270    20031022	2.0019644866666667E7
1270    20031230	2.00206456E7
1270    20040526	2.0021955766666666E7
1270    20040728	2.0022976666666668E7
1270    20040823	2.0024000033333335E7
1270    20040830	2.0025010866666667E7
1270    20040903	2.0026020266666666E7
1270    20040921	2.00270241E7
1270    20041010	2.00280306E7
1270    20041013	2.00290304E7
1270    20041027	2.0030027633333333E7
1270    20041110	2.0031027433333334E7
1270    20041128	2.00320245E7
1270    20041202	2.0032727366666667E7
1270    20050110	2.0033724333333332E7
1270    20050128	2.0034714866666667E7
1270    20050129	2.0035705233333334E7
1270    20050207	2.0036691333333332E7
1270    20050211	2.00376681E7
1270    20050310	2.0038637533333335E7
1270    20050321	2.0039308E7
1270    20050322	6.01219356E7
1270    20050323	2.00419792E7
1270    20050401	2.00426454E7
1270    20050412	2.00433087E7
1270    20050416	2.0043972E7
1270    20050423	2.00446252E7
1270    20050501	2.00452777E7
1270    20050518	2.0045927566666666E7
1270    20050603	2.0046573333333332E7
1270    20050923	2.00469199E7
1270    20051006	2.00472625E7
1270    20051023	2.00476025E7
1270    20051110	2.0047945166666668E7
1270    20060203	2.00485885E7
1270    20060204	2.0049231266666666E7
1270    20060215	2.0049871433333334E7
1270    20060418	2.0050518266666666E7
1270    20060517	2.0051167933333334E7
1270    20060518	2.0051814866666667E7
1270    20060527	2.00524615E7
1270    20060719	2.0053112066666666E7
1270    20060801	2.0053468433333334E7
1270    20060814	2.0053824633333333E7
1270    20060821	2.0054181033333335E7
1270    20060904	2.00545376E7
1270    20061024	2.0054898033333335E7
1270    20061108	2.0055257966666665E7
1270    20061207	2.0055620833333332E7
1270    20061208	2.00559837E7
1270    20061229	4.01130581E7
1270    20070228	2.0057374333333332E7
1270    20070302	2.00580377E7
1270    20070703	2.0058714066666666E7
1270    20071110	2.0059403866666667E7
1270    20080623	2.0060410533333335E7
1270    20080628	2.0061414766666666E7
1270    20080810	2.00624245E7
1270    20080814	2.0063431533333335E7
1270    20081028	2.0064435033333335E7
1270    20081128	2.00654391E7
1270    20090125	2.00667425E7
1270    20090209	2.00680458E7
1270    20090402	2.0069052433333334E7
1270    20090414	2.0070059433333334E7
1270    20090609	2.0071072566666666E7
1270    20091020	2.0072092633333333E7
1270    20100111	2.0073412433333334E7
1270    20100430	2.0074742833333332E7
1270    20100516	2.00760758E7
1270    20100610	2.00774055E7
1270    20100924	2.0078742933333334E7
1270    20100925	2.0080079966666665E7
1270    20101205	2.00814261E7
1270    20101207	2.0082769533333335E7
1270    20101215	2.0084109233333334E7
1270    20110127	2.00857432E7
1270    20110222	2.0087377033333335E7
1270    20110306	2.0089013633333333E7
1270    20110326	2.00906502E7
1270    20110429	2.00922902E7
1270    20110509	2.00936329E7
1270    20110901	2.00949862E7
1270    20111015	2.0096329933333334E7
1270    20111124	2.0097663733333334E7
1270    20120118	2.0098980233333334E7
1270    20120221	2.01003E7
1270    20120502	2.0101623066666666E7
1270    20120525	2.0102946766666666E7
1270    20120622	2.0104266566666666E7
1270    20120731	2.0105586666666668E7
1270    20121111	2.0106619533333335E7
1270    20121123	2.010765E7
1270    20130218	2.01089772E7
1270    20130404	2.01103102E7
1270    20130419	2.01116372E7
1270    20130424	2.0112950666666668E7
1270    20140202	2.0114287033333335E7
1270    20140826	2.0115633566666666E7
1270    20141116	2.01169869E7
1270    20141206	2.01183401E7
1270    20150304	2.01199861E7
1270    20150522	2.0121639333333332E7
1270    20150523	2.0123283266666666E7
1270    20150609	2.012493E7
1270    20150611	2.0126576533333335E7
1270    20150701	2.0127929E7
1270    20150711	4.02599041E7
1270    20150714	2.0131971733333334E7
1270    20150715	2.01333146E7
1270    20150719	2.0134654933333334E7
1270    20150726	2.0135982433333334E7
1270    20150731	2.01373063E7
1270    20150823	2.01386296E7
1270    20150913	2.01396561E7
1270    20150927	2.0140679633333333E7
1270    20151002	2.01416963E7
1270    20151013	2.0142712566666666E7
1270    20151103	2.01437286E7
1270    20151104	2.0144741033333335E7
1270    20151112	4.0292481766666666E7
1270    20151121	2.0147437466666665E7
1270    20151129	2.01481283E7
1270    20151205	2.0148821166666668E7
1270    20151228	2.0149514633333333E7
1270    20160115	2.01501784E7
1270    20160410	2.01508312E7
1270    20160416	2.0151474533333335E7
1270    20160427	2.0152115233333334E7
1270    20160507	2.0152455333333332E7
1270    20160508	2.01527882E7
1270    20160524	2.0153121566666666E7
1270    20160626	2.0153455466666665E7
1270    20160719	2.01537924E7
1270    20160728	2.0154126633333333E7
1270    20160801	2.0154462966666665E7
1270    20160816	2.01547998E7
1270    20160913	2.0155139766666666E7
1270    20161015	2.01554831E7
