1275    20040929	1.9997993933333334E7
1275    20050321	2.00009641E7
1275    20050322	2.0003933866666667E7
1275    20050413	2.0006610266666666E7
1275    20050603	2.0009293E7
1275    20051023	2.0011986933333334E7
1275    20060203	2.0014972933333334E7
1275    20060721	2.0017973366666667E7
1275    20060811	2.0020653166666668E7
1275    20060814	2.0023326433333334E7
1275    20070101	2.0026296233333334E7
1275    20070228	2.0029263533333335E7
1275    20091017	2.0032596933333334E7
1275    20091116	2.0035926933333334E7
1275    20120520	2.0039940833333332E7
1275    20130218	2.0044270966666665E7
1275    20130601	2.00486108E7
1275    20141024	2.0053284766666666E7
1275    20151112	2.00582944E7
1275    20160507	2.0063607366666667E7
