1276    20030516	1.9995078533333335E7
1276    20030531	1.99970922E7
1276    20050127	1.9999756266666666E7
1276    20050211	2.0002392833333332E7
1276    20050317	2.0004723333333332E7
1276    20050416	2.0007050233333334E7
1276    20050426	2.0009370633333333E7
1276    20060203	2.00120106E7
1276    20060821	2.0014664166666668E7
1276    20080711	2.00176569E7
1276    20080810	2.0020650433333334E7
1276    20100807	2.0024306933333334E7
1276    20110127	2.0028270733333334E7
1276    20120719	2.00325876E7
1276    20121123	2.0036617733333334E7
1276    20130109	2.0040944533333335E7
1276    20141024	2.00456318E7
