1278    20001209	1.99911703E7
1278    20010606	1.99928162E7
1278    20011019	1.9994176666666668E7
1278    20020201	1.99958264E7
1278    20030302	1.9997799333333332E7
1278    20030706	1.9999482833333332E7
1278    20030730	2.0001159933333334E7
1278    20030902	2.00028231E7
1278    20030926	2.00044804E7
1278    20041027	2.0006147866666667E7
1278    20041110	2.0007818E7
1278    20041115	2.0009488033333335E7
1278    20050129	2.0011455266666666E7
1278    20050211	2.0013421866666667E7
1278    20050403	2.0015394866666667E7
1278    20050410	2.00173681E7
1278    20050426	2.0019341766666666E7
1278    20060103	2.0021340866666667E7
1278    20060310	2.00233443E7
1278    20060330	2.0025341766666666E7
1278    20060418	2.0027341566666666E7
1278    20060518	2.0029342033333335E7
1278    20060717	2.0031348933333334E7
1278    20060821	2.00333562E7
1278    20061109	2.00353688E7
1278    20061208	2.00373847E7
1278    20070228	2.00396883E7
1278    20080209	2.00423246E7
1278    20080618	2.00449743E7
1278    20080810	2.00476277E7
1278    20090414	2.00506012E7
1278    20100209	2.0053587966666665E7
1278    20100327	2.00565649E7
1278    20110127	2.0059562433333334E7
1278    20110509	2.0062236E7
1278    20110901	2.0064909166666668E7
1278    20120525	2.0067902333333332E7
1278    20120622	2.0070893E7
1278    20121123	2.0073899566666666E7
1278    20130218	2.00768726E7
1278    20140202	2.0080175666666668E7
1278    20150105	2.0083808666666668E7
1278    20150203	2.0087144466666665E7
1278    20150720	2.0090494766666666E7
1278    20160907	2.0094178233333334E7
