1282    20001218	1.99900908E7
1282    20010108	1.9991720533333335E7
1282    20010122	1.99930539E7
1282    20010618	1.99944038E7
1282    20010709	1.9995753933333334E7
1282    20010717	1.9997087566666666E7
1282    20020201	1.99987238E7
1282    20020425	2.0000364066666666E7
1282    20030406	2.0002030366666667E7
1282    20040808	2.0004036766666666E7
1282    20040903	2.00057026E7
1282    20040921	2.0007366E7
1282    20041013	2.00090294E7
1282    20050125	2.00109932E7
1282    20050321	2.0012963366666667E7
1282    20050401	2.00149358E7
1282    20050416	2.0016609433333334E7
1282    20060203	2.0018605933333334E7
1282    20060418	2.0020609166666668E7
1282    20061108	2.0022632566666666E7
1282    20061226	2.00246593E7
1282    20070228	2.0026986066666666E7
1282    20081129	2.0029673566666666E7
1282    20081210	2.00323605E7
1282    20090414	2.0035347566666666E7
1282    20091015	2.0038354566666666E7
1282    20091213	2.0041368166666668E7
1282    20110127	2.0045001733333334E7
1282    20120622	2.00489849E7
1282    20121111	2.0052981866666667E7
1282    20130601	2.0057294633333333E7
1282    20130621	2.0061311733333334E7
1282    20150716	2.00659982E7
1282    20150720	2.0070668266666666E7
1282    20160507	2.0075661533333335E7
