1285    20030517	1.9998998866666667E7
1285    20030827	2.00010224E7
1285    20031230	2.0003056566666666E7
1285    20040726	2.00054002E7
1285    20041108	2.0007733333333332E7
1285    20041202	2.00097667E7
1285    20050127	2.0011746733333334E7
1285    20050211	2.00137203E7
1285    20050323	4.0033371E7
1285    20050426	2.0019654E7
1285    20060216	2.0021957266666666E7
1285    20060418	2.00242644E7
1285    20061226	2.0026598066666666E7
1285    20070228	2.00292316E7
1285    20070511	2.00315779E7
1285    20081005	2.0034271233333334E7
1285    20081226	2.0036965233333334E7
1285    20090126	2.00399553E7
1285    20100624	2.0043292633333333E7
1285    20110212	2.0046942E7
1285    20110308	2.00505816E7
1285    20110804	2.0054234766666666E7
1285    20121127	2.0057934933333334E7
1285    20130218	2.00619215E7
1285    20130927	2.00656051E7
1285    20141024	2.00696085E7
1285    20150224	2.0073605733333334E7
1285    20150614	2.0077615566666666E7
1285    20150926	2.00816328E7
1285    20160626	2.0085969766666666E7
1285    20160816	2.0090302733333334E7
