1287    20040808	1.9996768433333334E7
1287    20041014	1.9999427933333334E7
1287    20041121	2.00017946E7
1287    20050321	2.0004465133333333E7
1287    20050328	2.0007121966666665E7
1287    20051204	2.0009488733333334E7
1287    20060414	2.00121558E7
1287    20060526	2.0014819433333334E7
1287    20081128	2.0018163233333334E7
1287    20090116	2.0021793466666665E7
1287    20090126	2.0025093966666665E7
1287    20091116	2.0028424133333333E7
1287    20091213	2.0031756966666665E7
1287    20100624	2.0035403466666665E7
1287    20110127	2.0039060833333332E7
1287    20110624	2.0042734166666668E7
1287    20120622	2.00467381E7
