1288    20001117	1.9988722166666668E7
1288    20001120	3.998113703333333E7
1288    20001127	1.99921186E7
1288    20001130	1.9993149433333334E7
1288    20001206	1.9994175733333334E7
1288    20010114	1.9995475733333334E7
1288    20010505	1.9996485866666667E7
1288    20010606	1.9997492166666668E7
1288    20011019	1.9998492566666666E7
1288    20011216	1.9999175566666666E7
1288    20020418	2.0000156066666666E7
1288    20030409	2.0001469566666666E7
1288    20030729	2.0002793733333334E7
1288    20031230	2.0004134466666665E7
1288    20040806	2.0005794266666666E7
1288    20040808	2.00074539E7
1288    20041027	2.00091207E7
1288    20050129	2.0011087966666665E7
1288    20050320	2.00130582E7
1288    20050402	2.00150309E7
1288    20050426	2.00167082E7
1288    20060103	2.00187048E7
1288    20060128	2.0020698533333335E7
1288    20060130	2.00226893E7
1288    20060203	2.0024681933333334E7
1288    20060322	2.0026675866666667E7
1288    20060418	2.0028669733333334E7
1288    20060518	2.0030660266666666E7
1288    20060523	2.00326443E7
1288    20060606	2.0034627266666666E7
1288    20060821	2.00366173E7
1288    20061118	2.0038617233333334E7
1288    20061211	2.0040620033333335E7
1288    20070301	2.0042925733333334E7
1288    20071227	2.0045259766666666E7
1288    20080618	2.00476099E7
1288    20080711	2.00499501E7
1288    20080812	2.00522903E7
1288    20081128	2.0054627266666666E7
1288    20091014	2.00572872E7
1288    20100327	2.0059950833333332E7
1288    20110127	2.00626081E7
1288    20110307	2.00652607E7
1288    20110901	2.00679164E7
1288    20120622	2.0070576933333334E7
1288    20121123	2.00732541E7
1288    20130620	2.0076240533333335E7
1288    20150720	2.0079593566666666E7
1288    20150927	2.0082947133333333E7
1288    20160410	2.0086614066666666E7
1288    20160524	2.0090284E7
1288    20160706	2.0093637433333334E7
