1291    20000425	1.99848087E7
1291    20000504	1.99861183E7
1291    20000602	1.9987430733333334E7
1291    20000805	1.9988453533333335E7
1291    20000811	1.9989476533333335E7
1291    20001121	1.9990507066666666E7
1291    20001128	1.99915239E7
1291    20001209	1.99925406E7
1291    20001228	1.99935444E7
1291    20010122	1.9994534566666666E7
1291    20010717	1.9995534533333335E7
1291    20010815	1.9996534566666666E7
1291    20011216	1.9997541533333335E7
1291    20011220	1.99985419E7
1291    20020201	1.99995244E7
1291    20020418	2.0000504766666666E7
1291    20020624	2.0001491766666666E7
1291    20020922	2.0002488666666668E7
1291    20030409	2.0003798433333334E7
1291    20030513	2.0005111433333334E7
1291    20030610	2.0006424966666665E7
1291    20030820	2.0007745266666666E7
1291    20030827	2.0009065666666668E7
1291    20030929	2.0010389433333334E7
1291    20031204	2.0011721966666665E7
1291    20031230	2.0013055333333332E7
1291    20040216	2.0014392433333334E7
1291    20040526	2.00157364E7
1291    20040808	2.00170862E7
1291    20040903	2.00184361E7
1291    20041010	2.0019788933333334E7
1291    20050129	2.00214431E7
1291    20050207	2.00230966E7
1291    20050210	2.0024743433333334E7
1291    20050211	2.00263901E7
1291    20050304	2.0028029533333335E7
1291    20050309	2.00296689E7
1291    20050321	2.0031305966666665E7
1291    20050322	6.010282746666667E7
1291    20050403	2.00369222E7
1291    20050412	2.0038228733333334E7
1291    20050419	2.0039535366666667E7
1291    20051006	2.00405622E7
1291    20051023	2.0041582366666667E7
1291    20051110	2.0042598566666666E7
1291    20060203	2.0043907933333334E7
1291    20060215	2.0044901466666665E7
1291    20060220	2.00458917E7
1291    20060310	2.00468817E7
1291    20060418	2.00478683E7
1291    20060517	2.0048857966666665E7
1291    20060518	2.0049844266666666E7
1291    20060527	2.00508217E7
1291    20060721	2.0051804733333334E7
1291    20060801	2.00524909E7
1291    20060904	2.0053170166666668E7
1291    20061109	2.0053846866666667E7
1291    20061208	2.00545237E7
1291    20061229	2.0055197666666668E7
1291    20070228	2.0055867633333333E7
1291    20070303	2.00565375E7
1291    20070627	2.0057218066666666E7
1291    20080205	2.0058217866666667E7
1291    20080711	2.0059231433333334E7
1291    20080810	2.0060248133333333E7
1291    20080812	2.00612645E7
1291    20081129	2.00622914E7
1291    20090124	2.0063618133333333E7
1291    20090413	2.00649545E7
1291    20090414	2.00662882E7
1291    20090612	2.00676282E7
1291    20090809	2.0068974533333335E7
1291    20100327	2.0070618566666666E7
1291    20100807	2.0072278033333335E7
1291    20101215	2.00739482E7
1291    20110127	2.0075612333333332E7
1291    20110222	2.0077279233333334E7
1291    20110418	2.00789525E7
1291    20110429	2.0080623133333333E7
1291    20110509	2.0082292833333332E7
1291    20110531	2.0083959966666665E7
1291    20110901	2.00856394E7
1291    20111107	2.00873254E7
1291    20120622	2.00893221E7
1291    20120626	2.0091316266666666E7
1291    20120731	2.00933105E7
1291    20130218	2.0095614133333333E7
1291    20130404	2.0097920666666668E7
1291    20140910	2.01005767E7
1291    20150203	2.0103242533333335E7
1291    20150217	2.0105906333333332E7
1291    20150304	2.0108562233333334E7
1291    20150330	2.0110899733333334E7
1291    20150522	2.0113226766666666E7
1291    20150523	2.0115550533333335E7
1291    20150608	2.0117877066666666E7
1291    20150711	2.0120196466666665E7
1291    20150715	2.0122216166666668E7
1291    20150719	2.0124226366666667E7
1291    20150727	2.01262368E7
1291    20150913	2.0128246833333332E7
1291    20151013	2.0130253633333333E7
1291    20151129	2.0131947033333335E7
1291    20151205	2.0133626966666665E7
1291    20160123	2.0135590566666666E7
1291    20160410	2.0137266666666668E7
1291    20160416	2.01389398E7
1291    20160507	2.0140609433333334E7
1291    20160608	2.0142282066666666E7
1291    20160626	4.02895751E7
1291    20160721	2.0147283133333333E7
1291    20160801	2.01489396E7
1291    20160816	2.01502794E7
1291    20160907	2.01516221E7
1291    20161006	2.01529646E7
