1293    20060527	2.0018284E7
1293    20061203	2.0020984066666666E7
1293    20080810	2.0024331E7
1293    20090116	2.00279808E7
1293    20090402	2.0031620633333333E7
1293    20090414	2.0034936833333332E7
1293    20091014	2.0038266966666665E7
1293    20091213	2.0041293833333332E7
1293    20100402	2.0044626433333334E7
1293    20100807	2.0047972433333334E7
1293    20110127	2.0051623266666666E7
1293    20110212	2.00552769E7
1293    20110630	2.0058927266666666E7
1293    20120622	2.0062910666666668E7
1293    20120808	2.0066896766666666E7
1293    20141004	2.0071256766666666E7
1293    20160416	2.0076243466666665E7
