1302    20010204	1.9989745933333334E7
1302    20011012	1.99914058E7
1302    20020117	1.9993368733333334E7
1302    20020405	1.9995044866666667E7
1302    20020418	1.9996721433333334E7
1302    20030430	1.9998728933333334E7
1302    20030520	2.0000709133333333E7
1302    20030827	2.0002389966666665E7
1302    20031230	2.0004083733333334E7
1302    20040820	2.0006087133333333E7
1302    20040830	2.0008081233333334E7
1302    20040921	2.0009754366666667E7
1302    20041013	2.0011421033333335E7
1302    20050127	2.0013391433333334E7
1302    20050322	4.003270996666667E7
1302    20050325	2.0019312166666668E7
1302    20050423	2.00212857E7
1302    20060131	2.0023582433333334E7
1302    20060203	2.0025584833333332E7
1302    20060411	2.0027584966666665E7
1302    20060731	2.0029595166666668E7
1302    20061207	2.0031618433333334E7
1302    20061229	2.0033632633333333E7
1302    20070228	2.0035936433333334E7
1302    20080711	2.00385895E7
1302    20080816	2.0041246033333335E7
1302    20090414	2.0044219E7
1302    20090809	2.0046909266666666E7
1302    20091015	2.00496057E7
1302    20091020	2.0052299566666666E7
1302    20110127	2.00556034E7
1302    20110308	2.0058609766666666E7
1302    20130620	2.00622836E7
1302    20141116	2.0066306866666667E7
1302    20150720	2.0070316533333335E7
1302    20150927	2.00743301E7
1302    20160626	2.0078656733333334E7
