1304    20001121	1.9990416733333334E7
1304    20001125	1.99914502E7
1304    20001128	1.9992480966666665E7
1304    20001206	1.99935004E7
1304    20001209	1.9994503566666666E7
1304    20010119	1.9995500833333332E7
1304    20010122	1.9996491E7
1304    20010314	1.9997474333333332E7
1304    20020201	1.99987809E7
1304    20020310	2.0000084266666666E7
1304    20020418	2.0001067233333334E7
1304    20021218	2.00020744E7
1304    20030224	2.0003381733333334E7
1304    20030729	2.0004705433333334E7
1304    20030827	2.0006032233333334E7
1304    20031230	2.00073662E7
1304    20040128	2.00089967E7
1304    20040808	2.0010649866666667E7
1304    20040823	2.0012303E7
1304    20040921	2.00136601E7
1304    20040930	2.0015013833333332E7
1304    20041013	2.00163674E7
1304    20050129	2.0018024233333334E7
1304    20050207	2.0019683633333333E7
1304    20050305	2.0021343666666668E7
1304    20050320	2.00230038E7
1304    20050402	2.0024663766666666E7
1304    20050416	2.00263242E7
1304    20050603	2.0027987533333335E7
1304    20060203	2.0029956966666665E7
1304    20060527	2.0031937166666668E7
1304    20060606	2.0033919866666667E7
1304    20061211	2.0035922633333333E7
1304    20080711	2.00385728E7
1304    20080810	2.0041226166666668E7
1304    20090313	2.00438993E7
1304    20100327	2.0046906133333333E7
1304    20110127	2.0050233233333334E7
1304    20110509	2.00532435E7
1304    20110901	2.00562632E7
1304    20120622	2.0059603333333332E7
1304    20121123	2.00629335E7
1304    20150203	2.00669328E7
1304    20150715	2.0070932333333332E7
1304    20160804	2.00752649E7
1304    20160816	2.0079584433333334E7
