1307    20001114	1.9989070633333333E7
1307    20001121	1.99904008E7
1307    20001127	1.9991730733333334E7
1307    20001208	1.9992766966666665E7
1307    20010101	1.9994096833333332E7
1307    20010204	1.9995399833333332E7
1307    20010505	1.9996402766666666E7
1307    20010606	1.9997402433333334E7
1307    20010618	1.99983991E7
1307    20010704	1.9999395433333334E7
1307    20010720	2.0000385866666667E7
1307    20010813	2.0001046166666668E7
1307    20010815	2.0001706533333335E7
1307    20011019	2.0002373433333334E7
1307    20020405	2.0003352966666665E7
1307    20020418	2.00043328E7
1307    20021228	2.00053333E7
1307    20030409	2.0006639833333332E7
1307    20031204	2.0007972766666666E7
1307    20040312	2.0009309666666668E7
1307    20040526	2.0010650366666667E7
1307    20040726	2.00119975E7
1307    20040823	2.0013344733333334E7
1307    20040921	2.00146948E7
1307    20041010	2.0016047666666668E7
1307    20050125	2.0017704333333332E7
1307    20050320	2.0019364866666667E7
1307    20050322	4.0043707833333336E7
1307    20050603	2.0024344966666665E7
1307    20050723	2.00259986E7
1307    20050831	2.00276556E7
1307    20050921	2.00293154E7
1307    20060203	2.00312819E7
1307    20060305	2.0032955366666667E7
1307    20060418	2.0034629166666668E7
1307    20060526	2.0036296533333335E7
1307    20061109	2.0037979966666665E7
1307    20061112	2.00396631E7
1307    20061207	2.0041346533333335E7
1307    20061226	2.0043030066666666E7
1307    20061229	2.00447106E7
1307    20070228	2.0046691033333335E7
1307    20080126	2.00489946E7
1307    20080810	2.00510081E7
1307    20081129	2.00530318E7
1307    20090414	2.0055338E7
1307    20100807	2.00576846E7
1307    20110307	2.0060321366666667E7
1307    20110509	2.0062661266666666E7
1307    20110901	2.00650071E7
1307    20111106	2.00673531E7
1307    20120622	2.0070013066666666E7
1307    20121014	2.0072682833333332E7
1307    20130218	2.0075656433333334E7
1307    20150726	2.00790098E7
1307    20160330	2.00826768E7
1307    20160804	2.0086359533333335E7
