1320    20031230	2.00024187E7
1320    20040601	2.0005064866666667E7
1320    20040726	2.0007418366666667E7
1320    20040830	2.0009772533333335E7
1320    20041202	2.0012125166666668E7
1320    20050322	2.0014778966666665E7
1320    20050331	2.0017089933333334E7
1320    20050528	2.0019400633333333E7
1320    20051023	2.00213977E7
1320    20051110	2.0023393733333334E7
1320    20051213	2.0025093533333335E7
1320    20060127	2.00270872E7
1320    20060418	2.0029084133333333E7
1320    20060518	2.0031081333333332E7
1320    20061109	2.00330978E7
1320    20061204	2.0035101E7
1320    20080701	2.00377537E7
1320    20080711	2.0040406466666665E7
1320    20090414	2.0043379566666666E7
1320    20091013	2.00460561E7
1320    20101223	2.00490629E7
1320    20120808	2.00524164E7
1320    20120822	2.0055763266666666E7
1320    20150701	2.0060099166666668E7
1320    20160115	2.00647394E7
1320    20160907	2.0069395366666667E7
