1333    20050304	2.0004988033333335E7
1333    20050327	2.00079584E7
1333    20050603	2.0010641133333333E7
1333    20050923	2.0013331733333334E7
1333    20051023	2.0015995366666667E7
1333    20060131	2.00186525E7
1333    20060203	2.0020961633333333E7
1333    20060217	2.0023261866666667E7
1333    20060526	2.0025572233333334E7
1333    20060827	2.00278926E7
1333    20061204	2.00299284E7
1333    20090126	2.0032922333333332E7
1333    20090413	2.0035922566666666E7
1333    20110127	2.0039579333333332E7
1333    20110212	2.00432389E7
1333    20120622	2.00472423E7
1333    20121113	2.0051259333333332E7
1333    20121123	2.0055273333333332E7
1333    20140303	2.0059912766666666E7
1333    20150609	2.00648957E7
1333    20150926	2.00695896E7
1333    20160507	2.0074602433333334E7
