1339    20040531	1.9999735266666666E7
1339    20040903	2.00023915E7
1339    20050528	2.0005071733333334E7
1339    20051110	2.0007771166666668E7
1339    20051213	2.0010471433333334E7
1339    20060203	2.0013104633333333E7
1339    20060623	2.00154249E7
1339    20061226	2.00177624E7
1339    20061229	2.0020096366666667E7
1339    20080919	2.0023086566666666E7
1339    20090208	2.00263863E7
1339    20091013	2.0029712433333334E7
1339    20091116	2.00327391E7
1339    20091213	2.0035762733333334E7
1339    20110127	2.0039416633333333E7
1339    20110603	2.0043083333333332E7
1339    20111015	2.0046763666666668E7
1339    20120731	2.0050767133333333E7
1339    20121223	2.0054783533333335E7
1339    20140115	2.0059417233333334E7
1339    20141024	2.00640811E7
1339    20151110	2.0069080766666666E7
1339    20160115	2.0074380333333332E7
