1356    19981207	1.99712E7
1356    19991101	1.9972199233333334E7
1356    19991111	1.99731957E7
1356    19991211	1.9973899133333333E7
1356    20000205	1.9974902333333332E7
1356    20000219	1.9975905933333334E7
1356    20000316	1.9976912433333334E7
1356    20000318	1.9977919E7
1356    20000406	1.9978928466666665E7
1356    20000425	1.9979938466666665E7
1356    20000803	1.9980960966666665E7
1356    20000805	1.9981980966666665E7
1356    20001120	1.9983010933333334E7
1356    20001128	1.9984038433333334E7
1356    20001221	1.9985068333333332E7
1356    20010130	1.9986395033333335E7
1356    20010708	1.99877382E7
1356    20010717	1.9989081233333334E7
1356    20011019	1.9990431666666668E7
1356    20020405	1.9992094533333335E7
1356    20020418	1.9993754433333334E7
1356    20020624	1.9995421133333333E7
1356    20021228	1.9997107966666665E7
1356    20030409	1.9999097733333334E7
1356    20030514	2.00010839E7
1356    20030527	2.0003064333333332E7
1356    20040209	2.0005364533333335E7
1356    20040808	2.0007370933333334E7
1356    20040830	2.0009371466666665E7
1356    20040903	2.0011368166666668E7
1356    20040929	2.00133589E7
1356    20050127	2.0015326433333334E7
1356    20050322	2.0017300133333333E7
1356    20050413	2.0019273533333335E7
1356    20051023	2.0020967466666665E7
1356    20051110	2.0022663833333332E7
1356    20060311	2.0024663666666668E7
1356    20060322	2.00266638E7
1356    20060411	2.0028663966666665E7
1356    20060418	2.0030663733333334E7
1356    20060526	2.00326545E7
1356    20081130	2.0035332E7
1356    20100510	2.0038645E7
1356    20100516	2.0041957933333334E7
1356    20130218	2.0046257833333332E7
1356    20140505	2.0050603666666668E7
1356    20150105	2.0055250233333334E7
1356    20150715	2.0059916833333332E7
1356    20150716	2.00645734E7
1356    20151110	2.0068930233333334E7
1356    20151121	2.0073287E7
1356    20160510	2.0077949866666667E7
1356    20160722	2.0082599666666668E7
