1358    20001104	1.9993794133333333E7
1358    20001108	1.99948201E7
1358    20001114	1.99958201E7
1358    20001120	1.9996490533333335E7
1358    20001121	1.99968578E7
1358    20001127	1.9997197766666666E7
1358    20001209	1.9997540466666665E7
1358    20010626	1.9998197033333335E7
1358    20010815	1.9998857433333334E7
1358    20011016	1.9999524233333334E7
1358    20020127	2.0000494366666667E7
1358    20020330	2.0001468666666668E7
1358    20030409	2.0002778433333334E7
1358    20031230	2.0004112333333332E7
1358    20040823	2.0005766E7
1358    20041027	2.0007426466666665E7
1358    20050128	2.0009389766666666E7
1358    20050224	2.00110566E7
1358    20050317	2.00127238E7
1358    20050322	2.0014387833333332E7
1358    20050426	2.0016055133333333E7
1358    20060215	2.0018048166666668E7
1358    20060220	2.0020041333333332E7
1358    20060310	2.0022034833333332E7
1358    20060418	2.0024028366666667E7
1358    20060525	2.0026022433333334E7
1358    20060606	2.0028018266666666E7
1358    20060623	2.0030012333333332E7
1358    20060801	2.00320115E7
1358    20060821	2.0034008733333334E7
1358    20061208	2.00360122E7
1358    20061226	2.0038016133333333E7
1358    20061229	2.0040019966666665E7
1358    20080711	2.0042673E7
1358    20100607	2.00459892E7
1358    20141206	2.00506585E7
1358    20160626	2.00559724E7
