1370    20030527	1.99967437E7
1370    20031204	1.9999076633333333E7
1370    20040611	2.00014263E7
1370    20040726	2.00037798E7
1370    20040820	2.0006133633333333E7
1370    20040930	2.00084772E7
1370    20041013	2.0010490433333334E7
1370    20050210	2.0012797366666667E7
1370    20050322	4.00321794E7
1370    20050331	2.00190489E7
1370    20050405	2.00210219E7
1370    20050516	2.0022998566666666E7
1370    20050603	2.00249777E7
1370    20050608	2.0026654166666668E7
1370    20060131	2.0028645E7
1370    20060203	2.0030638166666668E7
1370    20060418	2.0032637933333334E7
1370    20061226	2.0034658733333334E7
1370    20061229	2.00366629E7
1370    20080126	2.0039296433333334E7
1370    20080816	2.00419527E7
1370    20090125	2.0044916566666666E7
1370    20090603	2.0047579433333334E7
1370    20091013	2.0050252966666665E7
1370    20100430	2.0053236833333332E7
1370    20110901	2.0056263233333334E7
1370    20120731	2.0059607E7
1370    20130218	2.0063257566666666E7
1370    20140126	2.00669148E7
1370    20150306	2.0070907433333334E7
1370    20151104	2.00749041E7
1370    20160115	2.0078887566666666E7
1370    20160507	2.0082880266666666E7
1370    20160816	2.0086880133333333E7
1370    20160907	2.0090879366666667E7
1370    20161006	2.0094879133333333E7
