1371    20050423	2.0007586666666668E7
1371    20050608	2.0010565966666665E7
1371    20051110	2.00132656E7
1371    20060203	2.0016268333333332E7
1371    20060418	2.0019275433333334E7
1371    20090124	2.00232588E7
1371    20090709	2.0026928566666666E7
1371    20091116	2.0030262066666666E7
1371    20091213	2.0033595466666665E7
1371    20100807	2.00372485E7
1371    20110319	2.0040918966666665E7
1371    20110630	2.0044599333333332E7
1371    20120214	2.0048592933333334E7
1371    20120520	2.0052590166666668E7
1371    20120808	2.0056592733333334E7
1371    20121223	2.0060606733333334E7
1371    20140115	2.0065239866666667E7
1371    20141024	2.0069603766666666E7
