1372    20040209	1.9996024533333335E7
1372    20040830	1.9998678333333332E7
1372    20040929	2.0001335E7
1372    20041202	2.0003704366666667E7
1372    20050127	2.0006371233333334E7
1372    20050505	2.00090479E7
1372    20050518	2.0011711066666666E7
1372    20050608	2.0014360866666667E7
1372    20051110	2.0016710666666668E7
1372    20060203	2.00193507E7
1372    20060418	2.0021660933333334E7
1372    20060518	2.0023971E7
1372    20081227	2.0026671666666668E7
1372    20090619	2.0029682033333335E7
1372    20091224	2.00327123E7
1372    20130601	2.0037055066666666E7
1372    20140115	2.0041712033333335E7
1372    20141024	2.0046398666666668E7
