1374    20001128	3.997882243333333E7
1374    20001221	1.9991112866666667E7
1374    20001228	1.9992149766666666E7
1374    20010101	1.9993479633333333E7
1374    20010204	1.9994799E7
1374    20010717	1.9996132633333333E7
1374    20020405	1.9997775666666668E7
1374    20020418	1.9999109033333335E7
1374    20020624	2.0000442633333333E7
1374    20021228	2.00017835E7
1374    20030207	2.0003416766666666E7
1374    20030409	2.0004730266666666E7
1374    20030919	2.00060604E7
1374    20040128	2.0007694333333332E7
1374    20040830	2.0009351633333333E7
1374    20040903	2.0011008033333335E7
1374    20040929	2.0012665133333333E7
1374    20040930	2.0014022566666666E7
1374    20041014	2.0015382766666666E7
1374    20041027	2.0016743033333335E7
1374    20050129	2.0018403566666666E7
1374    20050207	2.00200636E7
1374    20050211	2.0021717233333334E7
1374    20050321	2.0023370233333334E7
1374    20050322	2.0025020866666667E7
1374    20050412	2.0026674233333334E7
1374    20050423	2.00283249E7
1374    20050603	2.0029981533333335E7
1374    20051110	2.0031647866666667E7
1374    20060203	2.0033617033333335E7
1374    20060418	2.0035593366666667E7
1374    20090124	2.00385568E7
1374    20090612	2.0041536266666666E7
1374    20101215	2.00445734E7
1374    20110901	2.0047929966666665E7
1374    20120622	2.0051593466666665E7
1374    20120808	2.0054940233333334E7
1374    20121013	2.00582934E7
1374    20121123	2.0061643366666667E7
1374    20130218	2.0065276366666667E7
1374    20150715	2.00692933E7
1374    20151121	2.0073317033333335E7
