1375    20030415	1.9994449633333333E7
1375    20040830	1.9997103E7
1375    20040929	1.9999463266666666E7
1375    20041014	2.0001826366666667E7
1375    20050127	2.0004490433333334E7
1375    20050207	2.0007143233333334E7
1375    20050211	2.0009463066666666E7
1375    20050322	2.00117832E7
1375    20050416	2.0014097E7
1375    20050419	2.0016404E7
1375    20050518	2.00183877E7
1375    20050608	2.0020370933333334E7
1375    20051110	2.0022367566666666E7
1375    20060203	2.0024667133333333E7
1375    20060418	2.0026973466666665E7
1375    20060518	2.0028983433333334E7
1375    20081030	2.0031674E7
1375    20090124	2.00346646E7
1375    20090612	2.0037667533333335E7
1375    20110212	2.0041317833333332E7
1375    20120122	2.0045295133333333E7
1375    20120520	2.0049285633333333E7
1375    20130601	2.0053601666666668E7
1375    20140115	2.0058234566666666E7
1375    20141024	2.0062894666666668E7
