1376    20001228	1.99894235E7
1376    20010101	1.9991053E7
1376    20010717	1.99927026E7
1376    20020425	1.99943794E7
1376    20021228	1.9996082966666665E7
1376    20030207	1.9998083033333335E7
1376    20030307	2.00000725E7
1376    20030409	2.0002049E7
1376    20030926	2.00037258E7
1376    20040312	2.0005712266666666E7
1376    20040830	2.0007706533333335E7
1376    20050211	2.00096796E7
1376    20050224	2.0011650033333335E7
1376    20050228	2.0013617266666666E7
1376    20050505	2.0015593566666666E7
1376    20050608	2.0017572866666667E7
1376    20051110	2.0019269633333333E7
1376    20060220	4.00445364E7
1376    20060322	2.0025267033333335E7
1376    20060418	2.00272705E7
1376    20060518	2.0029277166666668E7
1376    20070512	2.0031614033333335E7
1376    20081030	2.0034298233333334E7
1376    20090616	2.00372944E7
1376    20090809	2.00402946E7
1376    20100209	2.0043597566666666E7
1376    20100516	2.00469105E7
1376    20101215	2.0050246733333334E7
1376    20110319	2.0053883333333332E7
1376    20120214	2.0057849533333335E7
1376    20130218	2.0061853433333334E7
1376    20151110	2.00665332E7
1376    20151121	2.0070889733333334E7
1376    20160510	2.0075532466666665E7
1376    20160816	2.00798861E7
