1377    20020701	1.9994365833333332E7
1377    20030307	1.9996668866666667E7
1377    20030406	1.9998678366666667E7
1377    20040214	2.0001012E7
1377    20040526	2.00033421E7
1377    20040728	2.00056761E7
1377    20040820	2.0007999633333333E7
1377    20040903	2.00100092E7
1377    20050129	2.0012306533333335E7
1377    20050207	2.0014276266666666E7
1377    20050322	2.0016249566666666E7
1377    20050331	2.0018220233333334E7
1377    20050419	2.00201937E7
1377    20050608	2.0022173433333334E7
1377    20051110	2.0023870266666666E7
1377    20060203	2.0025866533333335E7
1377    20060418	2.0027866933333334E7
1377    20060526	2.00298703E7
1377    20060717	2.00318774E7
1377    20061226	2.0033901166666668E7
1377    20070301	2.00362272E7
1377    20080816	2.0038897666666668E7
1377    20100812	2.0042231233333334E7
1377    20111120	2.0045898433333334E7
1377    20120118	2.0049865E7
1377    20120520	2.0053545433333334E7
1377    20120805	2.0057218266666666E7
1377    20130601	2.00612147E7
1377    20140303	2.0065221166666668E7
1377    20150203	2.0069547333333332E7
1377    20150813	2.00738844E7
1377    20151112	2.0077911233333334E7
1377    20160507	2.0082247933333334E7
1377    20160510	2.00862578E7
1377    20160816	2.0090267466666665E7
