1380    20010122	1.9992365733333334E7
1380    20010204	1.9993998966666665E7
1380    20010606	1.99956453E7
1380    20010709	1.9996998233333334E7
1380    20011015	1.9998361366666667E7
1380    20020201	2.00000279E7
1380    20020418	2.0001671366666667E7
1380    20030406	2.0003337666666668E7
1380    20030409	2.00049844E7
1380    20030520	2.0006301266666666E7
1380    20030610	2.0007620866666667E7
1380    20030827	2.0008944733333334E7
1380    20031230	2.0010278566666666E7
1380    20040601	2.0011924733333334E7
1380    20040726	2.00132754E7
1380    20050127	2.00149357E7
1380    20050228	2.0016596433333334E7
1380    20050317	2.0018256866666667E7
1380    20050322	8.00895978E7
1380    20050323	2.0026522333333332E7
1380    20050401	2.0028165233333334E7
1380    20050406	2.00298081E7
1380    20050723	2.0031461533333335E7
1380    20050904	2.0033120966666665E7
1380    20051023	2.0034485033333335E7
1380    20051219	2.00358556E7
1380    20060203	2.0037525533333335E7
1380    20060215	2.00391953E7
1380    20060330	2.0040866166666668E7
1380    20060606	2.0042532833333332E7
1380    20060820	2.00442032E7
1380    20061111	2.0045873066666666E7
1380    20061112	2.0047236766666666E7
1380    20061219	2.00485968E7
1380    20061221	2.0049623966666665E7
1380    20070228	2.0050951266666666E7
1380    20080126	2.00526048E7
1380    20080714	2.0054274933333334E7
1380    20080816	2.0055941233333334E7
1380    20081129	2.0057604533333335E7
1380    20081210	2.0058958166666668E7
1380    20090315	2.0060611133333333E7
1380    20090414	2.0061954033333335E7
1380    20090603	2.0063299866666667E7
1380    20091015	2.0064656466666665E7
1380    20110127	2.0066649966666665E7
1380    20110307	2.0068649466666665E7
1380    20110509	2.00706557E7
1380    20110901	2.0072675E7
1380    20120622	2.00750183E7
1380    20120630	2.0077359266666666E7
1380    20130127	2.0080016633333333E7
1380    20130218	2.0082666466666665E7
1380    20131206	2.00853432E7
1380    20150614	2.00886629E7
1380    20150727	2.0091979833333332E7
1380    20160626	2.0095327266666666E7
1380    20160719	2.00986774E7
