1387    20000504	1.9986697733333334E7
1387    20000602	1.99880106E7
1387    20000702	1.99893268E7
1387    20000731	1.9990347133333333E7
1387    20000903	1.99913732E7
1387    20000904	1.99923991E7
1387    20001108	1.99934292E7
1387    20001120	1.99944294E7
1387    20001127	1.9995126933333334E7
1387    20001128	1.9995810766666666E7
1387    20001206	1.99964971E7
1387    20010119	1.99974675E7
1387    20010122	1.9998431266666666E7
1387    20010709	1.9999088133333333E7
1387    20010717	1.9999745166666668E7
1387    20010722	2.0000401933333334E7
1387    20010813	2.0001055366666667E7
1387    20011012	2.0001715366666667E7
1387    20011016	2.0002375466666665E7
1387    20020201	2.0003341733333334E7
1387    20020416	2.00043151E7
1387    20020418	2.00052885E7
1387    20021218	2.0005991433333334E7
1387    20030207	2.0006993966666665E7
1387    20030409	2.0008000766666666E7
1387    20030527	2.00090078E7
1387    20030717	2.00100211E7
1387    20030929	2.0011038533333335E7
1387    20040526	2.0012375266666666E7
1387    20040728	2.00137187E7
1387    20040903	2.0015065333333332E7
1387    20041012	2.0016412333333332E7
1387    20050110	2.0018059266666666E7
1387    20050304	2.00197117E7
1387    20050320	2.0021358933333334E7
1387    20050403	2.00230089E7
1387    20050409	2.0024652266666666E7
1387    20051006	2.0026315133333333E7
1387    20051023	2.0027978333333332E7
1387    20051110	2.00296444E7
1387    20060131	2.0031608566666666E7
1387    20060203	2.0033278033333335E7
1387    20060327	2.0034951533333335E7
1387    20060418	2.00366085E7
1387    20060518	2.0038268533333335E7
1387    20060526	2.0039928666666668E7
1387    20060715	2.0041592066666666E7
1387    20060801	2.00432517E7
1387    20060814	2.0044911633333333E7
1387    20061207	2.00462785E7
1387    20061229	2.0047638933333334E7
1387    20070708	2.0049315266666666E7
1387    20080126	2.0051278866666667E7
1387    20080711	2.0052962333333332E7
1387    20080810	2.0054642366666667E7
1387    20081129	2.00563291E7
1387    20090413	2.0058318966666665E7
1387    20091013	2.0060321766666666E7
1387    20100327	2.0062315133333333E7
1387    20100807	2.0064317766666666E7
1387    20101206	2.0066327866666667E7
1387    20110127	2.00686317E7
1387    20110429	2.0070642333333332E7
1387    20110509	2.0072649166666668E7
1387    20110901	2.0074668533333335E7
1387    20120622	2.0077009166666668E7
1387    20130218	2.0079669466666665E7
1387    20130620	2.0082323266666666E7
1387    20140812	2.0085316233333334E7
1387    20140825	2.0088306733333334E7
1387    20141206	2.0091009233333334E7
1387    20150609	2.0094022766666666E7
1387    20150716	2.0097035733333334E7
1387    20150720	2.01000458E7
1387    20151111	2.0103065566666666E7
1387    20151121	2.01060854E7
1387    20160410	2.0109408566666666E7
1387    20160507	2.01127321E7
1387    20160626	2.0116059166666668E7
