1391    20001128	1.99853652E7
1391    20001228	1.9986698866666667E7
1391    20010606	1.9988045566666666E7
1391    20010708	1.9989395066666666E7
1391    20020201	1.9991057466666665E7
1391    20020418	1.9992724466666665E7
1391    20021228	1.9994418166666668E7
1391    20030207	1.9996410866666667E7
1391    20030307	1.9998404233333334E7
1391    20030406	2.0000397666666668E7
1391    20030730	2.0002398366666667E7
1391    20040214	2.0004714966666665E7
1391    20040601	2.00070314E7
1391    20040820	2.00090382E7
1391    20040903	2.00110349E7
1391    20041010	2.0013028333333332E7
1391    20041027	2.00146922E7
1391    20050210	2.0016661766666666E7
1391    20050322	2.0018631966666665E7
1391    20050324	2.0020305066666666E7
1391    20050423	2.0021975266666666E7
1391    20050608	2.00236516E7
1391    20050831	2.0025332433333334E7
1391    20051110	2.0027021933333334E7
1391    20060203	2.00290119E7
1391    20060311	2.00310022E7
1391    20060418	2.0032991766666666E7
1391    20060527	2.0034975933333334E7
1391    20060814	2.00369657E7
1391    20061229	2.0038969066666666E7
1391    20070228	2.00412724E7
1391    20080126	2.0043902333333332E7
1391    20080205	2.00462223E7
1391    20080810	2.0048559033333335E7
1391    20090124	2.00508898E7
1391    20090414	2.0053223E7
1391    20091015	2.0055549233333334E7
1391    20100327	2.0057886566666666E7
1391    20101206	2.0060249866666667E7
1391    20110127	2.0062907233333334E7
1391    20110901	2.00655796E7
1391    20120630	2.0068260133333333E7
1391    20120805	2.00709336E7
1391    20121221	2.0073613633333333E7
1391    20130218	2.00765908E7
1391    20140202	2.00798972E7
1391    20150917	2.00835602E7
1391    20160309	2.0087230166666668E7
1391    20160416	2.0090899966666665E7
1391    20160507	2.0094572733333334E7
1391    20160816	2.00982525E7
