1393    20000425	1.9980649433333334E7
1393    20000504	1.9981662633333333E7
1393    20000509	1.99826758E7
1393    20000602	1.9983691833333332E7
1393    20000703	1.9984708433333334E7
1393    20000731	1.9985725433333334E7
1393    20001002	1.9986745233333334E7
1393    20001104	1.99877684E7
1393    20001114	1.9988791766666666E7
1393    20001209	1.9989818166666668E7
1393    20001225	1.9990842133333333E7
1393    20010122	1.9992162233333334E7
1393    20010130	1.9993479133333333E7
1393    20010618	1.9994809433333334E7
1393    20010620	1.9996123333333332E7
1393    20010706	1.9997140166666668E7
1393    20010720	1.99981436E7
1393    20020117	1.99994537E7
1393    20020316	2.00007672E7
1393    20020418	2.00020809E7
1393    20020717	2.0003073866666667E7
1393    20030406	2.0004387266666666E7
1393    20030416	2.00057009E7
1393    20030517	2.0007017733333334E7
1393    20030714	2.0008337433333334E7
1393    20030929	2.00096616E7
1393    20040601	2.0011307766666666E7
1393    20040726	2.0012957666666668E7
1393    20040903	2.00143077E7
1393    20041010	2.0015661133333333E7
1393    20041031	2.0017014666666668E7
1393    20041121	2.0018368566666666E7
1393    20050320	2.0020028933333334E7
1393    20050323	2.00216863E7
1393    20050403	2.0023342966666665E7
1393    20050404	2.0024998733333334E7
1393    20050423	2.00266461E7
1393    20050831	2.0028303666666668E7
1393    20051023	2.00299673E7
1393    20060203	2.0031933766666666E7
1393    20060215	2.00339001E7
1393    20060310	2.0035573033333335E7
1393    20060418	2.00372493E7
1393    20060525	2.0038912866666667E7
1393    20060527	2.0040576433333334E7
1393    20060718	2.00422435E7
1393    20060731	2.0043910533333335E7
1393    20060814	2.00452671E7
1393    20060905	2.0046620066666666E7
1393    20061112	2.0047976533333335E7
1393    20061229	2.0049326933333334E7
1393    20070303	2.0050656833333332E7
1393    20070708	2.00519999E7
1393    20080126	2.0053653533333335E7
1393    20080711	2.00553201E7
1393    20080810	2.00569828E7
1393    20081129	2.0058333733333334E7
1393    20090414	2.005999E7
1393    20090809	2.0061653533333335E7
1393    20091015	2.0063320366666667E7
1393    20100430	2.0065300333333332E7
1393    20101207	2.00673032E7
1393    20110127	2.0069296766666666E7
1393    20110509	2.0071302966666665E7
1393    20110901	2.0073319566666666E7
1393    20121029	2.0075673733333334E7
1393    20130621	2.0078347E7
1393    20140202	2.0081326033333335E7
1393    20140303	2.0084302033333335E7
1393    20141206	2.0087002133333333E7
1393    20150611	2.0090015333333332E7
1393    20150714	2.00930288E7
1393    20150927	2.0096045766666666E7
1393    20160416	2.0099375466666665E7
1393    20160507	2.0102708133333333E7
1393    20160626	2.01060384E7
1393    20160816	2.0109374566666666E7
