1394    20001010	1.9986438233333334E7
1394    20001117	1.9987767833333332E7
1394    20001120	3.997863556666667E7
1394    20001124	1.9990865066666666E7
1394    20001208	1.9991891433333334E7
1394    20001209	1.99929081E7
1394    20010101	1.9994207666666668E7
1394    20010606	1.9995221166666668E7
1394    20010815	1.9996234433333334E7
1394    20020418	1.9997561166666668E7
1394    20020922	1.9998891666666668E7
1394    20021228	1.99999084E7
1394    20030409	2.0001221933333334E7
1394    20030717	2.00025457E7
1394    20030729	2.0003869866666667E7
1394    20031204	2.0005209766666666E7
1394    20031230	2.0006550466666665E7
1394    20040526	2.00082007E7
1394    20040808	2.00098602E7
1394    20050127	2.0011824066666666E7
1394    20050323	2.00137944E7
1394    20050328	2.00157648E7
1394    20050501	2.0017740733333334E7
1394    20060103	2.0020036533333335E7
1394    20060518	2.0022050233333334E7
1394    20060526	2.0024054233333334E7
1394    20060814	2.0026067233333334E7
1394    20060821	2.0028080433333334E7
1394    20081129	2.0030760366666667E7
1394    20090414	2.00337405E7
1394    20110127	2.0037374166666668E7
1394    20110203	2.0041010266666666E7
1394    20110307	2.0044649833333332E7
1394    20110509	2.0048296E7
1394    20110901	2.0051952433333334E7
1394    20111022	2.0055612866666667E7
1394    20120805	2.0059303E7
1394    20121111	2.00629865E7
1394    20130218	2.00669666E7
1394    20150610	2.0071306333333332E7
