1396    20030415	1.99967504E7
1396    20030610	1.99987667E7
1396    20030612	2.0000780266666666E7
1396    20030803	2.00027834E7
1396    20030821	2.00044569E7
1396    20050310	2.0006767166666668E7
1396    20050322	2.00087441E7
1396    20050403	2.00107237E7
1396    20050413	2.0012703366666667E7
1396    20050505	2.0014682766666666E7
1396    20050923	2.00166731E7
1396    20051101	2.00186693E7
1396    20060203	2.0020968433333334E7
1396    20060310	2.00229752E7
1396    20060418	2.0024982266666666E7
1396    20060802	2.00270017E7
1396    20060924	2.0029021933333334E7
1396    20061226	2.0031049266666666E7
1396    20080711	2.0033725466666665E7
1396    20110127	2.0037379533333335E7
1396    20111022	2.00410602E7
1396    20160507	2.00463834E7
