1405    20050423	1.9999306366666667E7
1405    20050608	2.0002286033333335E7
1405    20060418	2.0005592333333332E7
1405    20060724	2.00086131E7
1405    20061226	2.0011647133333333E7
1405    20080623	2.0015324E7
1405    20091013	2.00193468E7
1405    20091116	2.00233701E7
1405    20091213	2.0027393233333334E7
1405    20110127	2.0032043366666667E7
1405    20110429	2.00363771E7
1405    20110630	2.0040364666666668E7
1405    20120731	2.0044688633333333E7
1405    20121029	2.0049015933333334E7
1405    20121123	2.0053345733333334E7
1405    20130927	2.00577056E7
1405    20160816	2.0063055566666666E7
