1407    20030406	1.9997101133333333E7
1407    20030409	1.9999107333333332E7
1407    20030919	2.0001107033333335E7
1407    20031204	2.0003107066666666E7
1407    20040423	2.0005114466666665E7
1407    20040726	2.0007118233333334E7
1407    20040903	2.0009114933333334E7
1407    20040930	2.00107884E7
1407    20041115	2.0012458666666668E7
1407    20050110	2.0014428533333335E7
1407    20050211	2.00164014E7
1407    20050423	2.0018375166666668E7
1407    20051219	2.0020375266666666E7
1407    20060103	2.0022374633333333E7
1407    20060202	2.0024377033333335E7
1407    20060224	2.00263772E7
1407    20060330	2.00283712E7
1407    20060418	2.00303617E7
1407    20060721	2.0032361366666667E7
1407    20061226	2.0034368833333332E7
1407    20061229	2.0036372966666665E7
1407    20080126	2.00390069E7
1407    20080205	2.0041643066666666E7
1407    20080711	2.00442961E7
1407    20081128	2.0046960066666666E7
1407    20081210	2.0049320166666668E7
1407    20081227	2.0051673733333334E7
1407    20090124	2.0054317366666667E7
1407    20090414	2.0056650633333333E7
1407    20090603	2.00589733E7
1407    20100430	2.0061307433333334E7
1407    20110127	2.00639647E7
1407    20110901	2.0066630766666666E7
1407    20120808	2.0069617566666666E7
1407    20130218	2.0072610733333334E7
1407    20140303	2.0075929966666665E7
1407    20141004	2.0079266666666668E7
1407    20150610	2.0082922666666668E7
1407    20160115	2.0086889333333332E7
1407    20160309	2.0090562633333333E7
1407    20160416	2.0094236133333333E7
1407    20160507	2.00979056E7
1407    20160531	2.0101549333333332E7
1407    20160816	2.0104906433333334E7
