141    19970128	1.99627372E7
141    19970131	1.99630576E7
141    19970205	1.9963380366666667E7
141    19970206	1.9963703133333333E7
141    19970214	1.99640234E7
141    19970215	1.9964343566666666E7
141    19970221	1.99646638E7
141    19970303	1.9964986766666666E7
141    19970317	1.9965309933333334E7
141    19970318	1.9965629966666665E7
141    19970409	1.9965952633333333E7
141    19970413	1.9966269666666668E7
141    19970426	1.99665865E7
141    19970603	1.99669065E7
141    19970621	1.99672269E7
141    19970623	1.9967547366666667E7
141    19970929	1.99678777E7
141    19971114	1.9968210966666665E7
141    19980201	1.9968847E7
141    19981207	1.99695165E7
141    19991012	1.99705097E7
141    19991216	1.9971509666666668E7
141    20000207	1.9972808966666665E7
141    20000219	1.9974108633333333E7
141    20000407	1.9975414566666666E7
141    20000425	1.9976425133333333E7
141    20000508	1.9977438466666665E7
141    20000602	3.99579258E7
141    20001119	1.9980504033333335E7
141    20001121	1.9981537133333333E7
141    20010606	1.99828863E7
141    20020529	1.9984563766666666E7
141    20040726	1.9986914433333334E7
141    20041010	1.99892743E7
141    20041027	1.99916347E7
141    20050128	1.9994298266666666E7
141    20050405	1.9996968333333332E7
141    20050505	1.9999641266666666E7
141    20060130	2.0002635E7
141    20060203	2.0005628133333333E7
141    20060215	2.0008621533333335E7
141    20060411	2.0011621033333335E7
141    20060418	2.0014614866666667E7
141    20060518	2.0017611433333334E7
141    20060821	2.0020618033333335E7
141    20060827	2.0023614633333333E7
141    20061111	2.0026614533333335E7
141    20061112	2.0029311566666666E7
141    20061211	2.0031978366666667E7
141    20061229	2.0034318933333334E7
141    20070228	2.0036952666666668E7
141    20070303	2.00392892E7
141    20080205	2.00419554E7
141    20081129	2.0044646133333333E7
141    20090124	2.00476361E7
141    20090201	2.0050625866666667E7
141    20090414	2.00536196E7
141    20100516	2.0056950066666666E7
141    20120622	2.00609335E7
141    20130218	2.0065236733333334E7
141    20151230	2.00699242E7
141    20160416	2.00745871E7
141    20160507	2.00785798E7
