1485    20040921	2.0001504933333334E7
1485    20041110	2.0003854566666666E7
1485    20041121	2.0006194366666667E7
1485    20050322	6.00341198E7
1485    20050327	2.0016136633333333E7
1485    20050423	2.0018443833333332E7
1485    20050608	2.0020430366666667E7
1485    20050904	2.0022420166666668E7
1485    20060103	2.0024716433333334E7
1485    20060127	2.0027013466666665E7
1485    20060215	2.0029313E7
1485    20060223	2.0031612766666666E7
1485    20060224	2.0033606666666668E7
1485    20060418	2.00356038E7
1485    20060518	2.00375967E7
1485    20060724	2.0039584033333335E7
1485    20060813	2.0041574E7
1485    20061112	2.0043573733333334E7
1485    20071228	2.00456106E7
1485    20080126	2.0047927933333334E7
1485    20080711	2.00502643E7
1485    20080810	2.0052603866666667E7
1485    20081129	2.00549343E7
1485    20081210	2.00569609E7
1485    20081227	2.0058658233333334E7
1485    20090414	2.00603145E7
1485    20100327	2.0062298066666666E7
1485    20100430	2.00642823E7
1485    20110127	2.0066589166666668E7
1485    20110503	2.0068902266666666E7
1485    20110901	2.0071228266666666E7
1485    20111124	2.0073255E7
1485    20120630	2.00755986E7
1485    20140202	2.00785946E7
1485    20141206	2.00816239E7
1485    20151123	2.0084980566666666E7
1485    20160216	2.0088634166666668E7
1485    20160507	2.00922876E7
1485    20160816	2.00956447E7
1485    20161015	2.0099007633333333E7
