150    19960706	1.99605445E7
150    19960709	1.9960557133333333E7
150    19960715	1.9960569966666665E7
150    19960717	1.9960580133333333E7
150    19960724	1.9960590466666665E7
150    19960801	1.9960603366666667E7
150    19960802	1.9960613133333333E7
150    19960813	1.99606232E7
150    19960815	1.99606333E7
150    19960816	1.9960643333333332E7
150    19960819	1.9960653366666667E7
150    19960826	1.99606636E7
150    19960830	3.99213582E7
150    19960902	1.9960696866666667E7
150    19960905	1.9960709533333335E7
150    19960906	1.9960722133333333E7
150    19960909	3.992147443333333E7
150    19960910	1.9960752133333333E7
150    19960919	1.9960762366666667E7
150    19960920	1.9960772533333335E7
150    19960921	1.9960782666666668E7
150    19960926	1.9960792966666665E7
150    19961003	1.9960805766666666E7
150    19961012	1.9960818833333332E7
150    19961015	1.9960831966666665E7
150    19961016	1.99608451E7
150    19961017	1.9960858066666666E7
150    19961019	1.9960871066666666E7
150    19961020	1.9960881533333335E7
150    19961026	1.99608921E7
150    19961106	5.988275406666667E7
150    19961107	1.9960941033333335E7
150    19961108	1.9960951233333334E7
150    19961110	1.9960961133333333E7
150    19961115	1.9960971133333333E7
150    19961116	1.9960981133333333E7
150    19961120	3.992199213333333E7
150    19961122	1.99610107E7
150    19961124	1.99610205E7
150    19961125	1.9961027933333334E7
150    19961129	1.99610354E7
150    19970109	1.9961342166666668E7
150    19970121	1.9961649233333334E7
150    19970127	1.99619565E7
150    19970205	1.9962266333333332E7
150    19970303	1.9962579133333333E7
150    19970417	1.99628957E7
150    19970708	1.9963221933333334E7
150    19971114	1.9963561533333335E7
150    19980201	1.9964201466666665E7
150    19980402	1.99648478E7
150    19980617	1.99655012E7
150    19980814	1.9966161133333333E7
150    19981002	1.99668273E7
150    19990726	1.9967817533333335E7
150    19991001	1.99688169E7
150    19991007	1.9969816266666666E7
150    19991011	1.99708131E7
150    19991012	1.9971809966666665E7
150    19991101	1.99728098E7
150    19991213	5.992445043333333E7
150    20000117	1.9977120333333332E7
150    20000122	1.9978420533333335E7
150    20000401	1.99797299E7
150    20000407	1.9981039466666665E7
150    20000425	1.9982349566666666E7
150    20000509	1.99836624E7
150    20000615	1.9984978733333334E7
150    20000703	1.9986297866666667E7
150    20000731	1.99873186E7
150    20000803	1.9988341333333332E7
150    20001104	1.99893739E7
150    20001108	1.9990404E7
150    20001120	1.9991431233333334E7
150    20001209	1.9992457633333333E7
150    20001225	1.9993474866666667E7
150    20010110	1.9994774733333334E7
150    20010122	1.99957721E7
150    20010717	1.99967826E7
150    20010806	1.99977889E7
150    20010815	1.9998788933333334E7
150    20011019	1.99997895E7
150    20020418	2.0000779233333334E7
150    20040301	2.0002422566666666E7
150    20040312	2.0004066066666666E7
150    20040726	2.0005723233333334E7
150    20040903	2.0007386266666666E7
150    20041012	2.0009049966666665E7
150    20041017	2.00107101E7
150    20041027	2.0012370566666666E7
150    20041110	2.00140338E7
150    20041115	2.00154004E7
150    20041128	2.0016767266666666E7
150    20050110	2.0018424233333334E7
150    20050210	2.0020084333333332E7
150    20050310	2.0021747166666668E7
150    20050320	2.0023407533333335E7
150    20050321	2.00250644E7
150    20050322	2.0026718366666667E7
150    20050331	2.00283717E7
150    20050412	2.0030025333333332E7
150    20050416	2.0031669066666666E7
150    20050501	4.006827703333333E7
150    20051023	2.0036622E7
150    20051116	2.0038285033333335E7
150    20060130	2.0039952366666667E7
150    20060203	2.0041621733333334E7
150    20060215	2.0043271666666668E7
150    20060411	2.0044925166666668E7
150    20060418	2.00465786E7
150    20060518	2.0048228566666666E7
150    20060526	2.00495655E7
150    20060602	2.00502422E7
150    20060821	2.0050925833333332E7
150    20061112	2.0051605366666667E7
150    20061207	2.0052282166666668E7
150    20061229	2.0052956066666666E7
150    20070228	2.0053929766666666E7
150    20070302	2.00549056E7
150    20070627	2.00558895E7
150    20070703	2.0056875766666666E7
150    20071110	2.0057875166666668E7
150    20080126	2.00588757E7
150    20080205	2.0059875533333335E7
150    20080711	2.00608889E7
150    20080810	2.0061905233333334E7
150    20081028	2.00629288E7
150    20081128	2.0063955666666668E7
150    20090124	2.00652821E7
150    20090402	2.00666151E7
150    20090413	2.0067948333333332E7
150    20090414	2.0069278766666666E7
150    20091020	2.00706294E7
150    20100118	2.00722659E7
150    20100327	2.0073906266666666E7
150    20100413	2.0075249033333335E7
150    20101010	2.0076609266666666E7
150    20101207	2.0077975666666668E7
150    20110127	2.0079632866666667E7
150    20110509	2.0081302566666666E7
150    20110711	2.0082975666666668E7
150    20110901	2.0084654833333332E7
150    20120122	2.0086638833333332E7
150    20120221	2.0088618833333332E7
150    20120413	2.0090595533333335E7
150    20120502	2.0092572033333335E7
150    20120611	2.0094551433333334E7
150    20121111	2.0096247533333335E7
150    20130127	2.00982417E7
150    20130620	2.0100241466666665E7
150    20130928	2.0102248966666665E7
150    20140126	2.01045495E7
150    20140825	2.01065728E7
150    20150701	2.0108922666666668E7
150    20150927	2.01112632E7
150    20151020	2.0113603533333335E7
150    20151104	2.01159394E7
150    20151230	2.0118276133333333E7
150    20160115	2.0120609166666668E7
150    20160427	2.0122943333333332E7
150    20160507	2.01252798E7
150    20160626	2.01276202E7
150    20161006	2.0129953066666666E7
