1500    20020330	1.9997679766666666E7
1500    20030409	1.99996795E7
1500    20030517	2.0001665766666666E7
1500    20030706	2.0003335433333334E7
1500    20031230	2.0005015966666665E7
1500    20040114	2.00066622E7
1500    20040526	2.0008312833333332E7
1500    20040726	2.00099701E7
1500    20040820	2.0011623733333334E7
1500    20040921	2.0013280566666666E7
1500    20041027	2.00149405E7
1500    20050129	2.00166079E7
1500    20050211	2.0018277233333334E7
1500    20050322	2.0019947333333332E7
1500    20050505	2.00216173E7
1500    20051101	2.0023306733333334E7
1500    20060203	2.0025299333333332E7
1500    20060215	2.00272897E7
1500    20060305	2.0029282533333335E7
1500    20060418	2.00312764E7
1500    20060523	2.00332704E7
1500    20060525	2.0035263533333335E7
1500    20060801	2.0037265866666667E7
1500    20060821	2.00392561E7
1500    20061226	2.00412596E7
1500    20061229	2.0043260266666666E7
1500    20080714	2.0045613333333332E7
1500    20081128	2.0047964066666666E7
1500    20090414	2.0050610566666666E7
1500    20100407	2.00532841E7
1500    20110901	2.0056303133333333E7
1500    20120502	2.0059306233333334E7
1500    20130522	2.0062639733333334E7
1500    20150917	2.0066646766666666E7
1500    20160507	2.0070956E7
