151    19991007	1.9965096133333333E7
151    19991101	1.9966121833333332E7
151    20000406	1.99674549E7
151    20000703	1.9968794533333335E7
151    20000731	1.9970134966666665E7
151    20001104	1.99714878E7
151    20001120	1.9972838266666666E7
151    20020908	1.99748482E7
151    20030415	1.9977174933333334E7
151    20040128	1.99798253E7
151    20040526	1.9982488866666667E7
151    20040903	1.99851621E7
151    20040929	1.99878356E7
151    20040930	1.99905024E7
151    20050322	1.9993479033333335E7
151    20060518	1.9996792866666667E7
151    20060821	2.00001167E7
151    20080711	2.0004103233333334E7
151    20080816	2.0008093233333334E7
