1513    20030307	2.0001113333333332E7
1513    20030406	2.0003106166666668E7
1513    20040209	2.00054257E7
1513    20040216	2.0007732633333333E7
1513    20050322	2.00097099E7
1513    20060215	2.0012016666666668E7
1513    20061226	2.00143505E7
1513    20081130	2.00173478E7
1513    20100516	2.0020991266666666E7
1513    20100807	2.00246443E7
1513    20100822	2.0028000666666668E7
1513    20110306	2.00316704E7
1513    20110901	2.0035353533333335E7
1513    20120920	2.00393674E7
1513    20140421	2.0044028033333335E7
1513    20160507	2.00493539E7
