1517    20010130	1.99960418E7
1517    20010717	1.99973755E7
1517    20010815	1.9998712366666667E7
1517    20011216	2.0000052433333334E7
1517    20020117	2.0001362533333335E7
1517    20020418	2.0002669566666666E7
1517    20030224	2.0003986133333333E7
1517    20030517	2.0005302966666665E7
1517    20030729	2.0006620066666666E7
1517    20031022	2.00079465E7
1517    20031230	2.00089836E7
1517    20040128	2.0010317133333333E7
1517    20040728	2.0011670366666667E7
1517    20040903	2.0013023333333332E7
1517    20040929	2.0014377033333335E7
1517    20041010	2.0015727233333334E7
1517    20041027	2.0017077833333332E7
1517    20041110	2.00184308E7
1517    20041128	2.0019781666666668E7
1517    20050125	2.0021432E7
1517    20050127	2.0023078533333335E7
1517    20050207	2.00247187E7
1517    20050211	2.0026358733333334E7
1517    20050322	2.0027999333333332E7
1517    20050401	2.0029642033333335E7
1517    20050409	2.0031284966666665E7
1517    20050412	2.00329251E7
1517    20050423	2.0034565566666666E7
1517    20050505	2.0035912066666666E7
1517    20050829	2.0037268966666665E7
1517    20050923	2.0038628733333334E7
1517    20051023	2.0039972266666666E7
1517    20060127	2.0041616E7
1517    20060130	2.0043246466666665E7
1517    20060220	2.0044583233333334E7
1517    20060305	2.00459128E7
1517    20060322	2.0046916066666666E7
1517    20060418	2.0047912766666666E7
1517    20060924	2.0048919266666666E7
1517    20061109	2.0049922166666668E7
1517    20061211	2.0050921533333335E7
1517    20061229	2.00516249E7
1517    20070228	2.0052608233333334E7
1517    20070303	2.0053588233333334E7
1517    20070518	2.0054574533333335E7
1517    20070627	2.0055561766666666E7
1517    20080618	2.0056881466666665E7
1517    20080810	2.00582048E7
1517    20081129	2.0059538166666668E7
1517    20081130	2.0060571666666668E7
1517    20081210	2.0061607766666666E7
1517    20090124	2.0062938333333332E7
1517    20090414	2.0064278433333334E7
1517    20091015	2.0065634866666667E7
1517    20100430	2.00673025E7
1517    20100516	2.0068972733333334E7
1517    20100807	2.0070652566666666E7
1517    20101001	2.00723385E7
1517    20101205	2.00740285E7
1517    20110127	2.00760051E7
1517    20110222	2.0077981733333334E7
1517    20110307	2.0079957866666667E7
1517    20110901	2.0081650333333332E7
1517    20120413	2.0083659766666666E7
1517    20120502	2.0085669166666668E7
1517    20120629	2.0087679966666665E7
1517    20130127	2.00900068E7
1517    20130218	2.0092333466666665E7
1517    20130620	2.0094656666666668E7
1517    20140823	2.00973138E7
1517    20150611	2.01002938E7
1517    20150714	2.0103276633333333E7
1517    20151205	2.0105975866666667E7
1517    20151230	2.0108673433333334E7
1517    20160507	2.0111673066666666E7
1517    20160729	2.0114676466666665E7
1517    20160730	2.0117346866666667E7
1517    20160816	2.0120013733333334E7
