1527    20011019	1.9992727E7
1527    20020418	1.9994386833333332E7
1527    20021228	1.99960709E7
1527    20030207	1.9998054166666668E7
1527    20030513	2.00000403E7
1527    20030514	2.0001720733333334E7
1527    20030610	2.0003401033333335E7
1527    20030717	2.0005071066666666E7
1527    20040623	2.0007058433333334E7
1527    20040728	2.0009042466666665E7
1527    20040830	2.00107126E7
1527    20040903	2.0012375733333334E7
1527    20041010	2.0014041966666665E7
1527    20050210	2.0016011933333334E7
1527    20050309	2.00179848E7
1527    20050322	6.006397296666667E7
1527    20050323	2.0024659233333334E7
1527    20050330	2.00263263E7
1527    20050402	2.0027992833333332E7
1527    20050403	2.0029652866666667E7
1527    20050413	2.0031308933333334E7
1527    20050423	2.0032962933333334E7
1527    20050529	2.0034610433333334E7
1527    20050603	2.0036260266666666E7
1527    20051023	2.0037923666666668E7
1527    20051110	2.0039589733333334E7
1527    20051116	2.00409396E7
1527    20060130	2.0042587E7
1527    20060203	2.0044226466666665E7
1527    20060215	2.0045553033333335E7
1527    20060305	2.00468556E7
1527    20060418	2.0047862633333333E7
1527    20060518	2.00488628E7
1527    20060721	2.00498697E7
1527    20060814	2.00508765E7
1527    20061109	2.0051889566666666E7
1527    20061221	2.0052576166666668E7
1527    20070228	2.00535595E7
1527    20080126	2.0054869366666667E7
1527    20080205	2.0056179433333334E7
1527    20080618	2.00574997E7
1527    20080628	2.0058513633333333E7
1527    20080711	2.0059527033333335E7
1527    20090124	2.0060853766666666E7
1527    20090414	2.0062190166666668E7
1527    20091014	2.0063546566666666E7
1527    20100111	2.0065206166666668E7
1527    20100430	2.0066876166666668E7
1527    20100516	2.0068546633333333E7
1527    20100610	2.00702202E7
1527    20101220	2.0071913766666666E7
1527    20110127	2.00739039E7
1527    20110222	2.0075893666666668E7
1527    20110307	2.00778838E7
1527    20110319	2.0079860333333332E7
1527    20110901	2.0081853366666667E7
1527    20111124	2.0083853633333333E7
1527    20120214	2.0085856433333334E7
1527    20120502	2.00878664E7
1527    20120626	2.00898801E7
1527    20120731	2.00918943E7
1527    20121111	2.00939174E7
1527    20130218	2.0096240733333334E7
1527    20130404	2.00985635E7
1527    20130917	2.0100900266666666E7
1527    20141116	2.0103567166666668E7
1527    20150304	2.01065366E7
1527    20150306	2.0109205866666667E7
1527    20150714	2.01115588E7
1527    20150716	2.0113909166666668E7
1527    20150727	2.0116246133333333E7
1527    20150813	2.0118585633333333E7
1527    20150902	2.0120925333333332E7
1527    20150921	2.01229519E7
1527    20151103	2.0124974866666667E7
1527    20151104	2.0126977866666667E7
1527    20151205	4.02590545E7
1527    20160330	2.01323673E7
1527    20160410	2.0134360633333333E7
1527    20160416	2.0136333833333332E7
1527    20160507	2.0138013166666668E7
1527    20160519	2.0139689733333334E7
1527    20160608	2.0141366433333334E7
1527    20160723	2.0143046566666666E7
1527    20160801	2.01447099E7
1527    20160907	2.0146369333333332E7
