153    19960729	1.9960569066666666E7
153    19960801	3.9921185233333334E7
153    19960807	1.9960613566666666E7
153    19960813	1.9960626866666667E7
153    19960815	1.9960640066666666E7
153    19960816	1.9960650233333334E7
153    19960826	1.99606607E7
153    19960830	1.99606712E7
153    19960902	1.9960683966666665E7
153    19960905	1.9960696833333332E7
153    19960909	1.9960709733333334E7
153    19960910	1.9960722633333333E7
153    19960919	1.9960735766666666E7
153    19960921	3.9921508233333334E7
153    19961007	1.99607726E7
153    19961012	1.9960785933333334E7
153    19961015	1.99607993E7
153    19961017	1.99608127E7
153    19961020	1.9960826133333333E7
153    19961023	1.9960839666666668E7
153    19961027	1.99608532E7
153    19961106	3.992175446666667E7
153    19961108	1.99608983E7
153    19961110	1.9960911433333334E7
153    19961120	1.9960924866666667E7
153    19961122	1.9960938133333333E7
153    19961124	1.99609514E7
153    19961216	1.9960967633333333E7
153    19970121	1.99612783E7
153    19970205	1.9961591766666666E7
153    19970623	1.9961918966666665E7
153    19980616	1.9962579066666666E7
153    19981209	1.9963258866666667E7
153    19991115	1.9964268833333332E7
153    19991123	1.9965278733333334E7
153    19991211	1.9966291433333334E7
153    19991216	1.99673019E7
153    20000108	1.9968608666666668E7
153    20000205	1.9969918533333335E7
153    20000315	1.9971232033333335E7
153    20000406	1.9972548266666666E7
153    20000505	1.9973867733333334E7
153    20000520	1.99751877E7
153    20000731	1.9976511833333332E7
153    20001104	1.9977848233333334E7
153    20001121	1.99791851E7
153    20010606	1.9980838066666666E7
153    20010708	1.9982494333333332E7
153    20020201	1.9984466933333334E7
153    20030307	1.9986776266666666E7
153    20030406	1.9989086266666666E7
153    20040214	1.99917232E7
153    20040526	1.9994370466666665E7
153    20040728	1.99970244E7
153    20040903	1.9999683833333332E7
153    20041110	2.00023501E7
153    20041202	2.0005019366666667E7
153    20050128	2.00079831E7
153    20050310	2.0010656066666666E7
153    20050331	2.0013326933333334E7
153    20050412	2.0015986566666666E7
153    20050416	2.0018313233333334E7
153    20050423	2.0020620366666667E7
153    20050607	2.0022603433333334E7
153    20051002	2.00245994E7
153    20051023	2.0026593133333333E7
153    20051110	2.00285896E7
153    20051116	2.0030289866666667E7
153    20060203	2.00322898E7
153    20060215	2.0034286466666665E7
153    20060418	2.0036286866666667E7
153    20060527	2.00382876E7
153    20060717	2.0040294166666668E7
153    20061113	2.00423069E7
153    20061211	2.0044310466666665E7
153    20070228	2.0046614033333335E7
153    20070303	2.0048603933333334E7
153    20080810	2.0050940666666668E7
153    20081028	2.0052968233333334E7
153    20081129	2.00546623E7
153    20090124	2.00566529E7
153    20090402	2.0058325833333332E7
153    20090414	2.0059988766666666E7
153    20091020	2.0061665166666668E7
153    20100812	2.0063662133333333E7
153    20100923	2.00656559E7
153    20110127	2.00679534E7
153    20110429	2.0069963433333334E7
153    20110901	2.0071983133333333E7
153    20111120	2.0074009433333334E7
153    20121203	2.0076369133333333E7
153    20130205	2.0079028766666666E7
153    20130218	2.00816886E7
153    20140126	2.0084672566666666E7
153    20151112	2.0088009566666666E7
153    20160507	2.0091659033333335E7
153    20160816	2.00953159E7
