1544    20030406	1.9997718466666665E7
1544    20030415	1.9999711533333335E7
1544    20030527	2.0001705566666666E7
1544    20030730	2.0003706266666666E7
1544    20030827	2.00056965E7
1544    20040216	2.0007676566666666E7
1544    20040526	2.00096607E7
1544    20040726	2.0011644666666668E7
1544    20040820	2.0013301633333333E7
1544    20041010	2.00149616E7
1544    20050110	2.0016924733333334E7
1544    20050207	2.00185947E7
1544    20050322	2.0020267733333334E7
1544    20050423	2.0021941666666668E7
1544    20051110	2.00236348E7
1544    20060203	2.0025630966666665E7
1544    20060327	2.0027628333333332E7
1544    20060418	2.0029628333333332E7
1544    20060527	2.0031631766666666E7
1544    20060721	2.0033641633333333E7
1544    20061112	2.0035658633333333E7
1544    20061211	2.0037661666666668E7
1544    20061223	2.0039665066666666E7
1544    20080701	2.0042317533333335E7
1544    20090413	2.00449773E7
1544    20091020	2.0047650766666666E7
1544    20091213	2.00503239E7
1544    20101223	2.00530277E7
1544    20110127	2.00560014E7
1544    20110901	2.00589905E7
1544    20111124	2.00616811E7
1544    20140115	2.0065337766666666E7
1544    20150727	2.0069344433333334E7
1544    20151121	2.0073357466666665E7
1544    20160115	4.0159330766666666E7
1544    20160507	2.0085663066666666E7
1544    20161006	2.00896724E7
