1552    20040907	2.0004162333333332E7
1552    20041014	2.0006505933333334E7
1552    20050207	2.0009148533333335E7
1552    20050302	2.0011791466666665E7
1552    20050322	2.0014428766666666E7
1552    20050419	2.0016742666666668E7
1552    20050529	2.00190534E7
1552    20050608	2.0021049433333334E7
1552    20050829	2.00230399E7
1552    20051213	2.0025039833333332E7
1552    20060131	2.0027337E7
1552    20060418	2.00293374E7
1552    20060526	2.0031341E7
1552    20060717	2.0033350766666666E7
1552    20060731	2.0035360966666665E7
1552    20060802	2.0037363333333332E7
1552    20061111	2.0039363566666666E7
1552    20070228	2.0041667533333335E7
1552    20080126	2.0044301033333335E7
1552    20080205	2.0046936933333334E7
1552    20080711	2.0049587E7
1552    20081129	2.0051934066666666E7
1552    20091015	2.0054280433333334E7
1552    20100430	2.0056921166666668E7
1552    20101207	2.00592812E7
1552    20110127	2.00619318E7
1552    20110901	2.0064608166666668E7
1552    20120808	2.0067297566666666E7
1552    20160507	2.0071296933333334E7
1552    20160816	2.0075299866666667E7
