1562    20060418	2.0010353233333334E7
1562    20060526	2.0013350066666666E7
1562    20060717	2.00163532E7
1562    20061219	2.00193703E7
1562    20061226	2.0022387533333335E7
1562    20070228	2.0025694666666668E7
1562    20080419	2.0029001666666668E7
1562    20080816	2.00319917E7
1562    20090124	2.0035288666666668E7
1562    20091015	2.00386153E7
1562    20110127	2.0042578566666666E7
1562    20111015	2.0046268566666666E7
1562    20111120	2.0049959033333335E7
1562    20121223	2.0053982966666665E7
1562    20130927	2.0058320366666667E7
1562    20150814	2.0063319966666665E7
1562    20151112	2.0068319666666668E7
1562    20160507	2.0073333E7
