1569    20030517	1.9998405433333334E7
1569    20030610	2.0000402066666666E7
1569    20030827	2.0002398733333334E7
1569    20040808	2.0004728033333335E7
1569    20050410	2.0007371433333334E7
1569    20050501	2.0009714766666666E7
1569    20051213	2.00120614E7
1569    20060224	2.0014378E7
1569    20060724	2.0016702E7
1569    20061223	2.0019042533333335E7
1569    20061226	2.0021383E7
1569    20080205	2.00243493E7
1569    20080816	2.00270329E7
1569    20081212	2.0029726566666666E7
1569    20090126	2.00327172E7
1569    20091020	2.00357344E7
1569    20100430	2.0039065066666666E7
1569    20110127	2.00427159E7
1569    20110821	2.0046389766666666E7
1569    20121223	2.0050393733333334E7
1569    20130621	2.0054710633333333E7
1569    20140811	2.0059367E7
1569    20160330	2.0064674E7
