1573    20010708	1.9994124233333334E7
1573    20010815	1.99954612E7
1573    20020418	1.99971182E7
1573    20020624	1.9998768733333334E7
1573    20030207	2.00004356E7
1573    20030302	2.00020852E7
1573    20030406	2.0003732E7
1573    20030409	2.0005372066666666E7
1573    20040306	2.00070247E7
1573    20040601	2.0008674366666667E7
1573    20040702	2.0010327E7
1573    20040726	2.0011977433333334E7
1573    20050110	2.0013940566666666E7
1573    20050322	4.00334937E7
1573    20050516	2.0019259933333334E7
1573    20050608	2.0020936333333332E7
1573    20050831	2.0022616533333335E7
1573    20060131	2.0024603333333332E7
1573    20060327	2.0026594166666668E7
1573    20060418	2.0028584666666668E7
1573    20060717	2.00305842E7
1573    20060814	2.0032584566666666E7
1573    20061113	2.0034584866666667E7
1573    20061229	2.00365886E7
1573    20070228	2.0038892266666666E7
1573    20080126	2.00415258E7
1573    20080205	2.0044159E7
1573    20080711	2.0046511966666665E7
1573    20080810	2.0048858733333334E7
1573    20081129	2.00512061E7
1573    20090124	2.0053849733333334E7
1573    20090414	2.0056182933333334E7
1573    20100430	2.0058843133333333E7
1573    20100511	2.00611866E7
1573    20101206	2.0063550066666666E7
1573    20110711	2.00662269E7
1573    20110901	2.0068909966666665E7
1573    20120310	2.0071576766666666E7
1573    20120731	2.0074247766666666E7
1573    20121123	2.0076928466666665E7
1573    20130218	2.0079911533333335E7
1573    20141206	2.0082948066666666E7
1573    20150813	2.0086297766666666E7
1573    20151104	4.0182667266666666E7
1573    20151129	2.00963608E7
1573    20160115	2.01000036E7
1573    20160507	2.0103349466666665E7
1573    20160519	2.01066892E7
1573    20160524	2.0110026066666666E7
1573    20160608	2.0113355766666666E7
1573    20160816	2.0116689166666668E7
1573    20160907	2.0120015633333333E7
