158    20010717	1.9969787266666666E7
158    20020418	1.99717902E7
158    20030520	1.9974127066666666E7
158    20040726	1.9976803966666665E7
158    20040903	1.9979483433333334E7
158    20050211	1.9982473066666666E7
158    20050321	1.9985466333333332E7
158    20050322	1.9988456866666667E7
158    20050401	1.9991449733333334E7
158    20050402	1.9994442566666666E7
158    20050723	1.9997446033333335E7
158    20051110	2.0000459166666668E7
158    20051116	2.0003472466666665E7
158    20060216	2.00067888E7
158    20060418	2.0010109333333332E7
158    20060518	2.00134324E7
158    20080719	2.00174287E7
158    20080816	2.0021425833333332E7
158    20081212	2.0025435433333334E7
158    20090313	2.0029748333333332E7
158    20090603	2.0034067766666666E7
158    20091015	2.0038398066666666E7
158    20110127	2.0043365133333333E7
158    20111124	2.00480287E7
158    20120214	2.0052681966666665E7
158    20120611	2.0056995166666668E7
158    20130424	2.0061635433333334E7
158    20130620	2.0065952633333333E7
158    20160507	2.00712655E7
