1580    20000131	1.9987519E7
1580    20000207	1.9988502366666667E7
1580    20000219	1.9989486066666666E7
1580    20000316	1.99904657E7
1580    20000318	1.9991445333333332E7
1580    20000406	1.9992421533333335E7
1580    20000408	1.9993098433333334E7
1580    20000424	1.9993765833333332E7
1580    20000425	1.9994426133333333E7
1580    20000504	1.99950762E7
1580    20000602	1.99957227E7
1580    20000731	1.99960468E7
1580    20000803	1.9996373166666668E7
1580    20000811	1.9996699433333334E7
1580    20001002	1.9997032033333335E7
1580    20001104	1.9997365E7
1580    20001108	1.9997697833333332E7
1580    20001117	1.9998028266666666E7
1580    20001118	1.9998358533333335E7
1580    20001120	3.99977079E7
1580    20001127	1.9999349433333334E7
1580    20001128	1.9999679633333333E7
1580    20001130	2.0000009766666666E7
1580    20001209	2.0000342466666665E7
1580    20001221	2.0000675533333335E7
1580    20001228	2.0000712866666667E7
1580    20010102	2.0001045933333334E7
1580    20010407	2.0001388933333334E7
1580    20010606	2.00017384E7
1580    20010620	2.0002088033333335E7
1580    20010623	2.0002435233333334E7
1580    20010708	2.0002784866666667E7
1580    20010717	2.0003131566666666E7
1580    20010815	2.0003481466666665E7
1580    20011019	2.0003835233333334E7
1580    20011110	2.0004191966666665E7
1580    20011216	2.00045517E7
1580    20020201	2.00052109E7
1580    20020412	2.00058745E7
1580    20020418	2.0006535033333335E7
1580    20020624	2.0007198133333333E7
1580    20020715	2.0007861866666667E7
1580    20020717	2.00085254E7
1580    20020908	2.0009188933333334E7
1580    20021228	2.0009859733333334E7
1580    20030406	2.0010836333333332E7
1580    20030409	2.0011812733333334E7
1580    20030513	2.0012792566666666E7
1580    20030610	2.0013775566666666E7
1580    20030717	2.0014762133333333E7
1580    20030730	2.00157489E7
1580    20031022	2.0016745366666667E7
1580    20040601	2.0018061066666666E7
1580    20040808	2.0019381033333335E7
1580    20040830	2.0020701333333332E7
1580    20040903	2.0022023833333332E7
1580    20040929	2.00230514E7
1580    20041010	2.00240715E7
1580    20041014	2.00250851E7
1580    20041031	2.00260988E7
1580    20041110	2.0027115033333335E7
1580    20050110	2.0028428433333334E7
1580    20050128	2.0029742133333333E7
1580    20050323	4.0063428266666666E7
1580    20050331	2.0033676566666666E7
1580    20050404	2.0034982833333332E7
1580    20050413	2.00359899E7
1580    20050419	2.0036990133333333E7
1580    20050505	2.0037993033333335E7
1580    20050518	2.00389895E7
1580    20050529	2.00399833E7
1580    20050603	2.00409795E7
1580    20050723	2.0041973333333332E7
1580    20050923	2.0042963166666668E7
1580    20051006	2.0043649833333332E7
1580    20051023	2.0044336966666665E7
1580    20051110	2.0045023533333335E7
1580    20051116	2.0045707066666666E7
1580    20060128	2.0046687433333334E7
1580    20060130	2.0047667433333334E7
1580    20060203	2.0048640133333333E7
1580    20060215	2.0049293933333334E7
1580    20060322	2.00499444E7
1580    20060418	2.0050597333333332E7
1580    20060518	2.0051251166666668E7
1580    20060526	2.00519044E7
1580    20060721	2.0052561433333334E7
1580    20060814	2.0053221433333334E7
1580    20060924	2.0053884533333335E7
1580    20061111	2.0054551233333334E7
1580    20061229	4.0110213766666666E7
1580    20070228	2.00559554E7
1580    20070302	2.0056621366666667E7
1580    20070518	2.0057294266666666E7
1580    20070627	2.0057968366666667E7
1580    20070703	2.00586447E7
1580    20071110	2.00593344E7
1580    20080126	2.0060321766666666E7
1580    20080205	2.0061311333333332E7
1580    20080618	2.00623143E7
1580    20080627	2.00633151E7
1580    20080701	2.0064314366666667E7
1580    20080711	2.00653073E7
1580    20080714	2.0066297566666666E7
1580    20080810	2.0067290466666665E7
1580    20081028	2.0068287733333334E7
1580    20081129	2.0069288166666668E7
1580    20081130	2.0069988233333334E7
1580    20081210	2.00706909E7
1580    20090124	2.0071688266666666E7
1580    20090402	2.00726945E7
1580    20090414	4.0148395E7
1580    20090528	2.0075697766666666E7
1580    20091015	2.0076714066666666E7
1580    20091020	2.0077724033333335E7
1580    20100327	2.0079041133333333E7
1580    20100430	2.0080358E7
1580    20100610	2.0081674633333333E7
1580    20100807	2.00829939E7
1580    20100829	2.00843139E7
1580    20101205	2.0085346466666665E7
1580    20101207	2.0086376633333333E7
1580    20110127	2.0087696933333334E7
1580    20110222	2.0089016766666666E7
1580    20110228	2.0090334266666666E7
1580    20110307	2.0091640833333332E7
1580    20110429	2.0092650933333334E7
1580    20110509	2.0093661066666666E7
1580    20110901	2.00946705E7
1580    20111124	2.0095687066666666E7
1580    20120214	2.0097004166666668E7
1580    20120502	2.0098330533333335E7
1580    20120622	2.00996608E7
1580    20120626	2.0100988E7
1580    20120808	2.0102314E7
1580    20120911	2.0103640066666666E7
1580    20121020	2.0104969733333334E7
1580    20130127	2.01066003E7
1580    20130205	2.0107936333333332E7
1580    20130218	2.0109263533333335E7
1580    20130620	2.0110603733333334E7
1580    20140826	2.0112284133333333E7
1580    20150304	2.0114276666666668E7
1580    20150609	2.0116263133333333E7
1580    20150716	2.0118253E7
1580    20150720	2.0119932766666666E7
1580    20150726	2.01216093E7
1580    20151112	2.01232927E7
1580    20151205	2.0124972633333333E7
1580    20160115	2.0126948833333332E7
1580    20160410	2.0128922333333332E7
1580    20160416	2.0130895966666665E7
1580    20160507	2.01325753E7
1580    20160608	2.0134254833333332E7
1580    20160721	2.0135937933333334E7
1580    20160723	2.0137618466666665E7
1580    20161015	2.0139304666666668E7
