1584    20000318	1.9987227833333332E7
1584    20000509	1.99882209E7
1584    20000602	1.99892074E7
1584    20000605	1.9990190433333334E7
1584    20000803	1.9991179866666667E7
1584    20001104	1.9992175766666666E7
1584    20001209	1.9992879366666667E7
1584    20001221	1.99935663E7
1584    20010102	1.9994549166666668E7
1584    20010715	1.99955396E7
1584    20011019	1.9996533333333332E7
1584    20020201	1.9997515833333332E7
1584    20020413	1.9998498633333333E7
1584    20020908	1.9999495533333335E7
1584    20021228	2.0000503E7
1584    20030415	2.00018167E7
1584    20030513	2.00031335E7
1584    20030514	2.0004450233333334E7
1584    20030717	2.0005773633333333E7
1584    20030730	2.00070972E7
1584    20030929	2.0008424466666665E7
1584    20031022	2.00097547E7
1584    20040214	2.0011388133333333E7
1584    20040423	2.0013028366666667E7
1584    20040728	2.0014678666666668E7
1584    20040903	2.00163346E7
1584    20040929	2.0017991266666666E7
1584    20041010	2.0019351333333332E7
1584    20041128	2.0020714966666665E7
1584    20050129	2.0022375366666667E7
1584    20050207	2.0024038333333332E7
1584    20050322	2.0025698766666666E7
1584    20050401	2.0027358733333334E7
1584    20050403	2.0029018666666668E7
1584    20050412	2.00306723E7
1584    20050419	2.0032316133333333E7
1584    20050529	2.0033960133333333E7
1584    20050603	2.00356062E7
1584    20051023	2.0036970233333334E7
1584    20060131	2.0038617433333334E7
1584    20060322	2.0040260866666667E7
1584    20060418	2.0041601433333334E7
1584    20060526	2.0042938533333335E7
1584    20061109	2.0044278566666666E7
1584    20061229	2.0045611933333334E7
1584    20070708	2.0046955033333335E7
1584    20080701	2.0048627966666665E7
1584    20081208	2.0050317766666666E7
1584    20100516	2.00526444E7
1584    20110127	2.0055290966666665E7
1584    20120622	2.0058280733333334E7
1584    20121127	2.0061284233333334E7
1584    20130218	2.0064284366666667E7
1584    20130620	2.0067290933333334E7
1584    20150701	2.00709567E7
1584    20150727	2.00746175E7
1584    20150823	2.0078280633333333E7
1584    20160412	2.00822607E7
1584    20160416	2.0086236966666665E7
1584    20160507	2.0089916233333334E7
1584    20160510	2.0093593E7
1584    20160524	2.00972664E7
1584    20161006	2.0100953233333334E7
