1597    20050322	2.0002181933333334E7
1597    20050419	2.0004831633333333E7
1597    20050608	2.0007481433333334E7
1597    20050829	2.00101355E7
1597    20050923	2.0012792366666667E7
1597    20051213	2.0015458566666666E7
1597    20060418	2.0018118733333334E7
1597    20060802	2.0020778733333334E7
1597    20080711	2.00241022E7
1597    20080816	2.00274225E7
1597    20091015	2.0030755933333334E7
1597    20091116	2.0034092366666667E7
1597    20120622	2.00384059E7
1597    20130601	2.0043051633333333E7
1597    20160507	2.0048388333333332E7
