16    20000425	1.9979387833333332E7
16    20001003	1.99807436E7
16    20001010	1.99820996E7
16    20001105	1.9983456033333335E7
16    20001117	1.99848093E7
16    20001121	1.99861596E7
16    20001209	1.99875097E7
16    20010108	1.99891528E7
16    20010407	1.99907994E7
16    20010715	1.9992456266666666E7
16    20020316	1.9994430033333335E7
16    20020418	1.99964071E7
16    20030307	1.9998412966666665E7
16    20030717	2.0000430033333335E7
16    20031204	2.00021163E7
16    20040128	2.0004080333333332E7
16    20040526	2.0005740333333332E7
16    20040726	2.0007397766666666E7
16    20040820	2.00090582E7
16    20040930	2.00107223E7
16    20041027	2.00123895E7
16    20050207	2.0014362666666668E7
16    20050211	2.0016332533333335E7
16    20050322	2.00183061E7
16    20050412	2.00202794E7
16    20050904	2.0022268566666666E7
16    20060130	2.0024269333333332E7
16    20060215	2.0026272433333334E7
16    20060526	2.0028282833333332E7
16    20060718	2.0030299466666665E7
16    20061226	2.0032326166666668E7
16    20061229	2.00343337E7
16    20080205	2.0036973533333335E7
16    20080308	2.0039613633333333E7
16    20080711	2.0042266766666666E7
16    20080810	2.0044923066666666E7
16    20081129	2.0047587066666666E7
16    20081221	2.00499575E7
16    20081226	2.0052318133333333E7
16    20090124	2.00549651E7
16    20091014	2.00573217E7
16    20101207	2.0060014666666668E7
16    20110127	2.0062675333333332E7
16    20110429	2.00653324E7
16    20120731	2.0068316633333333E7
16    20120805	2.0071005866666667E7
16    20120808	2.0073681933333334E7
16    20121020	2.00763584E7
16    20121123	2.0079035166666668E7
16    20130109	2.00820078E7
16    20130218	2.0084980833333332E7
16    20140114	2.0087977733333334E7
16    20140608	2.0090990966666665E7
16    20141206	2.0094020433333334E7
16    20150716	2.00973639E7
16    20150917	2.0100697666666668E7
16    20151109	2.01037303E7
16    20160626	2.0107077333333332E7
16    20160816	2.0110420333333332E7
