160    19961107	1.9960723233333334E7
160    19961115	1.99607466E7
160    19961116	1.996077E7
160    19961120	1.9960790266666666E7
160    19961122	1.99608105E7
160    19970127	1.9961130766666666E7
160    19970205	1.9961453633333333E7
160    19981002	1.9962136266666666E7
160    19981207	1.9962825566666666E7
160    19990928	1.9963836333333332E7
160    19991012	1.9964849733333334E7
160    19991023	1.99658634E7
160    19991216	1.9966883366666667E7
160    20000316	1.99682066E7
160    20000731	1.9969543366666667E7
160    20001121	1.9970890533333335E7
160    20030406	1.9973213733333334E7
160    20030415	1.9975537033333335E7
160    20030527	1.9977864033333335E7
160    20030827	1.99802008E7
160    20040726	1.9982867366666667E7
160    20040820	1.99855342E7
160    20050129	1.99885113E7
160    20051006	1.99915173E7
160    20060606	1.9994840033333335E7
160    20060717	1.9998163533333335E7
160    20060813	2.0001489966666665E7
160    20070301	2.0005132433333334E7
160    20090414	2.00094427E7
160    20091014	2.0013772966666665E7
160    20101223	2.00184435E7
160    20110127	2.0023410566666666E7
160    20160507	2.0030056933333334E7
160    20160626	2.0036707133333333E7
