1608    20020117	1.9997358166666668E7
1608    20020413	1.9999007666666668E7
1608    20020418	2.0000651133333333E7
1608    20020624	2.0001984833333332E7
1608    20030406	2.00036445E7
1608    20030409	2.00052914E7
1608    20040423	2.0006968666666668E7
1608    20040601	2.0008621633333333E7
1608    20040726	2.00102758E7
1608    20040820	2.0011932633333333E7
1608    20041010	2.0013592466666665E7
1608    20041014	2.00152524E7
1608    20050110	2.0016918666666668E7
1608    20050210	2.0018587966666665E7
1608    20050405	2.00202576E7
1608    20050423	2.0021924833333332E7
1608    20050831	2.0023605033333335E7
1608    20051110	2.00252882E7
1608    20060130	2.0027268166666668E7
1608    20060418	2.0029255266666666E7
1608    20060526	2.0031235966666665E7
1608    20060720	2.0033222666666668E7
1608    20070228	2.0035526233333334E7
1608    20071110	2.0037858966666665E7
1608    20080126	2.0040489533333335E7
1608    20091013	2.00431863E7
1608    20091213	2.0045889333333332E7
1608    20100327	2.0048886833333332E7
1608    20100610	2.00518865E7
1608    20110901	2.0054913066666666E7
1608    20120413	2.0058256266666666E7
1608    20120609	2.0061596133333333E7
1608    20120622	2.0064936266666666E7
1608    20151104	2.00692856E7
1608    20160115	2.0073609233333334E7
1608    20160216	2.0077936133333333E7
1608    20160507	2.0081938933333334E7
1608    20160510	2.00859359E7
1608    20160627	2.00899326E7
1608    20160816	2.0093932466666665E7
1608    20161006	2.0097932333333332E7
