161    19960909	1.9960656266666666E7
161    19960921	1.9960673166666668E7
161    19960926	1.9960690233333334E7
161    19961003	1.99607066E7
161    19961007	1.9960723E7
161    19961015	1.9960739533333335E7
161    19961020	1.9960756133333333E7
161    19961026	1.9960772933333334E7
161    19961106	3.99216041E7
161    19961107	1.9960831033333335E7
161    19961120	3.992171856666667E7
161    19961122	1.9960885066666666E7
161    19961125	1.9960902233333334E7
161    19961216	1.99609222E7
161    19970303	1.9961245066666666E7
161    19971114	1.9961594833333332E7
161    19980616	1.99622585E7
161    19981002	1.99629347E7
161    19981208	1.9963617733333334E7
161    19991101	1.99646303E7
161    19991115	1.9965643166666668E7
161    20000107	1.9966952966666665E7
161    20000117	1.9968263033333335E7
161    20000418	1.99695831E7
161    20000826	1.99709163E7
161    20001104	1.9972256366666667E7
161    20001120	1.9973596866666667E7
161    20001209	1.99749403E7
161    20001228	1.9976284266666666E7
161    20011217	1.99779608E7
161    20020418	1.9979943866666667E7
161    20020511	1.9981927466666665E7
161    20020908	1.9983924166666668E7
161    20030415	1.99862375E7
161    20040808	1.99888971E7
161    20040820	1.99915569E7
161    20041010	1.9994220366666667E7
161    20050321	1.99971942E7
161    20050322	2.0000168033333335E7
161    20050331	2.0003141733333334E7
161    20050404	2.0006117866666667E7
161    20050412	2.00090942E7
161    20050501	2.00120734E7
161    20060322	2.0015376933333334E7
161    20060418	2.0018380766666666E7
161    20070707	2.0021700533333335E7
161    20081129	2.0025050966666665E7
161    20101207	2.00290578E7
161    20120502	2.0033700933333334E7
