1610    20000602	1.9993064666666668E7
1610    20000703	1.9994050966666665E7
1610    20000731	3.9990106833333336E7
1610    20001002	1.9996052033333335E7
1610    20001104	1.9996715266666666E7
1610    20001108	1.99970521E7
1610    20001121	1.9997389366666667E7
1610    20001128	1.9997726833333332E7
1610    20001209	1.9998066833333332E7
1610    20010130	1.9998704133333333E7
1610    20010708	1.9999360666666668E7
1610    20010813	2.0000017733333334E7
1610    20020116	2.0000984433333334E7
1610    20020203	2.0001953833333332E7
1610    20020418	2.0002927333333332E7
1610    20020624	2.0003907633333333E7
1610    20021218	2.0004907266666666E7
1610    20030409	2.00059175E7
1610    20030517	2.0006931166666668E7
1610    20030706	2.0007950633333333E7
1610    20030729	2.0008970566666666E7
1610    20030929	2.0009994566666666E7
1610    20031217	2.0011027833333332E7
1610    20040312	2.00123611E7
1610    20040728	2.0013705166666668E7
1610    20040903	2.0015055E7
1610    20041014	2.0016407966666665E7
1610    20041021	2.0017758533333335E7
1610    20041115	2.0019108966666665E7
1610    20050211	2.00207626E7
1610    20050322	8.009957543333334E7
1610    20050323	2.0029007266666666E7
1610    20050401	2.0030650366666667E7
1610    20050402	2.0032293066666666E7
1610    20050412	2.0033935866666667E7
1610    20050419	2.00355762E7
1610    20050603	2.00369253E7
1610    20051006	2.0038268566666666E7
1610    20060203	2.00399149E7
1610    20061109	4.00839262E7
1610    20061229	2.0044005233333334E7
1610    20070228	2.00456587E7
1610    20080810	2.00476451E7
1610    20080812	2.00493252E7
1610    20081128	2.0051012233333334E7
1610    20090414	2.00530025E7
1610    20090609	2.00549985E7
1610    20100516	2.0057318066666666E7
1610    20100807	2.0059637733333334E7
1610    20100914	2.00616578E7
1610    20101207	2.0063673766666666E7
1610    20101215	2.0065684166666668E7
1610    20110127	2.0067987933333334E7
1610    20110307	2.0070297466666665E7
1610    20110509	2.00726106E7
1610    20110901	2.00746336E7
1610    20120719	2.0076980166666668E7
1610    20130218	2.0079643366666667E7
1610    20140202	2.0082639366666667E7
1610    20141012	2.0085662366666667E7
1610    20150424	2.0088999066666666E7
1610    20150727	2.0092343266666666E7
1610    20160507	2.0096013433333334E7
