1617    19991213	3.9973296766666666E7
1617    19991228	1.9987650733333334E7
1617    19991230	1.99883175E7
1617    20000107	1.9988981033333335E7
1617    20000108	1.99896379E7
1617    20000122	1.99902882E7
1617    20000209	1.9990941266666666E7
1617    20000315	1.99915913E7
1617    20000402	1.9992237966666665E7
1617    20000406	1.99928846E7
1617    20000425	1.99935252E7
1617    20000504	1.99938444E7
1617    20000509	1.9994163766666666E7
1617    20000602	1.99944838E7
1617    20000603	1.9994803833333332E7
1617    20000703	1.9995127166666668E7
1617    20000731	1.9995451433333334E7
1617    20000801	1.9995778033333335E7
1617    20000826	1.9996105433333334E7
1617    20001002	1.99964386E7
1617    20001108	1.9996775266666666E7
1617    20001114	1.9997112E7
1617    20001119	3.999523413333333E7
1617    20001120	1.99981193E7
1617    20001124	1.9998452933333334E7
1617    20001127	1.99987837E7
1617    20001209	1.9999117E7
1617    20001216	1.99994505E7
1617    20001229	1.9999784366666667E7
1617    20010122	2.0000414666666668E7
1617    20010225	2.00010479E7
1617    20010314	2.0001684033333335E7
1617    20010324	2.00020246E7
1617    20010815	2.00023815E7
1617    20011216	2.00027513E7
1617    20011228	2.00031186E7
1617    20020405	2.0003788266666666E7
1617    20020418	2.0004455466666665E7
1617    20030303	2.0005452033333335E7
1617    20030406	2.00064514E7
1617    20030409	2.0007448233333334E7
1617    20030516	2.0008448466666665E7
1617    20030730	2.0009452733333334E7
1617    20030827	2.00104602E7
1617    20031230	2.0011477766666666E7
1617    20040726	2.0012810933333334E7
1617    20040921	2.0014148266666666E7
1617    20041010	2.0015487733333334E7
1617    20041012	2.00168214E7
1617    20041031	2.0018152166666668E7
1617    20041110	2.0019485366666667E7
1617    20041115	2.0020818566666666E7
1617    20050128	2.00224522E7
1617    20050304	2.0024091666666668E7
1617    20050323	2.0025731633333333E7
1617    20050403	2.0027374166666668E7
1617    20050405	2.0029014033333335E7
1617    20050423	2.0030654266666666E7
1617    20050603	2.0032300066666666E7
1617    20050923	2.00336601E7
1617    20060130	2.00353236E7
1617    20060203	2.0036986566666666E7
1617    20060310	2.0038652766666666E7
1617    20060418	2.00403062E7
1617    20060518	2.00419496E7
1617    20060526	2.0043592866666667E7
1617    20060801	2.00449394E7
1617    20060814	2.0046285933333334E7
1617    20061229	2.00473168E7
1617    20070228	2.00486442E7
1617    20080126	2.0050301433333334E7
1617    20080205	2.0051957733333334E7
1617    20080424	2.00536142E7
1617    20080623	2.0055274066666666E7
1617    20080711	2.0056923433333334E7
1617    20080805	2.00582594E7
1617    20081005	2.0059595533333335E7
1617    20081110	2.00609322E7
1617    20090124	2.0062569266666666E7
1617    20091017	2.0064235466666665E7
1617    20091107	2.0065902033333335E7
1617    20100430	2.00678792E7
1617    20100914	2.0069572066666666E7
1617    20101207	2.0071268833333332E7
1617    20110127	2.00732623E7
1617    20110901	2.00752789E7
1617    20120622	2.0077619466666665E7
1617    20120731	2.0079963066666666E7
1617    20140505	2.00829598E7
1617    20141206	2.0085969233333334E7
1617    20151205	2.0089005066666666E7
1617    20160416	2.00923455E7
1617    20160626	2.0095689366666667E7
1617    20160816	2.0099035966666665E7
