1625    20040214	1.9998161466666665E7
1625    20040726	2.00004781E7
1625    20040903	2.0002497966666665E7
1625    20040929	2.00045085E7
1625    20041115	2.00065251E7
1625    20041121	2.0008529066666666E7
1625    20050210	2.0010835833333332E7
1625    20050317	2.00131395E7
1625    20050322	8.007232863333334E7
1625    20050403	2.00230237E7
1625    20050413	2.0024996966666665E7
1625    20050419	2.0026969966666665E7
1625    20050505	2.00286499E7
1625    20050829	2.00303369E7
1625    20050923	2.0032009966666665E7
1625    20051023	2.00336806E7
1625    20051110	2.0035347433333334E7
1625    20060130	2.00373145E7
1625    20060203	2.0039283966666665E7
1625    20060215	2.00412538E7
1625    20060418	2.0043227433333334E7
1625    20060517	2.0045204133333333E7
1625    20060526	2.0046884266666666E7
1625    20060708	2.0048547366666667E7
1625    20060731	2.0049901166666668E7
1625    20060802	2.0050914266666666E7
1625    20061226	2.00519308E7
1625    20080126	2.00532612E7
1625    20091015	2.00549375E7
1625    20100209	2.0056914366666667E7
1625    20100511	2.0058900433333334E7
1625    20110127	2.0061200833333332E7
1625    20110629	2.0063517766666666E7
1625    20110901	2.00655408E7
1625    20120808	2.00678905E7
1625    20121029	2.00702474E7
1625    20130218	2.00729106E7
1625    20140823	2.00759273E7
1625    20150726	2.00792741E7
1625    20160416	2.00829412E7
1625    20160508	2.0086611033333335E7
1625    20160728	2.0090288E7
1625    20160816	2.0093965033333335E7
1625    20161006	2.00976376E7
