163    20040216	1.9981053366666667E7
163    20040726	1.9983730433333334E7
163    20041110	1.99864203E7
163    20050125	1.99894105E7
163    20050228	1.9992401133333333E7
163    20050322	3.99937829E7
163    20050327	2.0001375433333334E7
163    20050608	2.00043718E7
163    20050904	2.0007374766666666E7
163    20051110	2.00103782E7
163    20060116	2.0013681666666668E7
163    20060224	2.0016988466666665E7
163    20060310	2.00202948E7
163    20060518	4.005052913333333E7
163    20061111	2.0029954033333335E7
163    20061219	2.0032971066666666E7
163    20061229	2.00359749E7
163    20070228	2.00389491E7
163    20080810	2.0042275866666667E7
163    20090124	2.0045572366666667E7
163    20090414	2.0048575633333333E7
163    20091014	2.0051589066666666E7
163    20100209	2.0054905E7
163    20100610	2.0058221866666667E7
163    20101215	2.0061258033333335E7
163    20110901	2.0063927166666668E7
163    20111124	2.0066600333333332E7
163    20120805	2.00692899E7
163    20140303	2.0072626133333333E7
163    20150714	2.00762924E7
163    20160801	2.00802821E7
163    20160816	2.00839718E7
