1639    20030713	2.0000083633333333E7
1639    20040306	2.0002386933333334E7
1639    20040728	2.0004703633333333E7
1639    20040921	2.0006716933333334E7
1639    20041010	2.0008720233333334E7
1639    20041013	2.0010396466666665E7
1639    20050128	2.00123673E7
1639    20050129	2.0014338133333333E7
1639    20050224	2.0016312033333335E7
1639    20050228	2.0018286E7
1639    20050322	4.00424829E7
1639    20050505	2.00242029E7
1639    20051204	2.0026202266666666E7
1639    20060215	2.00285018E7
1639    20060217	2.0030504966666665E7
1639    20060220	2.0032507933333334E7
1639    20060305	2.0034503933333334E7
1639    20060310	2.0036490833333332E7
1639    20060418	2.0038474666666668E7
1639    20060616	2.0040465066666666E7
1639    20060814	2.0042454866666667E7
1639    20060821	2.00441451E7
1639    20061229	2.0045848666666668E7
1639    20070228	2.0047851933333334E7
1639    20080810	2.0050191666666668E7
1639    20081226	2.0052221533333335E7
1639    20090112	2.00542114E7
1639    20090124	2.00561983E7
1639    20090414	2.00581944E7
1639    20110307	2.0060847533333335E7
1639    20110722	2.0063194733333334E7
1639    20110901	2.0065533833333332E7
1639    20120611	2.0068190166666668E7
1639    20120805	2.007085E7
1639    20140303	2.0074159666666668E7
