1641    20001208	1.99942888E7
1641    20001209	1.99952882E7
1641    20010122	1.9996278866666667E7
1641    20010606	1.99972655E7
1641    20011019	1.99982625E7
1641    20020201	1.99995623E7
1641    20020418	2.0000552033333335E7
1641    20030409	2.0001865533333335E7
1641    20030706	2.0003188833333332E7
1641    20030913	2.0004518866666667E7
1641    20030919	2.0005846133333333E7
1641    20040306	2.0007482866666667E7
1641    20040317	2.0009119666666668E7
1641    20040526	2.0010763333333332E7
1641    20040702	2.00124124E7
1641    20040808	2.0013755866666667E7
1641    20050110	2.00154092E7
1641    20050127	2.0017060033333335E7
1641    20050305	2.00187168E7
1641    20050322	2.0020370766666666E7
1641    20050419	2.0022027033333335E7
1641    20050501	2.0023686033333335E7
1641    20050518	2.0025343266666666E7
1641    20050728	2.00270008E7
1641    20050921	2.00286645E7
1641    20051006	2.0030327466666665E7
1641    20051110	2.0031993866666667E7
1641    20060203	2.0033963333333332E7
1641    20060418	2.0035939933333334E7
1641    20061211	2.0037942933333334E7
1641    20080126	2.0040573533333335E7
1641    20090414	2.0043547033333335E7
1641    20100430	2.00465573E7
1641    20110509	2.00498874E7
1641    20110901	2.00532168E7
