1645    20040903	2.0004479766666666E7
1645    20040907	2.0006802433333334E7
1645    20040929	2.0008823166666668E7
1645    20050207	2.001113E7
1645    20050322	2.00134405E7
1645    20050419	2.0015420866666667E7
1645    20050501	2.0017403733333334E7
1645    20050529	2.00193845E7
1645    20050923	2.00213781E7
1645    20051023	2.0023371866666667E7
1645    20051110	2.0025368433333334E7
1645    20051116	2.0027364666666668E7
1645    20060207	2.0029368E7
1645    20060418	2.00313651E7
1645    20060525	2.0033365266666666E7
1645    20060623	2.0035361666666668E7
1645    20060813	2.0037355366666667E7
1645    20070228	2.00396595E7
1645    20080126	2.0042293433333334E7
1645    20080205	2.00449296E7
1645    20080711	2.0047579666666668E7
1645    20080713	2.00499327E7
1645    20091015	2.0052606033333335E7
1645    20110127	2.00555964E7
1645    20130601	2.0059269166666668E7
1645    20150726	2.0063286466666665E7
1645    20150917	2.00673035E7
1645    20160508	2.0071612766666666E7
1645    20160729	2.0075629633333333E7
1645    20160801	2.00796294E7
1645    20160816	2.00836265E7
