165    19960726	1.9960578233333334E7
165    19960729	1.9960591533333335E7
165    19960801	1.9960607233333334E7
165    19960802	1.9960620166666668E7
165    19960807	1.99606331E7
165    19960813	1.9960643166666668E7
165    19960815	1.9960653266666666E7
165    19960816	1.99606633E7
165    19960826	1.9960673533333335E7
165    19960830	1.99606839E7
165    19960905	1.9960696666666668E7
165    19960906	1.9960709433333334E7
165    19960909	1.9960722233333334E7
165    19960919	1.99607327E7
165    19960921	1.99607432E7
165    19960925	1.99607537E7
165    19961007	1.9960766866666667E7
165    19961012	1.99607801E7
165    19961015	1.9960793366666667E7
165    19961016	1.99608066E7
165    19961019	1.99608199E7
165    19961020	1.99608332E7
165    19961023	1.9960846566666666E7
165    19961026	1.9960859833333332E7
165    19961027	1.99608731E7
165    19961103	1.9960886333333332E7
165    19961106	3.9921811733333334E7
165    19961107	1.9960925366666667E7
165    19961108	1.9960938166666668E7
165    19961110	1.9960950966666665E7
165    19961115	1.9960963833333332E7
165    19961120	1.9960974466666665E7
165    19961122	1.9960985133333333E7
165    19961124	1.99609957E7
165    19961125	1.99610061E7
165    19961129	1.9961016566666666E7
165    19961216	1.99610299E7
165    19970205	1.9961342533333335E7
165    19970623	1.9961668966666665E7
165    19980616	1.9962326E7
165    19981002	1.9962995866666667E7
165    19991012	1.99639993E7
165    19991216	1.99650092E7
165    20000117	1.9966315733333334E7
165    20000122	1.99676223E7
165    20000314	1.9968932533333335E7
165    20000408	1.9970245733333334E7
165    20000425	1.99715594E7
165    20000801	1.9972885566666666E7
165    20001104	1.9974221733333334E7
165    20001121	1.9975558433333334E7
165    20001128	1.9976895266666666E7
165    20001209	1.99782347E7
165    20010122	1.99798712E7
165    20010717	1.9981525E7
165    20010807	1.99831817E7
165    20020418	1.9985158766666666E7
165    20040808	1.9987815466666665E7
165    20040820	1.9990472533333335E7
165    20040830	1.9993129866666667E7
165    20041031	1.9995793733333334E7
165    20041110	1.9998460066666666E7
165    20041115	2.00011265E7
165    20050110	2.00040927E7
165    20050309	2.00070655E7
165    20050310	2.00100382E7
165    20050321	2.0013008366666667E7
165    20050322	2.0015678933333334E7
165    20050323	2.00183356E7
165    20050405	2.00206619E7
165    20050412	2.0022975566666666E7
165    20050419	2.00249558E7
165    20051023	2.0026949366666667E7
165    20060116	2.0028949333333332E7
165    20060203	2.0030952033333335E7
165    20060311	2.0032951933333334E7
165    20060418	2.0034952266666666E7
165    20061004	2.0036971566666666E7
165    20061109	2.0038981833333332E7
165    20061229	2.0040986E7
165    20070407	2.0043295533333335E7
165    20070703	2.00456147E7
165    20071102	2.0047944466666665E7
165    20080126	2.0050277933333334E7
165    20080623	2.0052608133333333E7
165    20081128	2.0054952166666668E7
165    20090124	2.00572757E7
165    20090414	2.0058929233333334E7
165    20090422	2.0060582633333333E7
165    20091015	2.0062255466666665E7
165    20091020	2.0063921766666666E7
165    20091107	2.0065588333333332E7
165    20100430	2.00675655E7
165    20100807	2.00692554E7
165    20101205	2.0070951933333334E7
165    20110222	2.0072949E7
165    20110901	2.0074968333333332E7
165    20120801	2.0077317633333333E7
165    20121123	2.0079677633333333E7
165    20130205	2.0082337633333333E7
165    20130218	2.0084997833333332E7
165    20130404	2.0087664E7
165    20140202	2.0090636633333333E7
165    20150611	2.0093653133333333E7
165    20151020	2.0096680366666667E7
165    20151104	2.00997068E7
165    20160115	2.0103030033333335E7
165    20160507	2.01063468E7
165    20160728	2.0109667433333334E7
165    20160816	2.0112987E7
165    20160907	2.0116003666666668E7
165    20161006	2.0119013766666666E7
