1653    20030513	1.9999128466666665E7
1653    20030514	2.00011047E7
1653    20030730	2.0002775166666668E7
1653    20031022	2.0004448766666666E7
1653    20040114	2.0006419166666668E7
1653    20041010	2.00084126E7
1653    20050125	2.00103833E7
1653    20050207	2.0012356633333333E7
1653    20050211	2.00143301E7
1653    20050310	2.0016306333333332E7
1653    20050419	2.0018283266666666E7
1653    20050528	2.00202637E7
1653    20050904	2.00222533E7
1653    20050923	2.0024243133333333E7
1653    20060103	2.0026538933333334E7
1653    20060118	2.0028538966666665E7
1653    20060130	2.0030538933333334E7
1653    20060215	2.00325388E7
1653    20060310	2.0034534966666665E7
1653    20060418	2.0036528833333332E7
1653    20060525	2.0038521966666665E7
1653    20060606	2.00405154E7
1653    20060717	2.0042502366666667E7
1653    20060813	2.0044492133333333E7
1653    20060821	2.00464792E7
1653    20060905	2.0047839066666666E7
1653    20061111	2.0049205533333335E7
1653    20070228	2.0050838866666667E7
1653    20080618	2.0052519233333334E7
1653    20080711	2.0054195966666665E7
1653    20080810	2.0055872533333335E7
1653    20090501	2.00578721E7
1653    20090603	2.0059867866666667E7
1653    20100327	2.0062178033333335E7
1653    20101205	2.00642144E7
1653    20101207	2.0066220966666665E7
1653    20110124	2.0068220933333334E7
1653    20110127	2.0070218266666666E7
1653    20110319	2.0072221866666667E7
1653    20120502	2.00745616E7
1653    20120924	2.0076911766666666E7
1653    20121005	2.0079261E7
1653    20121111	2.0081601233333334E7
1653    20130218	2.00842444E7
1653    20130621	2.0086595E7
1653    20141012	2.0089291466666665E7
1653    20141116	2.0091991E7
1653    20150701	2.00950072E7
1653    20150710	2.0098020533333335E7
1653    20150814	2.0101033733333334E7
1653    20150926	2.01040471E7
1653    20151205	2.0107067066666666E7
1653    20160207	2.01103834E7
1653    20160508	2.0113706566666666E7
1653    20160524	2.011703E7
