1673    20020330	1.99971491E7
1673    20020929	1.99988065E7
1673    20030517	2.0000782833333332E7
1673    20030913	2.0002466533333335E7
1673    20031230	2.0004153766666666E7
1673    20040601	2.0005816266666666E7
1673    20040726	2.00074762E7
1673    20040929	2.0009140266666666E7
1673    20041202	2.0010813266666666E7
1673    20050127	2.0012777066666666E7
1673    20050322	2.0014746833333332E7
1673    20050401	2.0016423433333334E7
1673    20050419	2.00180871E7
1673    20050904	2.0019766566666666E7
1673    20050923	2.0021443933333334E7
1673    20060217	2.0023431066666666E7
1673    20060411	2.0025424366666667E7
1673    20060526	2.0027418466666665E7
1673    20060606	2.00294143E7
1673    20060813	2.00314046E7
1673    20061229	2.0033408266666666E7
1673    20081208	2.0036077866666667E7
1673    20081226	2.0038748033333335E7
1673    20091014	2.0041744333333332E7
1673    20100327	2.00450509E7
1673    20100624	2.0048364833333332E7
1673    20120805	2.0052351366666667E7
1673    20121203	2.0056054066666666E7
1673    20131212	2.0060086966666665E7
1673    20141206	2.0064436666666668E7
1673    20150224	2.0068766466666665E7
1673    20160626	2.0073423033333335E7
1673    20160816	2.0077766333333332E7
