1674    20010813	1.9996799433333334E7
1674    20011115	1.9997809466666665E7
1674    20020201	1.9999115933333334E7
1674    20021228	2.0000449966666665E7
1674    20030324	2.0001760666666668E7
1674    20030409	2.0003074166666668E7
1674    20030819	2.0004401166666668E7
1674    20040802	2.0006060833333332E7
1674    20041119	2.0007730833333332E7
1674    20041202	2.00094035E7
1674    20050207	2.00113763E7
1674    20050320	2.0013346533333335E7
1674    20050321	2.00153167E7
1674    20050322	2.0016987233333334E7
1674    20050518	2.0018664266666666E7
1674    20050923	2.0020354733333334E7
1674    20060203	2.00223542E7
1674    20060731	2.00243644E7
1674    20060820	2.0026374933333334E7
1674    20080812	2.00290486E7
1674    20080816	2.00317224E7
1674    20090414	2.00347161E7
1674    20110127	2.0038362633333333E7
1674    20110307	2.0042012E7
1674    20111106	2.00456784E7
1674    20120622	2.0049661833333332E7
1674    20160310	2.0054968133333333E7
