1676    20030415	2.0001163733333334E7
1676    20030514	2.0003140633333333E7
1676    20030730	2.00051244E7
1676    20030926	2.0007114366666667E7
1676    20030929	2.00087786E7
1676    20031002	2.0010438433333334E7
1676    20040114	2.0012077966666665E7
1676    20040903	2.0013741E7
1676    20050130	2.00157083E7
1676    20050304	2.0017681266666666E7
1676    20050322	2.0019651633333333E7
1676    20050324	2.0021322166666668E7
1676    20050423	2.00229924E7
1676    20050530	2.00246632E7
1676    20051023	2.00263439E7
1676    20060130	2.0028321466666665E7
1676    20060203	2.00303014E7
1676    20060327	2.0032275366666667E7
1676    20060717	2.00342619E7
1676    20060813	2.00362514E7
1676    20061229	2.0038251666666668E7
1676    20070228	2.0040551666666668E7
1676    20070708	2.00425546E7
1676    20080701	2.0044870733333334E7
1676    20090125	2.0047204433333334E7
1676    20090603	2.00495511E7
1676    20091015	2.0051904333333332E7
1676    20100430	2.00545444E7
1676    20101207	2.0056911066666666E7
1676    20101220	2.0059274833333332E7
1676    20110127	2.00619319E7
1676    20110901	2.0064611466666665E7
1676    20120808	2.0067614066666666E7
1676    20130218	2.00709238E7
1676    20140303	2.00745696E7
1676    20141225	2.00782437E7
1676    20150714	2.0081930366666667E7
1676    20150719	2.00855909E7
1676    20160115	2.0089257066666666E7
1676    20160608	2.0092933866666667E7
1676    20160721	2.0096613833333332E7
1676    20160804	2.01002965E7
1676    20160816	2.0103976266666666E7
