1682    20010717	1.9996510033333335E7
1682    20010815	1.9997516666666668E7
1682    20020116	1.9998826733333334E7
1682    20020418	1.99998234E7
1682    20030303	2.0001142633333333E7
1682    20030307	2.0002455233333334E7
1682    20030516	2.0003772366666667E7
1682    20030713	2.0005096033333335E7
1682    20030929	2.0006426766666666E7
1682    20031230	2.0007767466666665E7
1682    20040114	2.0009404233333334E7
1682    20040423	2.0011051266666666E7
1682    20040611	2.0012697866666667E7
1682    20040728	2.0014348233333334E7
1682    20040903	2.0016004166666668E7
1682    20040921	2.00173643E7
1682    20040930	2.0018724266666666E7
1682    20041012	2.0020077766666666E7
1682    20041017	2.0021424933333334E7
1682    20041121	2.0022775533333335E7
1682    20050129	2.00244261E7
1682    20050305	2.0026076166666668E7
1682    20050322	4.005708093333333E7
1682    20050323	2.0031000966666665E7
1682    20050403	2.0032643733333334E7
1682    20050413	2.0034286833333332E7
1682    20050419	2.0035927166666668E7
1682    20050501	2.0037256533333335E7
1682    20050518	2.00385833E7
1682    20051110	2.0039929733333334E7
1682    20060130	2.0041573566666666E7
1682    20060203	2.00429098E7
1682    20060215	2.0044236366666667E7
1682    20060327	2.0045237166666668E7
1682    20060418	2.0046240866666667E7
1682    20060526	2.00472412E7
1682    20060720	2.0048241433333334E7
1682    20060814	2.00492376E7
1682    20060905	2.0050226766666666E7
1682    20061112	2.00509267E7
1682    20061118	2.0051616533333335E7
1682    20061207	2.0052303066666666E7
1682    20061229	2.0052986433333334E7
1682    20070228	2.0053963933333334E7
1682    20080126	2.0055270766666666E7
1682    20080205	2.0056579933333334E7
1682    20080711	2.0057903233333334E7
1682    20081208	2.0059242933333334E7
1682    20090125	2.00608764E7
1682    20090131	2.00622098E7
1682    20090528	2.0063550566666666E7
1682    20090609	2.0064893466666665E7
1682    20091014	2.0066249866666667E7
1682    20100111	2.0067909466666665E7
1682    20100420	2.00695767E7
1682    20100430	2.0071243933333334E7
1682    20100516	2.0072913833333332E7
1682    20100807	2.00745907E7
1682    20100829	2.0076267733333334E7
1682    20101207	2.0077937633333333E7
1682    20110127	2.00796042E7
1682    20110307	2.0081274333333332E7
1682    20110509	2.00829508E7
1682    20110629	2.0084627533333335E7
1682    20110901	2.00863103E7
1682    20111124	2.00879969E7
1682    20120502	2.0089989633333333E7
1682    20120626	2.0091983366666667E7
1682    20120818	2.0093980466666665E7
1682    20121203	2.00959835E7
1682    20130413	2.0098293333333332E7
1682    20130424	2.0100600566666666E7
1682    20130620	2.01029136E7
1682    20130902	2.0104936066666666E7
1682    20140202	2.01069386E7
1682    20140721	2.01089558E7
1682    20141012	2.0110965833333332E7
1682    20141115	2.0112962733333334E7
1682    20141206	2.0114665433333334E7
1682    20150203	2.0116667833333332E7
1682    20150224	2.01186577E7
1682    20150226	2.0120644933333334E7
1682    20150701	2.01226345E7
1682    20150711	2.0124321166666668E7
1682    20150714	2.0125997633333333E7
1682    20150715	2.01276738E7
1682    20150720	2.0129347266666666E7
1682    20150726	2.0131011233333334E7
1682    20150927	2.0132681166666668E7
1682    20151103	2.0134344366666667E7
1682    20151129	2.01357111E7
1682    20151205	4.0275505266666666E7
1682    20151230	2.0139784266666666E7
1682    20160114	2.01414247E7
1682    20160216	2.01430611E7
1682    20160330	2.01443887E7
1682    20160427	2.01457154E7
1682    20160507	2.0147038366666667E7
1682    20160524	2.0148349066666666E7
1682    20160608	2.0149355566666666E7
1682    20160626	2.01503623E7
1682    20160721	2.0151365666666668E7
1682    20160723	2.01523597E7
1682    20160728	2.01530439E7
1682    20160816	2.0153713733333334E7
1682    20160830	2.0154374333333332E7
