1690    20050331	2.0007463666666668E7
1690    20050528	2.0010107366666667E7
1690    20051213	2.0012773566666666E7
1690    20060518	2.00154241E7
1690    20060813	2.0018077633333333E7
1690    20061109	2.00204109E7
1690    20080701	2.0023397066666666E7
1690    20091015	2.0026723266666666E7
1690    20101215	2.00300932E7
1690    20111120	2.00337899E7
1690    20120214	2.00377865E7
1690    20120805	2.00417998E7
1690    20120808	4.00956259E7
1690    20160115	2.0055119933333334E7
1690    20160507	2.0060433233333334E7
