17    19970215	1.99636138E7
17    19970318	1.9963946733333334E7
17    19970409	1.99642764E7
17    19970413	1.99646061E7
17    19970519	1.99649393E7
17    19970623	1.99652759E7
17    19971024	1.99656229E7
17    19971114	1.9965972666666668E7
17    19980201	1.99666225E7
17    19980402	1.9967278666666668E7
17    19980616	1.9967939066666666E7
17    19980814	1.9968606033333335E7
17    19980911	1.9969273E7
17    19981007	1.9969942933333334E7
17    19990726	1.9970936433333334E7
17    19990928	1.9971933733333334E7
17    19990929	1.9972930733333334E7
17    19991005	1.997393E7
17    19991007	1.99749267E7
17    19991009	1.9975923133333333E7
17    19991012	1.99769163E7
17    19991115	1.99779127E7
17    19991204	1.99786159E7
17    19991216	1.9979319066666666E7
17    20000402	1.9980328433333334E7
17    20000407	1.9981337933333334E7
17    20000419	1.9982347666666668E7
17    20000504	1.99833602E7
17    20000602	1.99843759E7
17    20000731	1.99853934E7
17    20001104	1.9986423033333335E7
17    20001120	1.9987449766666666E7
17    20001121	1.99884735E7
17    20001209	1.9989500033333335E7
17    20010219	1.9990823366666667E7
17    20010815	1.99921631E7
17    20011226	1.9993503166666668E7
17    20020201	1.99951394E7
17    20020203	1.99964728E7
17    20030324	1.9998136866666667E7
17    20030416	1.9999796866666667E7
17    20040728	2.0001794E7
17    20041031	2.0003798E7
17    20050321	2.0006108466666665E7
17    20051112	2.0008121333333332E7
17    20060418	2.0010437666666668E7
17    20061207	2.0012780266666666E7
17    20070204	2.0015420233333334E7
17    20081208	2.0018426933333334E7
17    20110127	2.0022397533333335E7
17    20110509	2.0026380766666666E7
17    20110901	2.0030373633333333E7
17    20121119	2.0034704133333333E7
17    20130620	2.0039350933333334E7
17    20141219	2.0044044833333332E7
17    20160416	2.0049378466666665E7
17    20160508	2.0054714766666666E7
