1704    20000425	1.9990514333333332E7
1704    20000427	1.9991184933333334E7
1704    20000509	1.9991854666666668E7
1704    20000520	1.9992518233333334E7
1704    20000602	1.9993184233333334E7
1704    20000703	1.9993840766666666E7
1704    20001114	1.9994504333333332E7
1704    20001120	3.9990041333333336E7
1704    20001121	1.9995530266666666E7
1704    20001209	1.9995870533333335E7
1704    20010101	1.9996507133333333E7
1704    20010122	1.99971444E7
1704    20010130	1.9997781933333334E7
1704    20010620	1.99984357E7
1704    20010715	1.99990925E7
1704    20011216	1.9999765966666665E7
1704    20020117	2.0000733166666668E7
1704    20020201	2.00017027E7
1704    20020929	2.0002696466666665E7
1704    20030513	2.0004009466666665E7
1704    20030929	2.0005336333333332E7
1704    20031022	2.00066634E7
1704    20031230	2.00079973E7
1704    20040405	2.0009637033333335E7
1704    20040726	2.0011286933333334E7
1704    20040921	2.0012647566666666E7
1704    20041010	2.00140105E7
1704    20041031	2.0015373833333332E7
1704    20050129	2.0017031233333334E7
1704    20050320	2.00186944E7
1704    20050322	6.006605363333333E7
1704    20050403	2.00253381E7
1704    20050413	2.00269951E7
1704    20050423	2.0028638733333334E7
1704    20050426	2.0030282266666666E7
1704    20050518	2.0031928866666667E7
1704    20050723	2.0033582266666666E7
1704    20050923	2.00352394E7
1704    20051116	2.0036606566666666E7
1704    20060116	2.0038273033333335E7
1704    20060128	2.0039939633333333E7
1704    20060130	2.0041589966666665E7
1704    20060203	2.0043239566666666E7
1704    20060215	2.0044872866666667E7
1704    20060310	2.0046212633333333E7
1704    20060418	2.00475532E7
1704    20060527	2.0048873133333333E7
1704    20060611	2.00498764E7
1704    20060801	2.0050872133333333E7
1704    20060814	2.00518652E7
1704    20060923	2.0052854966666665E7
1704    20061207	2.0053548366666667E7
1704    20061229	2.00542318E7
1704    20070303	2.00552112E7
1704    20070505	2.0056194366666667E7
1704    20070619	2.0057180633333333E7
1704    20070707	2.0057866566666666E7
1704    20070919	2.00585532E7
1704    20080126	2.0059546666666668E7
1704    20080205	2.0060542766666666E7
1704    20080412	2.0061545766666666E7
1704    20080618	2.0062552933333334E7
1704    20080711	2.0063562866666667E7
1704    20080810	2.0064575766666666E7
1704    20081030	2.00655959E7
1704    20081128	2.0066616233333334E7
1704    20081130	2.00676298E7
1704    20090125	2.0068936533333335E7
1704    20090414	2.0070246466666665E7
1704    20090609	2.00712629E7
1704    20090927	2.0072289533333335E7
1704    20091013	2.0073318966666665E7
1704    20100516	2.0074662733333334E7
1704    20100610	2.0076009233333334E7
1704    20100807	2.0077359133333333E7
1704    20101207	2.0078718766666666E7
1704    20110104	2.0080371333333332E7
1704    20110127	2.0082021866666667E7
1704    20110307	2.0083672066666666E7
1704    20110319	2.0085322233333334E7
1704    20110509	2.00869751E7
1704    20110603	2.0088621633333333E7
1704    20110703	2.0090270766666666E7
1704    20110711	2.00916177E7
1704    20110901	2.0092964233333334E7
1704    20111106	2.00943138E7
1704    20120502	2.0095973633333333E7
1704    20120622	2.00976304E7
1704    20120719	2.00989835E7
1704    20120805	2.0100336833333332E7
1704    20121014	2.0101690233333334E7
1704    20121111	2.010304E7
1704    20130424	2.01046971E7
1704    20130621	2.0106357466666665E7
1704    20130902	2.0108019866666667E7
1704    20140719	2.0110006233333334E7
1704    20140826	2.01119961E7
1704    20140910	2.0113688933333334E7
1704    20141115	2.0115378966666665E7
1704    20141116	2.0117062533333335E7
1704    20150203	2.01190384E7
1704    20150217	2.0121011866666667E7
1704    20150219	2.0122668633333333E7
1704    20150224	2.0124322433333334E7
1704    20150226	2.0125969733333334E7
1704    20150306	2.0127606366666667E7
1704    20150501	2.0128952933333334E7
1704    20150610	2.0130302366666667E7
1704    20150701	2.0131648833333332E7
1704    20150709	2.0132995166666668E7
1704    20150714	2.0134335333333332E7
1704    20150716	2.0135672433333334E7
1704    20150720	2.0137006333333332E7
1704    20151205	2.0138356133333333E7
1704    20151230	2.0139700433333334E7
1704    20160330	2.0141341233333334E7
1704    20160507	2.0142674733333334E7
1704    20160626	2.01440082E7
1704    20160717	2.0145341466666665E7
1704    20160723	2.0146672066666666E7
1704    20160728	2.0147995866666667E7
1704    20160816	2.0149319366666667E7
1704    20160907	2.0150335466666665E7
1704    20161006	2.01513483E7
1704    20161016	2.01523521E7
