172    20040903	1.9986095166666668E7
172    20050228	1.9989088966666665E7
172    20050322	1.9992082633333333E7
172    20050419	1.99950793E7
172    20050923	1.9998089733333334E7
172    20051006	2.00011027E7
172    20060131	2.0004419666666668E7
172    20060418	2.0007743066666666E7
172    20060523	2.0011069933333334E7
172    20060726	2.0014403166666668E7
172    20080711	2.0018396166666668E7
172    20090126	2.0022699966666665E7
172    20090708	2.0027019733333334E7
172    20091014	2.0031349666666668E7
172    20091213	2.00356861E7
172    20100209	2.0040322333333332E7
172    20100516	2.0044668833333332E7
172    20101215	2.0049035833333332E7
172    20160507	2.0055019333333332E7
