1721    20000102	1.99872302E7
1721    20000117	1.99881932E7
1721    20000130	1.9988860833333332E7
1721    20000131	1.9989518466666665E7
1721    20000401	1.99901851E7
1721    20000402	1.9990851266666666E7
1721    20000407	1.9991510933333334E7
1721    20000425	1.9992164633333333E7
1721    20000504	1.9992817733333334E7
1721    20000602	1.99934709E7
1721    20000731	1.9994124966666665E7
1721    20000803	1.9994778166666668E7
1721    20001012	1.9995121033333335E7
1721    20001104	1.9995460233333334E7
1721    20001114	1.9995799766666666E7
1721    20001117	1.9996139366666667E7
1721    20001119	1.9996476566666666E7
1721    20001120	1.9996813766666666E7
1721    20001207	1.9997153766666666E7
1721    20001209	1.9997493766666666E7
1721    20010110	1.99981304E7
1721    20010130	1.99987677E7
1721    20010225	1.9999408133333333E7
1721    20010620	2.0000061366666667E7
1721    20010715	2.0000715166666668E7
1721    20010720	2.0001368666666668E7
1721    20020116	2.00023351E7
1721    20020405	2.00033081E7
1721    20020413	2.0004281333333332E7
1721    20020624	2.0005261166666668E7
1721    20020908	2.00059547E7
1721    20030207	2.00069577E7
1721    20030406	2.00079669E7
1721    20030416	2.00089764E7
1721    20030513	2.0009980133333333E7
1721    20030516	2.0010983933333334E7
1721    20030610	2.00119907E7
1721    20040601	2.00133299E7
1721    20040728	2.00146707E7
1721    20040820	2.00160113E7
1721    20040903	2.0017350366666667E7
1721    20041010	2.00186906E7
1721    20041031	2.0020024566666666E7
1721    20041110	2.00213581E7
1721    20041121	2.0022691666666668E7
1721    20050125	2.0024325266666666E7
1721    20050128	2.00259589E7
1721    20050207	2.0027595133333333E7
1721    20050304	2.00292317E7
1721    20050321	2.0030868766666666E7
1721    20050322	2.0032209166666668E7
1721    20050331	2.00335492E7
1721    20050405	2.0034888533333335E7
1721    20050419	2.0036215166666668E7
1721    20050501	2.0037541366666667E7
1721    20050602	2.0038870766666666E7
1721    20050727	2.0039891133333333E7
1721    20050923	2.00409084E7
1721    20051023	2.0041928733333334E7
1721    20051110	2.0042944933333334E7
1721    20051116	2.0043951866666667E7
1721    20060128	2.0044949233333334E7
1721    20060130	2.0045940033333335E7
1721    20060203	2.0046932933333334E7
1721    20060215	2.0047923E7
1721    20060418	2.0048919733333334E7
1721    20060518	2.0049916666666668E7
1721    20060526	2.0050580833333332E7
1721    20060719	2.00512472E7
1721    20060813	2.0051913633333333E7
1721    20061111	2.0052587233333334E7
1721    20061112	2.00532573E7
1721    20061208	2.0053929866666667E7
1721    20061223	2.00546003E7
1721    20061229	4.0110911266666666E7
1721    20070302	2.0056313166666668E7
1721    20070627	2.0056993833333332E7
1721    20070703	2.00576738E7
1721    20080126	2.00586673E7
1721    20080205	2.00596634E7
1721    20080623	2.0060673133333333E7
1721    20080711	2.0061683333333332E7
1721    20080810	2.0062696366666667E7
1721    20081129	2.00637173E7
1721    20081130	2.00647349E7
1721    20081210	2.0065751E7
1721    20090124	2.00670577E7
1721    20090414	2.0068370733333334E7
1721    20090422	2.0069681133333333E7
1721    20090809	2.0071004233333334E7
1721    20091020	2.0072033966666665E7
1721    20091026	2.0073063833333332E7
1721    20100126	2.00743946E7
1721    20100327	2.0075731666666668E7
1721    20100430	2.00770654E7
1721    20100516	2.0078398666666668E7
1721    20100610	2.00797348E7
1721    20100807	2.0081071066666666E7
1721    20101205	2.0082417466666665E7
1721    20101207	2.0083754E7
1721    20110127	2.0085387833333332E7
1721    20110222	2.0087021633333333E7
1721    20110228	2.0088655133333333E7
1721    20110306	2.0090291033333335E7
1721    20110429	2.0091931033333335E7
1721    20110509	2.0093271266666666E7
1721    20110711	2.00946074E7
1721    20110901	2.0095947333333332E7
1721    20111124	2.00969806E7
1721    20120502	2.0098323833333332E7
1721    20120622	2.0099657133333333E7
1721    20120629	2.0100987733333334E7
1721    20130218	2.0102634666666668E7
1721    20130404	2.0104277166666668E7
1721    20130424	2.01059203E7
1721    20130621	2.0107567333333332E7
1721    20131212	2.0108936933333334E7
1721    20140126	2.0110594E7
1721    20140202	2.0112253333333332E7
1721    20150304	2.01142365E7
1721    20150609	2.01162228E7
1721    20150727	2.0118212833333332E7
1721    20151107	2.01199122E7
1721    20160114	2.01219051E7
1721    20160330	4.0249797333333336E7
1721    20160410	2.01278889E7
1721    20160507	2.01298789E7
1721    20160508	2.0131855666666668E7
1721    20160510	2.0133832433333334E7
1721    20160511	2.01355119E7
1721    20160626	2.0137192033333335E7
1721    20160818	2.0138878366666667E7
1721    20160907	2.0140565066666666E7
