1722    20060215	2.0020359133333333E7
1722    20060411	2.0023331933333334E7
1722    20060526	2.0026002733333334E7
1722    20070301	2.0028999366666667E7
1722    20070511	2.0031995966666665E7
1722    20080126	2.0035312966666665E7
1722    20080628	2.0038633833333332E7
1722    20080816	2.0041623866666667E7
1722    20081030	2.0044314333333332E7
1722    20090124	2.00473009E7
1722    20090413	2.00502903E7
1722    20100624	2.00536071E7
1722    20110127	2.0057237033333335E7
1722    20120214	2.0060890166666668E7
1722    20120719	2.00645569E7
1722    20120808	2.0067903233333334E7
1722    20150203	2.0072222533333335E7
1722    20160115	2.00765489E7
1722    20160216	2.0080862133333333E7
1722    20160818	2.00848652E7
