1729    20050323	2.0006315633333333E7
1729    20050327	2.00089523E7
1729    20050501	2.00112921E7
1729    20050923	2.0013615966666665E7
1729    20060127	2.00159226E7
1729    20060130	2.0018226833333332E7
1729    20060203	2.00205333E7
1729    20060411	2.00228466E7
1729    20060418	2.0025153433333334E7
1729    20060606	2.0027466E7
1729    20060802	2.0029489166666668E7
1729    20060813	2.00315119E7
1729    20061229	2.0033545933333334E7
1729    20090124	2.0036542766666666E7
1729    20090503	2.0039545366666667E7
1729    20091013	2.00425623E7
1729    20100327	2.0045889433333334E7
1729    20100910	2.0049233033333335E7
1729    20110127	2.00528771E7
1729    20120611	2.0056860133333333E7
1729    20120731	2.00605469E7
1729    20120805	2.0064226833333332E7
1729    20121123	2.00679071E7
1729    20130601	2.00715828E7
1729    20130927	2.0075266433333334E7
1729    20150715	2.0079592633333333E7
1729    20150917	2.0083282633333333E7
1729    20160816	2.00872898E7
