173    19981002	1.99617839E7
173    19981207	1.99624798E7
173    19991217	1.9963506566666666E7
173    20000205	1.9964832766666666E7
173    20000731	1.99661734E7
173    20001104	1.9967526366666667E7
173    20001121	1.9968879766666666E7
173    20001228	1.9970233533333335E7
173    20010101	1.9971883E7
173    20010122	1.99735331E7
173    20010708	1.9975202633333333E7
173    20020624	1.99771999E7
173    20040808	1.9979869633333333E7
173    20040830	1.9982540066666666E7
173    20040903	1.99852127E7
173    20041115	1.9987892233333334E7
173    20050224	1.9990873E7
173    20050322	1.9993856566666666E7
173    20050327	1.9996839933333334E7
173    20050406	1.99998199E7
173    20050904	2.00028163E7
173    20051006	2.0005815833333332E7
173    20051023	2.0008815833333332E7
173    20051110	2.00118186E7
173    20060203	2.0015121833333332E7
173    20060215	2.0018425166666668E7
173    20060606	2.0021741366666667E7
173    20060717	2.00250612E7
173    20060813	2.0028384166666668E7
173    20061110	2.00314004E7
173    20070301	2.0034377033333335E7
173    20080701	2.00376935E7
173    20080711	2.0040676633333333E7
173    20080816	2.0043363666666668E7
173    20090125	2.0046343466666665E7
173    20091014	2.0049340466666665E7
173    20110711	2.0052993466666665E7
173    20110901	2.0056649233333334E7
173    20140202	2.0060985933333334E7
173    20141206	2.00653554E7
173    20160507	2.00703487E7
