1732    20001119	3.99898169E7
1732    20001121	1.99959142E7
1732    20010407	1.99968908E7
1732    20011216	1.99978911E7
1732    20020122	1.9998870933333334E7
1732    20020123	1.99998441E7
1732    20030409	2.00011575E7
1732    20030531	2.0002474966666665E7
1732    20030730	2.0003799033333335E7
1732    20030929	2.00051296E7
1732    20031114	2.0006465966666665E7
1732    20040114	2.00080963E7
1732    20040317	2.00097331E7
1732    20040603	2.0011379333333332E7
1732    20040726	2.0013029233333334E7
1732    20041121	2.0014396366666667E7
1732    20050129	2.0016060033333335E7
1732    20050322	2.0017723266666666E7
1732    20050323	2.0019383866666667E7
1732    20050426	2.0021047633333333E7
1732    20050603	2.0022710966666665E7
1732    20050608	2.0024373533333335E7
1732    20050904	2.00260428E7
1732    20050923	2.0027710133333333E7
1732    20051023	2.0029380766666666E7
1732    20060128	2.0031351633333333E7
1732    20060130	2.0033319166666668E7
1732    20060203	2.00352887E7
1732    20060220	2.0037258766666666E7
1732    20060526	2.0039239E7
1732    20060814	2.0041228833333332E7
1732    20060821	2.0043218833333332E7
1732    20061109	2.00449089E7
1732    20070623	2.0046889133333333E7
1732    20080224	2.0048892533333335E7
1732    20080424	2.0050902566666666E7
1732    20080711	2.00525793E7
1732    20080805	2.00542551E7
1732    20081226	2.00559383E7
1732    20090121	2.0057911366666667E7
1732    20090125	2.00598784E7
1732    20090313	2.00615517E7
1732    20090414	2.00632216E7
1732    20090609	2.0064888466666665E7
1732    20090925	2.0066561766666666E7
1732    20091014	2.0068224866666667E7
1732    20110127	2.00702248E7
1732    20110307	2.00722243E7
1732    20110429	2.0074227833333332E7
1732    20110630	2.0076234633333333E7
1732    20110901	2.0078244566666666E7
1732    20111015	4.016251996666667E7
1732    20120502	2.0084581133333333E7
1732    20120525	2.0086897866666667E7
1732    20120611	2.0088913966666665E7
1732    20120622	2.0090930366666667E7
1732    20120719	2.0092947566666666E7
1732    20120731	2.00949646E7
1732    20120805	2.00969739E7
1732    20120808	2.00989737E7
1732    20120809	2.01009733E7
1732    20121111	2.0102973366666667E7
1732    20121123	2.01046567E7
1732    20121205	2.0106022733333334E7
1732    20130902	2.0107705333333332E7
1732    20140202	2.0109688366666667E7
1732    20140826	2.0111689066666666E7
1732    20141116	2.01136854E7
1732    20150105	2.0115684866666667E7
1732    20150224	2.0117688166666668E7
1732    20150301	2.0119687766666666E7
1732    20150304	2.01216841E7
1732    20150609	2.01236841E7
1732    20150701	2.0125676633333333E7
1732    20150713	2.01276666E7
1732    20150714	2.01290195E7
1732    20150715	2.0130366433333334E7
1732    20151010	2.0131719133333333E7
1732    20151123	2.01330689E7
1732    20160215	2.01347127E7
1732    20160330	2.0136356533333335E7
1732    20160410	2.0138003033333335E7
1732    20160515	2.01393368E7
1732    20160524	2.01406701E7
1732    20160608	2.0142003333333332E7
1732    20160723	2.0143340033333335E7
1732    20160804	2.01446762E7
1732    20160816	2.0146012366666667E7
1732    20161005	2.0147352366666667E7
