1747    20040702	2.00034592E7
1747    20040830	2.0005446633333333E7
1747    20040903	2.0007109833333332E7
1747    20041010	2.0008776433333334E7
1747    20050224	4.002346443333333E7
1747    20050322	2.0014687833333332E7
1747    20050608	2.0016667666666668E7
1747    20051006	2.0018660666666668E7
1747    20051213	2.0020660133333333E7
1747    20060202	2.00226634E7
1747    20060203	2.00246658E7
1747    20060401	2.00266722E7
1747    20060821	2.0028692433333334E7
1747    20070228	2.00310228E7
1747    20080618	2.00336959E7
1747    20080711	2.0036369466666665E7
1747    20080812	2.0039043133333333E7
1747    20081005	2.0041723133333333E7
1747    20100516	2.004504E7
1747    20100624	2.0048356833333332E7
1747    20110127	2.00519904E7
1747    20110212	2.0055623866666667E7
1747    20110506	2.00592671E7
1747    20111015	2.00626003E7
1747    20111120	2.0065633733333334E7
1747    20120719	2.0068971E7
1747    20120731	2.0071985133333333E7
1747    20130109	2.0075294533333335E7
1747    20130601	2.0078610766666666E7
