1748    20050829	2.00120755E7
1748    20050923	2.00144062E7
1748    20060203	2.0017042666666668E7
1748    20060215	2.0019676266666666E7
1748    20060217	2.0021992633333333E7
1748    20060418	2.0024308966666665E7
1748    20060525	2.0026626333333332E7
1748    20060526	2.00289431E7
1748    20061226	2.0031276333333332E7
1748    20071215	2.00336466E7
1748    20080702	2.00363297E7
1748    20081110	2.0039026066666666E7
1748    20090208	2.0042019633333333E7
1748    20090418	2.00450194E7
1748    20110127	2.0048672733333334E7
1748    20120731	2.0052672733333334E7
1748    20120808	2.0056662333333332E7
1748    20121204	2.0060664866666667E7
1748    20130218	2.0064644966666665E7
1748    20141012	2.0068978066666666E7
1748    20150919	2.00733011E7
1748    20160801	2.0077654233333334E7
