1777    20030610	2.0003791366666667E7
1777    20040702	2.0005774533333335E7
1777    20040726	2.0007441166666668E7
1777    20040921	2.00091076E7
1777    20041010	2.0010774366666667E7
1777    20041202	2.0012447366666667E7
1777    20050322	6.00491649E7
1777    20050516	2.00203348E7
1777    20050608	2.00220176E7
1777    20050829	2.00237013E7
1777    20051213	2.00253916E7
1777    20060203	2.00273783E7
1777    20060215	2.00293653E7
1777    20060225	2.0031348433333334E7
1777    20060305	2.00333218E7
1777    20060418	2.00352985E7
1777    20060623	2.0037281933333334E7
1777    20060731	2.0039268966666665E7
1777    20060821	2.0041256033333335E7
1777    20061112	2.0042955433333334E7
1777    20061226	2.0044642766666666E7
1777    20061229	2.00463298E7
1777    20070228	2.0048316733333334E7
1777    20080205	2.0050616366666667E7
1777    20080714	2.0052622533333335E7
1777    20081208	2.0054319366666667E7
1777    20081210	2.0056012833333332E7
1777    20090414	2.0058013E7
1777    20091020	2.0060026666666668E7
1777    20100327	2.0062014166666668E7
1777    20100430	2.00640043E7
1777    20101207	2.0066013833333332E7
1777    20110127	2.0068317733333334E7
1777    20141206	2.00716512E7
1777    20150609	2.00749941E7
1777    20160216	2.0078657233333334E7
1777    20160507	2.0082330066666666E7
1777    20160510	2.0085996533333335E7
1777    20160816	2.0089670133333333E7
