1784    20001118	1.99932238E7
1784    20001120	1.9993900666666668E7
1784    20001125	1.9994571366666667E7
1784    20001209	1.9995244766666666E7
1784    20010101	1.99962079E7
1784    20010107	1.9996847166666668E7
1784    20010110	1.9997484066666666E7
1784    20010402	1.99981307E7
1784    20010407	1.9998777466666665E7
1784    20010606	1.9999430866666667E7
1784    20010620	2.0000084566666666E7
1784    20010621	2.00007382E7
1784    20011019	2.0001404733333334E7
1784    20011216	2.00020778E7
1784    20020201	2.0003047066666666E7
1784    20020418	2.0004020666666668E7
1784    20020929	2.0005011166666668E7
1784    20021002	2.0006004033333335E7
1784    20021228	2.0007004033333335E7
1784    20030513	2.00083135E7
1784    20030827	2.00093367E7
1784    20040808	2.0010689666666668E7
1784    20041010	2.0012046066666666E7
1784    20041013	2.0013399E7
1784    20041116	2.0014752733333334E7
1784    20050110	2.0016403E7
1784    20050305	2.0018059766666666E7
1784    20050322	6.006409153333333E7
1784    20050325	2.00246478E7
1784    20050403	2.0026290566666666E7
1784    20050423	2.0027933833333332E7
1784    20050501	2.00295769E7
1784    20050505	2.00309237E7
1784    20050603	2.0032273566666666E7
1784    20050608	2.00336235E7
1784    20060310	2.00352871E7
1784    20060330	2.00369512E7
1784    20060418	2.00386116E7
1784    20060814	2.0040284733333334E7
1784    20061112	2.0041967766666666E7
1784    20061207	2.00436407E7
1784    20061229	2.00453078E7
1784    20070228	2.0046975366666667E7
1784    20070707	2.0048651666666668E7
1784    20080711	2.00506444E7
1784    20080810	2.0052638E7
1784    20081128	2.0054634666666668E7
1784    20090414	2.0056631366666667E7
1784    20100327	2.0058948033333335E7
1784    20101207	2.0060961333333332E7
1784    20110127	2.0063265233333334E7
1784    20110205	2.0065571633333333E7
1784    20110222	2.0067875166666668E7
1784    20110509	2.0069888466666665E7
1784    20110516	2.00718955E7
1784    20110901	2.00739148E7
1784    20120609	2.00762577E7
1784    20120622	2.0078601033333335E7
1784    20130127	2.00812611E7
1784    20130621	2.0083935033333335E7
1784    20141116	2.0086958133333333E7
1784    20141206	2.0089981633333333E7
1784    20150224	2.00933056E7
1784    20150715	2.0096642666666668E7
1784    20151119	2.0099993033333335E7
1784    20160507	2.0103332933333334E7
1784    20160524	2.0106672733333334E7
1784    20160804	2.0110018933333334E7
