180    20061029	2.0008298333333332E7
180    20061219	2.00116585E7
180    20061229	2.00150155E7
180    20070228	2.0018672333333332E7
180    20070703	2.0022344766666666E7
180    20080628	2.0026335366666667E7
180    20081208	2.0030338433333334E7
180    20090131	2.0034338666666668E7
180    20091015	2.0038365666666668E7
180    20110630	2.0042362466666665E7
180    20120609	2.0046675966666665E7
180    20120805	2.0050995166666668E7
180    20121123	2.0055028233333334E7
180    20140303	2.0059684633333333E7
180    20160816	2.00650208E7
