185    19960909	1.9960668266666666E7
185    19960921	3.9921387233333334E7
185    19960924	1.9960715833333332E7
185    19961003	1.99607322E7
185    19961007	1.9960748466666665E7
185    19961015	1.99607649E7
185    19961017	1.9960781366666667E7
185    19961019	1.9960797733333334E7
185    19961020	1.9960811566666666E7
185    19961027	1.99608256E7
185    19961106	3.992170043333333E7
185    19961107	1.9960874566666666E7
185    19961108	1.9960890766666666E7
185    19961110	1.9960904233333334E7
185    19961120	1.9960917933333334E7
185    19961122	1.99609315E7
185    19961125	1.9960945133333333E7
185    19961216	1.9960961766666666E7
185    19970623	1.9961291733333334E7
185    19971120	1.99616382E7
185    19981002	1.9962313966666665E7
185    19991014	1.9963321066666666E7
185    19991023	1.9964328433333334E7
185    20000207	1.9965641566666666E7
185    20000317	1.99669583E7
185    20000425	1.99682786E7
185    20000731	1.99696089E7
185    20000802	1.99709389E7
185    20001105	1.9972278766666666E7
185    20001121	1.9973618766666666E7
185    20010620	1.99752754E7
185    20010708	1.9976934866666667E7
185    20020201	1.9978908133333333E7
185    20020624	1.9980895366666667E7
185    20021228	1.9982902466666665E7
185    20030207	1.99852088E7
185    20030514	1.99875253E7
185    20030516	1.9989841833333332E7
185    20030730	1.9992165266666666E7
185    20030827	1.99944893E7
185    20040423	1.99971332E7
185    20040726	1.9999787166666668E7
185    20041010	2.0002450566666666E7
185    20041110	2.0005117233333334E7
185    20050322	2.0008090633333333E7
185    20050412	2.0011066966666665E7
185    20050423	2.0014043566666666E7
185    20050923	2.00170338E7
185    20051023	2.00197138E7
185    20060215	2.0022683633333333E7
185    20060527	2.0025334466666665E7
185    20061111	2.0027671033333335E7
185    20061229	4.006205653333333E7
185    20070303	2.0034378166666668E7
185    20080126	2.0037034866666667E7
185    20080322	2.00396879E7
185    20080810	2.0042354833333332E7
185    20090414	2.00453318E7
185    20091020	2.0048328433333334E7
185    20100430	2.00513221E7
185    20100516	2.00543157E7
185    20110127	2.0057313233333334E7
185    20110222	2.0060299833333332E7
185    20120502	2.0063608966666665E7
185    20121111	2.00666391E7
185    20150727	2.00706462E7
185    20150814	2.0074656133333333E7
185    20151230	2.00786728E7
185    20160507	2.0082995466666665E7
185    20160816	2.0087008566666666E7
