186    20010617	1.9969444766666666E7
186    20020412	1.99714447E7
186    20040207	1.9974100966666665E7
186    20040903	1.99767803E7
186    20041012	1.99794632E7
186    20041110	1.9982149266666666E7
186    20041121	1.9984832966666665E7
186    20050228	1.9987820166666668E7
186    20050309	1.9990810033333335E7
186    20050505	1.9993806233333334E7
186    20060220	1.99971262E7
186    20060418	2.00004496E7
186    20060616	2.0003776733333334E7
186    20061226	2.0007123766666666E7
186    20061229	2.00104704E7
186    20080810	2.0014466533333335E7
186    20090413	2.0018780066666666E7
186    20110127	2.0023750333333332E7
186    20111120	2.0028753666666668E7
