1876    20050322	4.001184853333333E7
1876    20050627	2.0009411433333334E7
1876    20051110	2.0011748366666667E7
1876    20051213	2.00140819E7
1876    20060216	2.00164124E7
1876    20060220	2.0018728866666667E7
1876    20060526	2.0021046E7
1876    20060731	2.0023366533333335E7
1876    20061226	2.0025703566666666E7
1876    20080126	2.0028667366666667E7
1876    20080205	2.0031633666666668E7
1876    20110127	2.0035596933333334E7
1876    20110711	2.00392834E7
1876    20120122	2.00432831E7
1876    20130601	2.0047626E7
1876    20150723	2.00526395E7
1876    20160507	2.00579762E7
1876    20160510	2.0063306466666665E7
