1884    20121111	2.0065996166666668E7
1884    20121127	2.0070660166666668E7
1884    20141012	2.0075660333333332E7
1884    20141116	2.00803603E7
1884    20150224	2.0085350666666668E7
1884    20150609	2.0090333633333333E7
1884    20150701	2.0095316733333334E7
1884    20150716	2.009967E7
1884    20150926	2.0103690666666668E7
1884    20151005	2.0107370066666666E7
1884    20151103	2.01107094E7
1884    20160410	2.0114352733333334E7
1884    20160524	2.0117696766666666E7
1884    20160608	2.0121043566666666E7
1884    20160816	2.01243839E7
