19    19970603	1.9961444766666666E7
19    19991012	1.99624647E7
19    19991216	1.9963491433333334E7
19    20000117	1.9964811366666667E7
19    20000131	1.9966131666666668E7
19    20000317	1.9967458133333333E7
19    20000508	1.99687882E7
19    20000615	1.99701217E7
19    20000731	1.9971458966666665E7
19    20001117	1.9972809033333335E7
19    20001121	1.99741562E7
19    20001209	1.9975505966666665E7
19    20010122	1.99771524E7
19    20010620	1.9978813033333335E7
19    20020316	1.9980796833333332E7
19    20020418	1.99827836E7
19    20020923	1.99847867E7
19    20040216	1.9987432866666667E7
19    20040623	1.999009E7
19    20040820	1.99927532E7
19    20040903	1.99954164E7
19    20041128	1.9998086933333334E7
19    20050110	2.0001056766666666E7
19    20050129	2.0004027066666666E7
19    20050322	4.0016981E7
19    20050422	2.0012954333333332E7
19    20050423	2.0015931233333334E7
19    20051023	2.0018928E7
19    20060130	2.0021922233333334E7
19    20060203	2.00249089E7
19    20060305	2.0027218666666668E7
19    20060418	2.00295254E7
19    20060517	2.0031538733333334E7
19    20060525	2.0033551866666667E7
19    20060526	2.0035558833333332E7
19    20060720	2.00375659E7
19    20061226	2.0039586266666666E7
19    20061229	2.0041602866666667E7
19    20080126	2.00442365E7
19    20080711	2.00468895E7
19    20080810	2.0049542866666667E7
19    20081210	2.0051912466666665E7
19    20090124	2.00545626E7
19    20090313	2.0056895833333332E7
19    20091013	2.0059249E7
19    20100625	2.0061905733333334E7
19    20100807	2.0063925433333334E7
19    20110127	2.0066242233333334E7
19    20110901	2.0068578266666666E7
19    20120628	2.0071235766666666E7
19    20130218	2.0074205433333334E7
19    20130424	2.0076882566666666E7
19    20140126	2.0079882466666665E7
19    20140202	2.0082878466666665E7
19    20141206	2.0085907933333334E7
19    20150611	2.0089247566666666E7
19    20151112	2.0092603866666667E7
19    20151129	2.0095940733333334E7
19    20151230	2.00989774E7
19    20160115	2.01023078E7
19    20160507	2.0105647866666667E7
19    20160816	2.0108994466666665E7
