1909    20050518	2.00136785E7
1909    20051023	2.00160183E7
1909    20051110	2.0018355233333334E7
1909    20060128	2.00209926E7
1909    20060203	2.0023308466666665E7
1909    20060418	2.00256248E7
1909    20061204	2.00279648E7
1909    20061229	2.00303055E7
1909    20080328	2.0033282333333332E7
1909    20090125	2.0036578866666667E7
1909    20090414	2.00395883E7
1909    20101215	2.0042954833333332E7
1909    20110127	2.00466023E7
1909    20111120	2.0050281933333334E7
1909    20120808	2.0054271266666666E7
1909    20130601	2.0058584333333332E7
1909    20140115	2.0062917166666668E7
1909    20150723	2.0067587266666666E7
