1917    20010708	1.9995790433333334E7
1917    20010717	1.99967867E7
1917    20011019	1.99977903E7
1917    20020316	1.9999100766666666E7
1917    20020412	2.0000414266666666E7
1917    20020418	2.00017213E7
1917    20020624	2.0002717866666667E7
1917    20030307	2.0004027333333332E7
1917    20030406	2.0005337166666668E7
1917    20030514	2.0006650466666665E7
1917    20030827	2.00079742E7
1917    20030929	2.0009298133333333E7
1917    20031022	2.0010625033333335E7
1917    20031230	2.0011958833333332E7
1917    20040128	2.0013292066666666E7
1917    20040531	2.0014636266666666E7
1917    20040601	2.0015982333333332E7
1917    20040830	2.00173328E7
1917    20040903	2.0018685633333333E7
1917    20041010	2.0020039033333335E7
1917    20041013	2.0021392E7
1917    20050110	2.0023042266666666E7
1917    20050207	2.0024695333333332E7
1917    20050211	2.00263422E7
1917    20050309	2.0027982366666667E7
1917    20050322	6.009378556666667E7
1917    20050412	2.0034243333333332E7
1917    20050423	2.00355701E7
1917    20050723	2.0036903933333334E7
1917    20051006	2.00382469E7
1917    20051023	2.0039580366666667E7
1917    20051110	2.0040606833333332E7
1917    20060208	2.0041933366666667E7
1917    20060216	2.0043259966666665E7
1917    20060322	2.0044583233333334E7
1917    20060327	2.00455839E7
1917    20060517	2.00465876E7
1917    20060527	2.0047588033333335E7
1917    20060717	2.0048584366666667E7
1917    20060718	2.0049577333333332E7
1917    20060821	2.0050570633333333E7
1917    20060905	2.00515598E7
1917    20061111	2.0052259233333334E7
1917    20061211	2.0052948566666666E7
1917    20061229	2.0053636166666668E7
1917    20070228	2.00546161E7
1917    20070303	2.00555961E7
1917    20070627	2.0056583333333332E7
1917    20080126	2.00578871E7
1917    20080205	2.0058890266666666E7
1917    20080701	2.0059906733333334E7
1917    20080711	2.00609234E7
1917    20080810	2.00619401E7
1917    20081128	2.0062966966666665E7
1917    20090124	2.00642937E7
1917    20090201	2.0065623E7
1917    20090313	2.0066953033333335E7
1917    20090414	2.0068286066666666E7
1917    20091015	2.0069629133333333E7
1917    20100327	2.0071273166666668E7
1917    20100430	2.0072920066666666E7
1917    20100516	2.0074566933333334E7
1917    20110127	2.00762309E7
1917    20110429	2.0077904666666668E7
1917    20110711	2.00795843E7
1917    20110901	2.00812701E7
1917    20111124	2.0082957E7
1917    20120413	2.00849532E7
1917    20120801	2.0086956E7
1917    20130218	2.0089272666666668E7
1917    20130620	2.00915993E7
1917    20140202	2.0094242533333335E7
1917    20150306	2.00972157E7
1917    20150727	2.0100199566666666E7
1917    20151108	2.0103195533333335E7
1917    20151230	2.01058956E7
1917    20160115	2.0108889333333332E7
1917    20160507	2.0111885333333332E7
1917    20160524	2.0114565266666666E7
1917    20160721	2.0117249133333333E7
1917    20160728	2.01199167E7
1917    20161006	2.01225932E7
