1923    20001108	1.99932262E7
1923    20001114	1.9993902366666667E7
1923    20001117	1.9994572866666667E7
1923    20001118	1.9995243233333334E7
1923    20001119	1.9995593766666666E7
1923    20001121	1.9995940266666666E7
1923    20001129	1.9996277866666667E7
1923    20001208	1.9996618033333335E7
1923    20001209	1.99969582E7
1923    20010101	1.9997594666666668E7
1923    20010606	1.9998247933333334E7
1923    20010623	1.9998901733333334E7
1923    20010917	1.9999565266666666E7
1923    20020201	2.0000538233333334E7
1923    20020418	2.0001514966666665E7
1923    20021228	2.0002518466666665E7
1923    20030307	2.00038219E7
1923    20030531	2.00051326E7
1923    20030706	2.0006449066666666E7
1923    20030717	2.0007765866666667E7
1923    20030729	2.0009082533333335E7
1923    20030913	2.00101086E7
1923    20030926	2.00111289E7
1923    20040728	2.0012472966666665E7
1923    20040903	2.0013822266666666E7
1923    20041010	2.00151692E7
1923    20041115	2.0016516266666666E7
1923    20041119	2.0017862533333335E7
1923    20041121	2.0019208866666667E7
1923    20050129	2.0020843033333335E7
1923    20050207	2.0022479666666668E7
1923    20050211	2.0024116233333334E7
1923    20050317	2.0025756233333334E7
1923    20050322	4.0056432833333336E7
1923    20050323	2.0030676533333335E7
1923    20050402	2.0032318966666665E7
1923    20050403	2.00339588E7
1923    20050413	2.0035598933333334E7
1923    20050419	2.0036942866666667E7
1923    20050505	2.0038272833333332E7
1923    20050603	2.00396055E7
1923    20050727	2.00409325E7
1923    20050829	2.0041953433333334E7
1923    20050923	2.0042970266666666E7
1923    20051110	2.0043966333333332E7
1923    20051116	2.0044659966666665E7
1923    20060130	2.00456466E7
1923    20060215	2.0046630233333334E7
1923    20060217	2.0047613566666666E7
1923    20060305	2.0048599433333334E7
1923    20060411	2.00495827E7
1923    20060418	2.0050565766666666E7
1923    20060717	2.0051232066666666E7
1923    20060814	2.0051895766666666E7
1923    20060821	2.0052556133333333E7
1923    20061111	2.0053222666666668E7
1923    20061112	2.00538891E7
1923    20061229	2.0054559366666667E7
1923    20070518	2.0055239E7
1923    20071110	2.0055935766666666E7
1923    20080126	2.0056932933333334E7
1923    20080205	2.00579292E7
1923    20080711	2.0058942166666668E7
1923    20080810	2.0059958433333334E7
1923    20081028	2.0060981933333334E7
1923    20081030	2.0062002866666667E7
1923    20081128	2.0063027033333335E7
1923    20081210	2.00640536E7
1923    20081227	2.0065080533333335E7
1923    20090125	2.00664012E7
1923    20090414	2.0067728233333334E7
1923    20091015	2.0069071166666668E7
1923    20100430	2.0070724533333335E7
1923    20100516	2.0072377633333333E7
1923    20100807	2.00740342E7
1923    20110108	2.00760006E7
1923    20110127	2.0077667166666668E7
1923    20110509	2.0079343633333333E7
1923    20110901	2.00810331E7
1923    20111015	2.0082723433333334E7
1923    20111027	2.0084410633333333E7
1923    20120502	2.0086413433333334E7
1923    20120629	2.00884105E7
1923    20130218	2.0090723966666665E7
1923    20130404	2.00930434E7
1923    20140202	2.0095679766666666E7
1923    20140303	2.0098319466666665E7
1923    20141206	2.0100985366666667E7
1923    20150614	2.0103655233333334E7
1923    20160507	2.0106635133333333E7
1923    20160626	2.0109318466666665E7
1923    20160801	2.0112005E7
1923    20160816	2.0114675166666668E7
