1947    20040820	2.0003786266666666E7
1947    20050723	2.0006110133333333E7
1947    20060216	2.00084197E7
1947    20060527	2.00107369E7
1947    20080711	2.0013726766666666E7
1947    20080810	2.0016717066666666E7
1947    20081210	2.0019720366666667E7
1947    20090107	2.0023016833333332E7
1947    20090418	2.0026323666666668E7
1947    20100822	2.0029977266666666E7
1947    20110127	2.0033940966666665E7
1947    20120622	2.0037948333333332E7
1947    20120630	2.00419552E7
1947    20120719	2.0045965E7
1947    20130127	2.0050285766666666E7
1947    20160626	2.00556199E7
