1953    20020310	1.9999089366666667E7
1953    20020418	2.0000403066666666E7
1953    20030224	2.0002036966666665E7
1953    20040217	2.0003677433333334E7
1953    20040601	2.00053307E7
1953    20041014	2.00069976E7
1953    20050325	2.00089746E7
1953    20060310	2.0011281566666666E7
1953    20060526	2.0013592E7
1953    20061207	2.00156254E7
1953    20090621	2.0018639133333333E7
1953    20091213	2.0021672266666666E7
1953    20100427	2.0025009666666668E7
1953    20110127	2.0028670166666668E7
1953    20121123	2.0032694033333335E7
1953    20160626	2.00380341E7
1953    20160816	2.0043380466666665E7
