1954    20020418	1.9999192133333333E7
1954    20020624	2.00005127E7
1954    20021218	2.00018464E7
1954    20030517	2.0003172733333334E7
1954    20040216	2.0004813166666668E7
1954    20040306	2.00064565E7
1954    20040726	2.0008113566666666E7
1954    20050322	4.00221545E7
1954    20050403	2.0014037066666666E7
1954    20050413	2.00160104E7
1954    20050423	2.0017984066666666E7
1954    20060203	2.0020283633333333E7
1954    20060220	2.0022284133333333E7
1954    20060527	2.00242849E7
1954    20060813	2.0026295033333335E7
1954    20061229	2.0028315933333334E7
1954    20070217	2.00306364E7
1954    20080714	2.00333001E7
1954    20081030	2.0035974266666666E7
1954    20081128	2.00386416E7
1954    20081227	2.00413119E7
1954    20090413	2.00442883E7
1954    20091014	2.00472845E7
1954    20110307	2.0050920433333334E7
1954    20110901	2.0054263233333334E7
1954    20120609	2.00579263E7
1954    20120622	2.0061579966666665E7
1954    20121014	2.0064943233333334E7
1954    20121203	2.0068309966666665E7
1954    20130424	2.0071976833333332E7
1954    20140202	2.0075962766666666E7
1954    20140910	2.00799525E7
1954    20150306	2.0083945466666665E7
1954    20150720	2.0087628933333334E7
1954    20150726	2.00913096E7
1954    20150902	2.0094982133333333E7
1954    20160519	2.0098655366666667E7
1954    20160625	2.0102332133333333E7
1954    20160626	2.0106006233333334E7
