196    19991023	1.9964777866666667E7
196    19991216	1.99658046E7
196    20000208	1.99671309E7
196    20000317	1.9968457733333334E7
196    20000803	1.99698007E7
196    20001120	1.99711512E7
196    20010105	1.9972801033333335E7
196    20010904	1.9974477433333334E7
196    20020316	1.99764675E7
196    20021228	1.9978487866666667E7
196    20030207	1.9980807366666667E7
196    20040808	1.9983477433333334E7
196    20040820	1.9986147566666666E7
196    20041115	1.9988827266666666E7
196    20050129	1.9991804866666667E7
196    20050130	1.9994781666666668E7
196    20050327	1.99977619E7
196    20050419	2.0000745166666668E7
196    20050530	2.0003729266666666E7
196    20060820	2.00070562E7
196    20090124	2.00113568E7
196    20100209	2.0015993266666666E7
196    20101215	2.00206631E7
196    20111208	2.0025665966666665E7
196    20130218	2.0031302433333334E7
196    20160507	2.0037648633333333E7
