1961    20010204	1.99951821E7
1961    20010225	1.9996165666666668E7
1961    20010314	1.9997149E7
1961    20010617	1.9998136E7
1961    20011012	1.99988122E7
1961    20011202	1.9999488E7
1961    20020201	2.0000461233333334E7
1961    20020412	2.0001441366666667E7
1961    20020418	2.00024217E7
1961    20020419	2.0003402033333335E7
1961    20021203	2.0004408366666667E7
1961    20030430	2.0005722066666666E7
1961    20030513	2.0007035333333332E7
1961    20031022	2.00083626E7
1961    20031230	2.00096965E7
1961    20040217	2.00113299E7
1961    20040303	2.00129661E7
1961    20040306	2.0014302733333334E7
1961    20040526	2.0015643333333332E7
1961    20040726	2.00169873E7
1961    20040820	2.00183338E7
1961    20040903	2.0019680266666666E7
1961    20040921	2.00210176E7
1961    20041013	2.0022357933333334E7
1961    20041021	2.00236919E7
1961    20050110	2.00253251E7
1961    20050320	2.0026965233333334E7
1961    20050322	4.00588504E7
1961    20050402	2.0031588466666665E7
1961    20050403	2.0032928433333334E7
1961    20050423	2.0034268366666667E7
1961    20050501	2.0035607933333334E7
1961    20050603	2.00369408E7
1961    20051023	2.00382745E7
1961    20051116	2.0039604966666665E7
1961    20060130	2.0040935933333334E7
1961    20060203	2.00422623E7
1961    20060215	2.0043588866666667E7
1961    20060310	2.0044918566666666E7
1961    20060411	2.00462255E7
1961    20060517	2.00472284E7
1961    20060525	2.00482288E7
1961    20060527	2.00492123E7
1961    20060801	2.0050198E7
1961    20060812	2.00508845E7
1961    20060813	2.0051568166666668E7
1961    20060821	2.0052252E7
1961    20061111	2.0052938166666668E7
1961    20061112	2.00536177E7
1961    20061207	2.0054297266666666E7
1961    20061229	2.00549748E7
1961    20070505	2.0055960933333334E7
1961    20080412	2.0057274233333334E7
1961    20080618	2.0058594133333333E7
1961    20080711	2.0059614166666668E7
1961    20080810	2.00606305E7
1961    20080910	2.00616501E7
1961    20081129	2.0062677E7
1961    20090414	2.0064010733333334E7
1961    20091014	2.0065364433333334E7
1961    20100327	2.00670279E7
1961    20101207	2.00687181E7
1961    20101220	2.0070405333333332E7
1961    20110127	2.0072375466666665E7
1961    20110306	2.0074348466666665E7
1961    20110319	2.0076021433333334E7
1961    20110509	2.00776983E7
1961    20110711	2.00793815E7
1961    20110901	2.0081067866666667E7
1961    20111106	2.00827577E7
1961    20120310	2.00847508E7
1961    20120502	2.0086750033333335E7
1961    20120622	2.00887532E7
1961    20130127	2.0091064066666666E7
1961    20130218	2.00933776E7
1961    20130404	2.00956973E7
1961    20130902	2.0098033333333332E7
1961    20140202	2.01006697E7
1961    20140826	2.0103326833333332E7
1961    20141206	2.0105993466666665E7
1961    20150224	2.0108959966666665E7
1961    20150609	2.01116301E7
1961    20150715	2.0113973533333335E7
1961    20150813	2.0116313366666667E7
1961    20151230	2.0118664E7
1961    20160427	2.01213179E7
1961    20160507	2.0123971133333333E7
1961    20160804	2.0126626966666665E7
1961    20161015	2.0128980333333332E7
