1968    20001130	1.9994255933333334E7
1968    20001209	1.9994938966666665E7
1968    20010122	1.9995909566666666E7
1968    20010606	1.99968962E7
1968    20010701	1.9997879333333332E7
1968    20011016	1.9998555633333333E7
1968    20011116	1.9999228566666666E7
1968    20020201	2.00002018E7
1968    20020203	2.00011751E7
1968    20020418	2.00021553E7
1968    20021228	2.00031624E7
1968    20030224	2.0004469233333334E7
1968    20030319	2.0005772766666666E7
1968    20030409	2.0007079233333334E7
1968    20030513	2.0008389133333333E7
1968    20030514	2.00096989E7
1968    20030706	2.00110148E7
1968    20030717	2.0012031866666667E7
1968    20030902	2.00130514E7
1968    20030919	2.00140685E7
1968    20030929	2.00150853E7
1968    20031022	2.0016102566666666E7
1968    20031204	2.0017125733333334E7
1968    20031230	2.0018142366666667E7
1968    20040726	2.0019462766666666E7
1968    20040921	2.00207895E7
1968    20041010	2.0022119166666668E7
1968    20041115	2.0023452333333332E7
1968    20050127	2.00250859E7
1968    20050225	2.0026722733333334E7
1968    20050323	4.005836213333333E7
1968    20050413	2.0031342666666668E7
1968    20050518	2.0032673066666666E7
1968    20051006	2.0034016566666666E7
1968    20060203	2.0035656133333333E7
1968    20060215	2.0037292766666666E7
1968    20060320	2.0038630066666666E7
1968    20060411	2.0039970333333332E7
1968    20060418	2.0041303666666668E7
1968    20060811	2.00426231E7
1968    20061112	2.00436527E7
1968    20061207	2.00446823E7
1968    20061211	2.0045709033333335E7
1968    20070228	2.0047032866666667E7
1968    20070512	2.0048366133333333E7
1968    20070708	2.0049699533333335E7
1968    20080711	2.0051366E7
1968    20080714	2.00530264E7
1968    20080810	2.0054689433333334E7
1968    20081129	2.0056362766666666E7
1968    20081210	2.00580357E7
1968    20081226	2.00597031E7
1968    20090124	2.0061666233333334E7
1968    20090414	2.00633225E7
1968    20100430	2.0065306133333333E7
1968    20100516	2.0067289666666668E7
1968    20100807	2.00692794E7
1968    20110127	2.00712794E7
1968    20110222	2.00732793E7
1968    20110307	2.0075278766666666E7
1968    20110429	2.00772823E7
1968    20110509	2.00792855E7
1968    20110901	2.0081298266666666E7
1968    20111015	2.0083298566666666E7
1968    20120221	2.0085299166666668E7
1968    20120305	2.0087302166666668E7
1968    20120622	2.0089312233333334E7
1968    20121111	2.0091335566666666E7
1968    20130218	2.0093662233333334E7
1968    20130424	2.0095982666666668E7
1968    20130928	2.0098309866666667E7
1968    20131212	2.0100643366666667E7
1968    20140721	2.01032937E7
1968    20140826	2.0105646966666665E7
1968    20141116	2.0108000433333334E7
1968    20141206	2.0110350366666667E7
1968    20150609	2.01126803E7
1968    20150701	2.01150132E7
1968    20150714	2.0117343333333332E7
1968    20150720	2.0119663033333335E7
1968    20150926	2.01219869E7
1968    20151212	2.0124319766666666E7
1968    20160510	2.0126665966666665E7
1968    20160524	2.0129002966666665E7
1968    20160608	2.01310089E7
1968    20160626	2.0133012566666666E7
1968    20160816	2.0135012866666667E7
