1997    20040823	2.0003185066666666E7
1997    20040830	2.00051856E7
1997    20040903	2.0007182133333333E7
1997    20041214	2.0009182366666667E7
1997    20050322	2.0011159533333335E7
1997    20050923	2.0013156333333332E7
1997    20051023	2.00151501E7
1997    20051110	2.0017146733333334E7
1997    20060127	2.0019443866666667E7
1997    20060130	2.00217411E7
1997    20060203	2.0024040766666666E7
1997    20060527	2.0026351133333333E7
1997    20060813	2.0028374666666668E7
1997    20060827	2.00303979E7
1997    20061112	2.0032417966666665E7
1997    20061229	2.0034438866666667E7
1997    20080126	2.0037089633333333E7
1997    20081128	2.0039769533333335E7
1997    20090131	2.0042736966666665E7
1997    20090527	2.00457172E7
1997    20091013	2.0048713633333333E7
1997    20110127	2.0052343566666666E7
1997    20110307	2.0055979466666665E7
1997    20110810	2.0059335733333334E7
1997    20111124	2.0062679366666667E7
1997    20120808	2.0066339233333334E7
1997    20130218	2.0069672366666667E7
1997    20140202	2.0073332133333333E7
1997    20140303	2.0076655533333335E7
1997    20150609	2.00803183E7
1997    20150715	2.0083981366666667E7
1997    20160410	2.0087967366666667E7
1997    20160608	2.0091957533333335E7
1997    20160816	2.0095944266666666E7
1997    20161006	2.0099633733333334E7
