2    19961120	1.99607765E7
2    19961122	1.99608029E7
2    19970205	1.9961129266666666E7
2    19970303	1.9961455533333335E7
2    19970603	1.9961791666666668E7
2    19970708	1.9962131166666668E7
2    19971114	1.9962484033333335E7
2    19981002	1.99631639E7
2    19981207	1.99638504E7
2    19991012	1.9964863633333333E7
2    19991211	1.9965883433333334E7
2    19991215	1.9966903266666666E7
2    19991216	1.9967923066666666E7
2    20000219	1.9969239833333332E7
2    20000602	1.9970569333333332E7
2    20000731	1.99719029E7
2    20000802	1.9973238666666668E7
2    20001104	1.9974582066666666E7
2    20001121	1.9975925233333334E7
2    20001228	1.9977269433333334E7
2    20010617	1.9978926333333332E7
2    20011019	1.9980596166666668E7
2    20020201	1.9982569233333334E7
2    20020418	1.9984549533333335E7
2    20020624	1.9986536366666667E7
2    20030207	1.99888426E7
2    20030406	1.9991155233333334E7
2    20040830	1.99938127E7
2    20041121	1.9996479866666667E7
2    20050129	1.9999447233333334E7
2    20050327	2.00024208E7
2    20050422	2.0005397466666665E7
2    20050423	2.00080714E7
2    20050608	2.0010748233333334E7
2    20051023	2.00134289E7
2    20051116	2.0016109166666668E7
2    20051213	2.0018779133333333E7
2    20060215	2.0021419566666666E7
2    20060418	2.0024059933333334E7
2    20060517	2.0026376766666666E7
2    20061109	2.00287067E7
2    20061211	2.00310399E7
2    20070301	2.0033676066666666E7
2    20070627	2.0036023E7
2    20080711	2.00386933E7
2    20080714	2.00413594E7
2    20080810	2.0044026333333332E7
2    20081129	2.0046693833333332E7
2    20081210	2.0049363466666665E7
2    20090315	2.0052333033333335E7
2    20090414	4.011263236666667E7
2    20090528	2.0059983666666668E7
2    20090809	2.0062330033333335E7
2    20091015	2.00646764E7
2    20100430	2.0067017166666668E7
2    20100516	2.0069354166666668E7
2    20101206	2.00713667E7
2    20110127	2.00736669E7
2    20110429	2.00756769E7
2    20110711	2.00776897E7
2    20110901	2.0079705666666668E7
2    20111124	2.0081729033333335E7
2    20120630	2.00840631E7
2    20130218	2.0086702933333334E7
2    20130424	2.0089346533333335E7
2    20130620	2.0091993433333334E7
2    20140202	2.0094659666666668E7
2    20140826	2.0097339933333334E7
2    20150306	2.01003329E7
2    20150614	2.01033164E7
2    20151112	2.01063131E7
2    20151230	2.0109010733333334E7
2    20160311	2.01120002E7
2    20160427	2.01146574E7
2    20160507	2.0117317166666668E7
2    20160721	2.0119980866666667E7
2    20160801	2.01226366E7
