2000    20001209	1.99961906E7
2000    20010101	1.99971605E7
2000    20010110	1.99981306E7
2000    20010122	1.99987704E7
2000    20010606	1.9999423833333332E7
2000    20010621	2.0000077366666667E7
2000    20010709	2.0000733566666666E7
2000    20020418	2.0001710333333332E7
2000    20020624	2.00026937E7
2000    20021228	2.00036945E7
2000    20030207	2.0004994233333334E7
2000    20030409	2.0006300666666668E7
2000    20030514	2.0007610166666668E7
2000    20030706	2.0008630266666666E7
2000    20040330	2.0009967766666666E7
2000    20040726	2.0011315033333335E7
2000    20041014	2.00126717E7
2000    20041115	2.0014028666666668E7
2000    20050211	2.00156882E7
2000    20050304	2.00173482E7
2000    20050322	2.0019008633333333E7
2000    20050331	2.0020669E7
2000    20050412	2.0022325033333335E7
2000    20050419	2.0023978833333332E7
2000    20050615	2.0025635866666667E7
2000    20050831	2.0027292966666665E7
2000    20050921	2.0028953E7
2000    20051006	2.0030615866666667E7
2000    20060103	2.0032581733333334E7
2000    20060215	2.0034548633333333E7
2000    20060223	2.0036515766666666E7
2000    20060418	2.0038193E7
2000    20060517	2.0039873233333334E7
2000    20060721	2.0041559866666667E7
2000    20060821	2.00432337E7
2000    20070703	2.0045236433333334E7
2000    20070708	2.00472364E7
2000    20080810	2.0049249466666665E7
2000    20081129	2.00512663E7
2000    20081227	2.0053266266666666E7
2000    20090124	2.00552635E7
2000    20091015	2.00572837E7
2000    20100327	2.00596108E7
2000    20100430	2.0061934933333334E7
2000    20101215	2.0063964433333334E7
2000    20110222	2.0066280966666665E7
2000    20110307	2.0068590733333334E7
2000    20110901	2.0070916933333334E7
2000    20120731	2.00732676E7
2000    20121123	2.0075628233333334E7
2000    20130218	2.0078291433333334E7
2000    20141115	2.0081317566666666E7
2000    20150720	2.0084661166666668E7
2000    20151112	2.00880176E7
2000    20160410	2.0091677433333334E7
2000    20160507	2.00953333E7
2000    20160508	2.00989862E7
2000    20160524	2.01026368E7
2000    20160720	2.01059907E7
2000    20160816	2.0109344066666666E7
2000    20161006	2.01127035E7
