2001    20050305	2.00163115E7
2001    20050321	2.0018621966666665E7
2001    20050322	4.004315536666667E7
2001    20050331	2.00245333E7
2001    20050419	2.00265063E7
2001    20050426	2.0028183733333334E7
2001    20050505	2.0029856966666665E7
2001    20051006	2.00315467E7
2001    20060203	2.0033539933333334E7
2001    20060224	2.0035533233333334E7
2001    20060418	2.0037530366666667E7
2001    20060726	2.00395376E7
2001    20061127	2.00415508E7
2001    20061229	2.0043561633333333E7
2001    20070708	2.0045881233333334E7
2001    20080810	2.00485373E7
2001    20081030	2.00509016E7
2001    20090124	2.00532253E7
2001    20090619	2.00552316E7
2001    20100209	2.00575446E7
2001    20101215	2.0059577833333332E7
2001    20110306	2.0061903833333332E7
2001    20120611	2.0064563933333334E7
2001    20130218	2.0067543866666667E7
2001    20150813	2.0071209966666665E7
2001    20160508	2.0075186833333332E7
2001    20160816	2.00788764E7
