2003    20050327	2.0007149066666666E7
2003    20050518	2.0009475733333334E7
2003    20050829	2.0011803133333333E7
2003    20060130	2.0014107333333332E7
2003    20060203	2.0016413466666665E7
2003    20060322	2.0018720266666666E7
2003    20060418	2.0021027E7
2003    20060525	2.0023337133333333E7
2003    20060802	2.00256562E7
2003    20060924	2.0027682666666668E7
2003    20061204	2.00297159E7
2003    20081212	2.0032412433333334E7
2003    20091228	2.0035436566666666E7
2003    20101216	2.0038793433333334E7
2003    20121127	2.0042806633333333E7
2003    20141024	2.0047474033333335E7
2003    20160121	2.0052774066666666E7
2003    20160802	2.00580968E7
