2005    20060215	2.0017375566666666E7
2005    20060318	2.00200289E7
2005    20060322	2.0022672733333334E7
2005    20060418	2.0024979666666668E7
2005    20061109	2.0027309433333334E7
2005    20080711	2.0030292166666668E7
2005    20080810	2.0032978966666665E7
2005    20081227	2.0035676266666666E7
2005    20090131	2.0038670133333333E7
2005    20100329	2.0041990066666666E7
2005    20110127	2.0045634233333334E7
2005    20110308	2.0049283733333334E7
2005    20110531	2.0052930733333334E7
2005    20111208	2.0056596966666665E7
2005    20130218	2.0060583633333333E7
2005    20141116	2.0064927E7
2005    20150203	2.00695594E7
2005    20150609	2.0073892233333334E7
2005    20151121	2.0078239566666666E7
2005    20151205	2.00825887E7
2005    20160626	2.00872455E7
2005    20160816	2.0091599133333333E7
