2006    20040531	2.0006406566666666E7
2006    20040623	2.00083997E7
2006    20040903	2.0010399433333334E7
2006    20040921	2.0012396733333334E7
2006    20041121	2.0014400533333335E7
2006    20050401	2.0016707E7
2006    20050413	2.0018696566666666E7
2006    20050603	2.00206831E7
2006    20050723	2.0022666666666668E7
2006    20051110	2.0024662733333334E7
2006    20060203	2.0026961866666667E7
2006    20060418	2.0028972133333333E7
2006    20060616	2.0030982133333333E7
2006    20060720	2.00329926E7
2006    20061226	2.0035019333333332E7
2006    20070228	2.00373461E7
2006    20080711	2.00400121E7
2006    20080810	2.0042668966666665E7
2006    20091020	2.0045346033333335E7
2006    20110127	2.00486466E7
2006    20111124	2.0051670133333333E7
2006    20150716	2.0056006533333335E7
2006    20160427	2.00606567E7
2006    20160507	2.0065306233333334E7
2006    20160627	2.0069653566666666E7
2006    20160801	2.0074000066666666E7
