2011    20020529	1.99985167E7
2011    20020624	1.99998469E7
2011    20020908	2.00011771E7
2011    20021228	2.0002184566666666E7
2011    20030202	2.0003490666666668E7
2011    20030224	2.0004797366666667E7
2011    20030308	2.0006103933333334E7
2011    20030430	2.0007414333333332E7
2011    20030520	2.0008727566666666E7
2011    20030913	2.0010050833333332E7
2011    20031022	2.00113777E7
2011    20040216	2.0013010866666667E7
2011    20040330	2.00146476E7
2011    20040726	2.00162975E7
2011    20040830	2.00176512E7
2011    20040903	2.0019004366666667E7
2011    20040930	2.0020358166666668E7
2011    20041013	2.0021714666666668E7
2011    20041110	2.00230682E7
2011    20041115	2.0024414333333332E7
2011    20050110	2.00260579E7
2011    20050410	2.0027701E7
2011    20050419	2.0029344266666666E7
2011    20050608	2.00309936E7
2011    20050923	2.0032650733333334E7
2011    20051111	2.0034017033333335E7
2011    20060103	2.0035666933333334E7
2011    20060203	2.00373135E7
2011    20060224	2.0038953666666668E7
2011    20060322	2.00402838E7
2011    20060418	2.0041613433333334E7
2011    20060527	2.0042943533333335E7
2011    20060606	2.00442668E7
2011    20060719	2.0045583166666668E7
2011    20060905	2.00466066E7
2011    20061001	2.00476325E7
2011    20061211	2.00486626E7
2011    20061229	2.0049689233333334E7
2011    20070707	2.00510288E7
2011    20080701	2.00526884E7
2011    20080810	2.0054348E7
2011    20090125	2.0056011633333333E7
2011    20090414	2.00576811E7
2011    20091013	2.0059357333333332E7
2011    20100327	2.0061340566666666E7
2011    20110127	2.0063648033333335E7
2011    20110307	2.00659606E7
2011    20110326	2.0068271033333335E7
2011    20110429	2.0070581666666668E7
2011    20110509	2.00728948E7
2011    20110901	2.0074921166666668E7
2011    20120118	2.0077244766666666E7
2011    20120609	2.0079584433333334E7
2011    20120804	2.00819243E7
2011    20120808	2.00842538E7
2011    20130218	2.00868907E7
2011    20130424	2.0089234733333334E7
2011    20141206	2.0091934833333332E7
2011    20150714	2.0094951166666668E7
2011    20150726	2.0097964633333333E7
2011    20150814	2.0100977833333332E7
2011    20150901	2.01039903E7
2011    20150927	2.0107001E7
2011    20151121	2.01100144E7
2011    20151205	2.01130244E7
2011    20160115	2.01163282E7
2011    20160216	2.0119628366666667E7
2011    20160804	2.0122947533333335E7
2011    20160816	2.0125951166666668E7
2011    20161015	2.01286283E7
