2012    20030224	2.00054085E7
2012    20030225	2.0007049266666666E7
2012    20030409	2.0008689333333332E7
2012    20030520	2.0010002966666665E7
2012    20040114	2.0011636E7
2012    20040214	2.00132693E7
2012    20040217	2.0014902666666668E7
2012    20040808	2.00165553E7
2012    20040830	2.0017909E7
2012    20040903	2.0019261866666667E7
2012    20041013	2.0020618366666667E7
2012    20050110	2.0022275166666668E7
2012    20050210	2.00239319E7
2012    20050322	1.0014433833333333E8
2012    20050423	2.00334896E7
2012    20050608	2.0034822433333334E7
2012    20050904	2.00361623E7
2012    20050923	2.0037499533333335E7
2012    20051023	2.0038833E7
2012    20060118	2.0040166466666665E7
2012    20060202	2.0041499766666666E7
2012    20060203	2.0042825933333334E7
2012    20060220	2.00441458E7
2012    20060322	2.00454596E7
2012    20060418	2.0046765933333334E7
2012    20060526	2.0047776566666666E7
2012    20060719	2.0048793066666666E7
2012    20060904	2.00498157E7
2012    20061111	2.00508391E7
2012    20061226	2.0051862633333333E7
2012    20061229	2.0052566466666665E7
2012    20070228	2.0053566933333334E7
2012    20070303	2.00545698E7
2012    20080701	2.0055899566666666E7
2012    20080711	2.0057228933333334E7
2012    20080810	2.0058559166666668E7
2012    20090125	2.0060196233333334E7
2012    20090609	2.00615462E7
2012    20091015	2.0062906366666667E7
2012    20100516	2.00645795E7
2012    20100807	2.0066262333333332E7
2012    20101206	2.0067958466666665E7
2012    20101207	2.0069654633333333E7
2012    20110127	2.0071648133333333E7
2012    20110307	2.0073644266666666E7
2012    20110326	2.0075634866666667E7
2012    20110711	2.0077628433333334E7
2012    20110901	2.00796277E7
2012    20120118	2.0081930866666667E7
2012    20120622	2.0083947666666668E7
2012    20121127	2.00859785E7
2012    20130127	2.00883093E7
2012    20130218	2.0090642566666666E7
2012    20130424	2.00929793E7
2012    20150726	2.0095989566666666E7
2012    20150927	2.0099002933333334E7
2012    20151104	2.0102015766666666E7
2012    20160115	2.01053228E7
2012    20160524	2.0108636566666666E7
2012    20160816	2.0111956233333334E7
2012    20161015	2.0115282433333334E7
