2019    20050304	1.9998976733333334E7
2019    20050320	2.0001650033333335E7
2019    20050416	2.0004323733333334E7
2019    20050426	2.0006983833333332E7
2019    20050603	2.0009323866666667E7
2019    20050608	2.0011656933333334E7
2019    20050615	2.00139902E7
2019    20051213	2.0016336833333332E7
2019    20060220	2.0018970533333335E7
2019    20060526	2.00212972E7
2019    20060813	2.00236242E7
2019    20070703	2.0026280733333334E7
2019    20080701	2.00292674E7
2019    20101215	2.0032637666666668E7
2019    20110127	2.0036295033333335E7
2019    20111015	2.0039981566666666E7
2019    20120525	2.0043984933333334E7
2019    20121111	2.0048001866666667E7
2019    20121123	2.0052012566666666E7
2019    20150609	2.0057006033333335E7
2019    20150701	2.0061992066666666E7
2019    20151020	2.00669887E7
2019    20151205	2.00719913E7
2019    20160410	2.00773007E7
2019    20160625	2.0082614666666668E7
