2028    19991229	1.99897269E7
2028    19991230	1.99900741E7
2028    20000107	1.99907167E7
2028    20000122	1.9991354033333335E7
2028    20000131	1.99919915E7
2028    20000209	1.9992310833333332E7
2028    20000314	1.99926237E7
2028    20000406	1.99929396E7
2028    20000424	1.9993253666666668E7
2028    20000425	1.9993567733333334E7
2028    20000504	1.9993884433333334E7
2028    20000603	1.9994204433333334E7
2028    20000703	1.9994527633333333E7
2028    20000731	5.99855272E7
2028    20000803	1.99958257E7
2028    20001104	1.9996159133333333E7
2028    20001108	1.9996492233333334E7
2028    20001119	1.9996825433333334E7
2028    20001120	3.999464796666667E7
2028    20001128	1.99978201E7
2028    20001209	1.9998153366666667E7
2028    20001229	1.9998487266666666E7
2028    20010122	1.9999117566666666E7
2028    20010130	1.9999748133333333E7
2028    20010204	2.0000381166666668E7
2028    20010610	2.0001027633333333E7
2028    20010620	2.00016742E7
2028    20010708	2.00023235E7
2028    20010715	2.0002973E7
2028    20010717	2.0003326666666668E7
2028    20010813	2.0003683033333335E7
2028    20010815	2.0004039166666668E7
2028    20011019	2.00043995E7
2028    20011216	2.00047629E7
2028    20020117	2.0005419933333334E7
2028    20020316	2.0006083E7
2028    20021203	2.00067756E7
2028    20021208	2.0007465733333334E7
2028    20021228	2.0008153233333334E7
2028    20030302	2.0009139866666667E7
2028    20030319	2.0010126133333333E7
2028    20030404	2.0011115233333334E7
2028    20030406	2.00121044E7
2028    20030409	2.0013091266666666E7
2028    20030513	2.0014071566666666E7
2028    20030929	2.00150656E7
2028    20040216	2.0016368833333332E7
2028    20040603	2.0017684933333334E7
2028    20040726	2.0019005133333333E7
2028    20040903	2.0020330966666665E7
2028    20041110	2.0021661E7
2028    20050110	2.0023290366666667E7
2028    20050127	2.0024623866666667E7
2028    20050207	2.0025959766666666E7
2028    20050211	2.0027293333333332E7
2028    20050304	2.0028616466666665E7
2028    20050321	2.0029939833333332E7
2028    20050322	8.01329592E7
2028    20050323	2.00365346E7
2028    20050401	2.0037847333333332E7
2028    20050403	2.0039153566666666E7
2028    20050416	2.0040163533333335E7
2028    20050419	2.0041166966666665E7
2028    20050426	2.0042141066666666E7
2028    20050514	2.0043117933333334E7
2028    20050923	2.0044107766666666E7
2028    20051006	2.00447979E7
2028    20051023	2.0045488033333335E7
2028    20060127	2.00464788E7
2028    20060128	2.0047469533333335E7
2028    20060130	2.0048460233333334E7
2028    20060203	2.00494499E7
2028    20060215	2.00504261E7
2028    20060219	2.0051092866666667E7
2028    20060327	2.0051750333333332E7
2028    20060411	2.00524065E7
2028    20060418	2.0053057E7
2028    20060517	2.00537039E7
2028    20060526	2.00540511E7
2028    20060724	2.0054404333333332E7
2028    20060801	2.0054757466666665E7
2028    20060814	2.00551109E7
2028    20061207	2.0055474333333332E7
2028    20061229	4.011203943333333E7
2028    20070228	2.0056865033333335E7
2028    20070703	2.00575444E7
2028    20080126	2.0058537866666667E7
2028    20080711	2.00595508E7
2028    20080810	2.0060564433333334E7
2028    20080814	2.0061578133333333E7
2028    20081129	2.00626019E7
2028    20090413	2.0063935033333335E7
2028    20091017	2.0065288066666666E7
2028    20091020	2.0066638266666666E7
2028    20091107	2.0067977733333334E7
2028    20100126	2.0069615066666666E7
2028    20100327	2.0071258533333335E7
2028    20100420	2.0072601633333333E7
2028    20100430	2.0073945033333335E7
2028    20100510	2.0075291033333335E7
2028    20100516	2.00766348E7
2028    20100807	2.0077987866666667E7
2028    20100910	2.0079344233333334E7
2028    20100923	2.0080697433333334E7
2028    20101207	2.00820573E7
2028    20101215	2.00834172E7
2028    20110123	2.0085070733333334E7
2028    20110127	2.00867241E7
2028    20110222	2.0088374033333335E7
2028    20110228	2.00900216E7
2028    20110306	2.0091671333333332E7
2028    20110703	2.00933212E7
2028    20110711	2.00949706E7
2028    20110901	2.0096626333333332E7
2028    20120502	2.0098302133333333E7
2028    20120622	2.00999661E7
2028    20120719	2.01013192E7
2028    20120731	2.01026532E7
2028    20121104	2.0103996333333332E7
2028    20130404	2.0105649333333332E7
2028    20130424	2.01072925E7
2028    20130902	2.0108642133333333E7
2028    20130908	2.0109971833333332E7
2028    20140126	2.01116087E7
2028    20140202	2.01132452E7
2028    20141219	2.0114614966666665E7
2028    20150203	2.01162775E7
2028    20150304	2.01179403E7
2028    20150424	2.0119606766666666E7
2028    20150701	2.01212798E7
2028    20150709	2.01229529E7
2028    20150720	2.0124616666666668E7
2028    20150726	2.01262772E7
2028    20150823	2.0127940533333335E7
2028    20150902	2.0129597033333335E7
2028    20151103	2.0131259966666665E7
2028    20151104	2.0132626E7
2028    20151107	2.0133992E7
2028    20151108	2.0135354866666667E7
2028    20151113	2.01367177E7
2028    20151121	2.01380782E7
2028    20151129	2.0139425733333334E7
2028    20151228	2.01407763E7
2028    20151230	2.01421206E7
2028    20160330	2.01434482E7
2028    20160410	2.0144774466666665E7
2028    20160427	2.0146098066666666E7
2028    20160508	2.0147423966666665E7
2028    20160516	2.01487377E7
2028    20160519	2.0149741533333335E7
2028    20160608	2.0150747666666668E7
2028    20160626	2.0151738466666665E7
2028    20160728	2.0152732466666665E7
2028    20160907	2.0153425166666668E7
2028    20161006	2.0154118633333333E7
