2054    20020301	1.9999104833333332E7
2054    20020418	2.0000428166666668E7
2054    20020908	2.0001758366666667E7
2054    20021228	2.0003099066666666E7
2054    20030207	2.0004405833333332E7
2054    20030307	2.0005712366666667E7
2054    20030415	2.0007022266666666E7
2054    20030520	2.0008332566666666E7
2054    20040114	2.0009962666666668E7
2054    20040907	2.0011619033333335E7
2054    20050305	2.0013588266666666E7
2054    20050321	2.0015258766666666E7
2054    20050322	2.0016928866666667E7
2054    20050402	2.00185984E7
2054    20050419	2.0020268433333334E7
2054    20050608	2.0021941833333332E7
2054    20050723	2.0023618666666668E7
2054    20060127	2.00256061E7
2054    20060131	2.0027590133333333E7
2054    20060203	2.0029572533333335E7
2054    20060518	2.00315564E7
2054    20060606	2.0033539266666666E7
2054    20060616	2.0035522433333334E7
2054    20060717	2.0037508733333334E7
2054    20060905	2.0039497966666665E7
2054    20061118	2.0041197833333332E7
2054    20061226	2.0042884766666666E7
2054    20070228	2.00448652E7
2054    20080704	2.0047188033333335E7
2054    20080714	2.0049207933333334E7
2054    20080810	2.00512249E7
2054    20081210	2.00532513E7
2054    20090414	2.0055568166666668E7
2054    20090603	2.0057880666666668E7
2054    20091015	2.00599076E7
2054    20100430	2.0062245033333335E7
2054    20100610	2.0064584866666667E7
2054    20110127	2.0067238433333334E7
2054    20110307	2.00695782E7
2054    20110429	2.00718956E7
2054    20110901	2.0073915466666665E7
2054    20120630	2.00762591E7
2054    20120809	2.0078608666666668E7
2054    20130218	2.00812692E7
2054    20130424	2.0083936033333335E7
2054    20160507	2.0087599333333332E7
2054    20160816	2.00912691E7
