2078    20060203	2.0011594933333334E7
2078    20080714	2.0014924933333334E7
2078    20080904	2.0017920966666665E7
2078    20081129	2.0020921566666666E7
2078    20081212	2.00239216E7
2078    20090131	2.0027218766666666E7
2078    20090413	2.0030228633333333E7
2078    20091013	2.00332555E7
2078    20091201	2.0036284933333334E7
2078    20100329	2.00396184E7
2078    20110127	2.0043272466666665E7
2078    20120630	2.0047276366666667E7
2078    20121123	2.0051293733333334E7
2078    20150720	2.0056291E7
2078    20160216	2.00615942E7
2078    20160507	2.00669071E7
2078    20160721	2.00722269E7
