208    19960902	1.99606534E7
208    19960906	1.99606698E7
208    19960909	1.9960683133333333E7
208    19960910	1.9960696433333334E7
208    19960921	1.9960710066666666E7
208    19960924	1.99607237E7
208    19960926	1.9960737266666666E7
208    19961012	1.99607536E7
208    19961015	1.996077E7
208    19961017	1.99607863E7
208    19961019	1.99608001E7
208    19961020	1.99608139E7
208    19961026	1.9960827766666666E7
208    19961027	1.99608416E7
208    19961106	1.9960857966666665E7
208    19961107	1.99608743E7
208    19961108	1.9960890533333335E7
208    19961110	1.9960906733333334E7
208    19961115	1.9960922966666665E7
208    19961116	1.9960936633333333E7
208    19961120	1.99609501E7
208    19961122	1.99609633E7
208    19961125	1.99609765E7
208    19961216	1.99609903E7
208    19970121	1.9961300566666666E7
208    19970205	1.9961613566666666E7
208    19970303	1.99619298E7
208    19970623	1.9962256366666667E7
208    19980616	1.99629159E7
208    19981209	1.99635952E7
208    19990928	1.9964596066666666E7
208    19991123	1.99656033E7
208    19991215	1.99666135E7
208    20000316	1.9967927033333335E7
208    20000406	1.99692432E7
208    20000424	1.9970559866666667E7
208    20000425	1.99718765E7
208    20000602	1.9973196166666668E7
208    20001002	1.9974529066666666E7
208    20001104	1.99758653E7
208    20001121	1.9977202033333335E7
208    20001128	1.9978538966666665E7
208    20001209	1.99798784E7
208    20020418	1.99818581E7
208    20040601	1.9984507933333334E7
208    20040808	1.9987164633333333E7
208    20040830	1.9989822033333335E7
208    20040903	1.99924818E7
208    20041110	1.99951483E7
208    20050110	1.9998114766666666E7
208    20050321	2.0001088133333333E7
208    20050331	2.0004061766666666E7
208    20050423	2.0007038366666667E7
208    20051006	2.0010031366666667E7
208    20051023	2.00127281E7
208    20051110	2.0015424933333334E7
208    20060215	2.0018422E7
208    20060418	2.0021415166666668E7
208    20060525	2.00240788E7
208    20061111	2.00267422E7
208    20061211	2.0029084966666665E7
208    20061229	2.0031421833333332E7
208    20070228	2.00340556E7
208    20071026	2.00364126E7
208    20080126	2.0039069933333334E7
208    20080701	2.0041745833333332E7
208    20080810	2.0044425333333332E7
208    20081129	2.0047109566666666E7
208    20090124	2.00500803E7
208    20090503	2.0053060266666666E7
208    20091013	2.0056056666666668E7
208    20100327	2.00593633E7
208    20100807	2.0062683233333334E7
208    20101207	2.00653762E7
208    20110127	2.0067693733333334E7
208    20110222	2.0070007533333335E7
208    20110509	2.0072330166666668E7
208    20120502	2.0074983466666665E7
208    20121221	2.0077653833333332E7
208    20130404	2.00803303E7
208    20130414	2.0083000066666666E7
208    20150523	2.00863398E7
208    20151230	2.0089700033333335E7
208    20160507	2.0093350066666666E7
