2080    20030406	2.0001477033333335E7
2080    20030730	2.00031409E7
2080    20040802	2.0005127333333332E7
2080    20041013	2.0006796833333332E7
2080    20050416	2.00087766E7
2080    20050723	2.0010763666666668E7
2080    20050815	2.00127508E7
2080    20051116	2.0014747633333333E7
2080    20060518	2.00170577E7
2080    20060813	2.00193772E7
2080    20080105	2.00223397E7
2080    20080714	2.0025023266666666E7
2080    20080816	2.0027706533333335E7
2080    20090131	2.00306941E7
2080    20101006	2.0034043866666667E7
2080    20110127	2.0037694633333333E7
2080    20110901	2.00413709E7
2080    20120630	2.0045365166666668E7
2080    20130620	2.0049692333333332E7
2080    20130902	2.0054018433333334E7
2080    20160721	2.0059338466666665E7
2080    20160816	2.00646587E7
