2081    20021228	2.00018002E7
2081    20030307	2.0003449966666665E7
2081    20030406	2.00047726E7
2081    20030409	2.0006086133333333E7
2081    20040726	2.0007743533333335E7
2081    20041010	2.00094104E7
2081    20050310	2.00113871E7
2081    20050321	2.0013360766666666E7
2081    20050322	2.0015331133333333E7
2081    20050402	2.0017304E7
2081    20050403	2.0019276433333334E7
2081    20050414	2.002095E7
2081    20050723	2.0022630166666668E7
2081    20050815	2.0024313133333333E7
2081    20051110	2.0026E7
2081    20060130	2.00279776E7
2081    20060203	2.0029947133333333E7
2081    20060215	2.0031916966666665E7
2081    20060418	2.0033893566666666E7
2081    20060518	2.00358735E7
2081    20060616	2.0037556633333333E7
2081    20060813	2.00392436E7
2081    20061112	2.0040933733333334E7
2081    20070228	2.0042921133333333E7
2081    20070708	2.0044924133333333E7
2081    20080205	2.00472403E7
2081    20080711	2.0049563366666667E7
2081    20080714	2.0051879966666665E7
2081    20080810	2.0053900266666666E7
2081    20081129	2.0055914533333335E7
2081    20081210	2.0057913933333334E7
2081    20090131	2.0059908066666666E7
2081    20090413	2.00619083E7
2081    20090603	2.0063914766666666E7
2081    20110127	2.0066228133333333E7
2081    20110307	2.0068538033333335E7
2081    20110422	2.0070541766666666E7
2081    20110509	2.0072548033333335E7
2081    20110901	2.0074567333333332E7
2081    20120611	2.0076907633333333E7
2081    20120622	2.0079248266666666E7
2081    20120630	2.00815888E7
2081    20130127	2.00842356E7
2081    20130620	2.0086895766666666E7
2081    20141116	2.0089895966666665E7
2081    20150518	2.00929089E7
2081    20150814	2.0095929266666666E7
2081    20160507	2.0099272333333332E7
2081    20160816	2.0102618933333334E7
