21    19961116	1.99604542E7
21    19961120	3.99216688E7
21    19961124	1.9960874033333335E7
21    19961229	1.9960901266666666E7
21    19970121	3.99227632E7
21    19970205	1.99618641E7
21    19970303	1.99621872E7
21    19970623	1.9962520366666667E7
21    19971114	1.99628673E7
21    19980616	1.9963530666666668E7
21    19981007	1.9964207033333335E7
21    19981207	1.9964890033333335E7
21    19990727	1.9965890133333333E7
21    19991003	3.9934804766666666E7
21    19991004	1.9968908666666668E7
21    19991007	1.99699119E7
21    19991008	1.9970912066666666E7
21    19991012	1.9971912233333334E7
21    19991024	1.9972912733333334E7
21    19991215	1.99739196E7
21    19991216	1.9974926466666665E7
21    20000131	1.99762302E7
21    20000311	1.9977537133333333E7
21    20000425	1.9978847766666666E7
21    20000504	1.9980161033333335E7
21    20000602	1.9981477533333335E7
21    20000603	1.9982794033333335E7
21    20001104	1.9984126966666665E7
21    20001108	1.99854599E7
21    20001118	3.997491946666667E7
21    20001119	1.9989455966666665E7
21    20001121	3.998201193333333E7
21    20010122	1.99928532E7
21    20020418	1.99945237E7
21    20020624	1.99961904E7
21    20021208	1.99978602E7
21    20030714	1.9999530133333333E7
21    20040601	2.00015166E7
21    20040808	2.00035033E7
21    20041031	2.00051801E7
21    20050305	2.0007156833333332E7
21    20050322	2.0009134133333333E7
21    20050422	2.0011114733333334E7
21    20050505	2.0013098E7
21    20050603	2.00150845E7
21    20050608	2.0017071033333335E7
21    20050904	2.0019067033333335E7
21    20051006	2.0021060066666666E7
21    20060203	2.0023359633333333E7
21    20060821	2.0025382633333333E7
21    20061226	2.0027413133333333E7
21    20061229	2.0029439933333334E7
21    20070303	2.0031766566666666E7
21    20090414	2.00347603E7
21    20091015	2.0037774033333335E7
21    20110127	2.0041408133333333E7
21    20110509	2.0045054833333332E7
21    20110901	2.0048714266666666E7
21    20120502	2.0052693733333334E7
21    20120603	2.0056676533333335E7
21    20160804	2.00619993E7
