2100    20040921	2.0007108733333334E7
2100    20041021	2.00091092E7
2100    20041027	2.0010776633333333E7
2100    20050401	2.0012756266666666E7
2100    20050426	2.00147365E7
2100    20050505	2.0016716066666666E7
2100    20050608	2.00186959E7
2100    20060203	2.0020995466666665E7
2100    20060216	2.00232953E7
2100    20060418	2.0025302366666667E7
2100    20060731	2.0027316466666665E7
2100    20061211	2.00293463E7
2100    20080816	2.0032026633333333E7
2100    20090414	2.0035026266666666E7
2100    20110127	2.0038680366666667E7
2100    20110306	2.0042337166666668E7
2100    20110506	2.0045983366666667E7
2100    20120622	2.00499665E7
2100    20130109	2.0054265866666667E7
2100    20130218	2.0058566166666668E7
2100    20130601	2.0062566E7
2100    20150814	2.0067232633333333E7
2100    20160507	2.00719095E7
