2105    20040808	2.00077398E7
2105    20040830	2.0009727166666668E7
2105    20050321	2.0011704033333335E7
2105    20060203	2.0014010166666668E7
2105    20060411	2.0016320166666668E7
2105    20060418	2.00186269E7
2105    20060518	2.0020640733333334E7
2105    20061111	2.00226709E7
2105    20061226	2.0024704833333332E7
2105    20070228	2.0027032233333334E7
2105    20070320	2.0029356166666668E7
2105    20090126	2.00323403E7
2105    20091013	2.00353497E7
2105    20091213	4.0079730233333334E7
2105    20110127	2.0045000433333334E7
2105    20120525	2.0048980333333332E7
2105    20160802	2.00543028E7
