2109    20030302	1.99997575E7
2109    20030706	2.0001414233333334E7
2109    20030902	2.00030774E7
2109    20031230	2.0004744833333332E7
2109    20050403	2.0006734066666666E7
2109    20050608	2.00087209E7
2109    20050829	2.0010715E7
2109    20050926	2.0012712166666668E7
2109    20051006	2.0014711633333333E7
2109    20060418	2.00170184E7
2109    20060821	2.0019338566666666E7
2109    20061226	2.00216718E7
2109    20070511	2.00240178E7
2109    20080410	2.0026691233333334E7
2109    20080623	2.0029371766666666E7
2109    20110219	2.0033032166666668E7
2109    20120118	2.0037022166666668E7
2109    20120522	2.0041022766666666E7
2109    20120622	2.00450264E7
2109    20121111	2.0049039066666666E7
2109    20121123	2.0053052133333333E7
2109    20130218	2.0057359066666666E7
