2115    20030610	2.0002115633333333E7
2115    20031204	2.0003788866666667E7
2115    20040216	2.0005755766666666E7
2115    20040808	2.0007425133333333E7
2115    20040903	2.00090881E7
2115    20041014	2.0010754733333334E7
2115    20041017	2.0012421333333332E7
2115    20041110	2.0014087566666666E7
2115    20041115	2.0015751033333335E7
2115    20050211	2.0017717566666666E7
2115    20050304	2.0019687166666668E7
2115    20050309	2.00216565E7
2115    20050322	2.0023330466666665E7
2115    20050413	2.0025004E7
2115    20050423	2.00266743E7
2115    20050608	2.00283477E7
2115    20050904	2.0030030333333332E7
2115    20051023	2.0031704266666666E7
2115    20051110	2.0033370566666666E7
2115    20060203	2.0035339733333334E7
2115    20060224	2.00373069E7
2115    20060305	2.0039276133333333E7
2115    20060322	2.0040950166666668E7
2115    20060327	2.0042623666666668E7
2115    20060418	2.0044280366666667E7
2115    20060526	2.00459239E7
2115    20060721	2.0047274566666666E7
2115    20060924	2.00486179E7
2115    20061118	2.0049640833333332E7
2115    20061127	2.00506613E7
2115    20061229	2.0051681933333334E7
2115    20070228	2.0052982733333334E7
2115    20071026	2.0054009733333334E7
2115    20080205	2.0055322966666665E7
2115    20080711	2.00566499E7
2115    20080810	2.0057976433333334E7
2115    20080812	2.0059302933333334E7
2115    20081129	2.00606369E7
2115    20090124	2.0062270533333335E7
2115    20090413	2.00636106E7
2115    20090414	2.00649476E7
2115    20090612	2.0066291033333335E7
2115    20100807	2.0067973866666667E7
2115    20101207	2.0069667E7
2115    20101220	2.0071360233333334E7
2115    20110127	2.00733442E7
2115    20110222	2.0075321466666665E7
2115    20110307	2.00772976E7
2115    20110429	2.00792749E7
2115    20110509	2.0080951766666666E7
2115    20110531	2.0082628666666668E7
2115    20110901	2.00843152E7
2115    20120221	2.0086311833333332E7
2115    20120622	2.0088321666666668E7
2115    20120626	2.00903286E7
2115    20120731	2.0092335433333334E7
2115    20130218	2.0094652E7
2115    20150105	2.00976247E7
2115    20150203	2.01005942E7
2115    20150609	2.0103576933333334E7
2115    20150612	2.0106556366666667E7
2115    20150716	2.01092393E7
2115    20150919	2.01119024E7
2115    20151205	2.0114269066666666E7
2115    20160123	2.0116916133333333E7
2115    20160507	2.01195727E7
2115    20160626	2.0122233166666668E7
2115    20160816	2.01248894E7
2115    20161006	2.0127252133333333E7
