2144    20060418	2.0012450666666668E7
2144    20061226	2.0015124733333334E7
2144    20080719	2.0018448466666665E7
2144    20080810	2.0021451266666666E7
2144    20080904	2.0024447933333334E7
2144    20081128	2.00274518E7
2144    20081212	2.0030458233333334E7
2144    20110901	2.0034451E7
2144    20120221	2.0038751566666666E7
2144    20120622	2.00430652E7
2144    20121123	2.0047395433333334E7
2144    20130218	2.0052028666666668E7
2144    20130323	2.0056365933333334E7
2144    20150609	2.00613727E7
2144    20160330	2.0066700233333334E7
2144    20160713	2.0072040233333334E7
2144    20160816	2.0077363433333334E7
