2167    20051010	2.0020662633333333E7
2167    20051023	2.0023002433333334E7
2167    20051116	2.0025339566666666E7
2167    20060128	2.0027673733333334E7
2167    20060224	2.0029990333333332E7
2167    20060411	2.00323002E7
2167    20060518	2.0034613366666667E7
2167    20060717	2.00366329E7
2167    20060820	2.00386497E7
2167    20060924	2.0040660433333334E7
2167    20061110	2.0042673066666666E7
2167    20061208	2.00446832E7
2167    20080126	2.0047316733333334E7
2167    20080816	2.0049653366666667E7
2167    20090124	2.0052297E7
2167    20090208	2.00546235E7
2167    20091020	2.0056976966666665E7
2167    20100420	2.0059636833333332E7
2167    20111124	2.0061989933333334E7
2167    20120731	2.0064660933333334E7
2167    20121123	2.0067340833333332E7
2167    20130414	2.0070324533333335E7
2167    20151020	2.0073994233333334E7
2167    20151110	2.00773544E7
2167    20151112	2.00807145E7
2167    20160507	2.0084384633333333E7
2167    20160818	2.00880648E7
2167    20160904	2.0091747733333334E7
2167    20161014	2.00954241E7
