2174    20010101	1.99970987E7
2174    20010606	1.9998085333333332E7
2174    20010815	1.9998754966666665E7
2174    20011216	1.99994287E7
2174    20020201	2.0000401933333334E7
2174    20020310	2.0001378433333334E7
2174    20020418	2.00023584E7
2174    20021228	2.0003358966666665E7
2174    20030207	2.00046587E7
2174    20030409	2.0005965133333333E7
2174    20030517	2.0007275E7
2174    20030729	2.00085917E7
2174    20030820	2.00099114E7
2174    20030919	2.0010935166666668E7
2174    20031022	2.0011958966666665E7
2174    20031230	2.0012989433333334E7
2174    20040306	2.0014322366666667E7
2174    20040526	2.00156624E7
2174    20040808	2.0017009133333333E7
2174    20040830	2.00183562E7
2174    20040903	2.00197055E7
2174    20041010	2.00210557E7
2174    20041128	2.0022406566666666E7
2174    20050128	2.00240574E7
2174    20050207	2.00257066E7
2174    20050211	2.0027342966666665E7
2174    20050224	2.0028979533333335E7
2174    20050321	2.00306193E7
2174    20050322	4.00658589E7
2174    20050413	2.0034943533333335E7
2174    20050518	2.0036273933333334E7
2174    20050904	2.0037610233333334E7
2174    20051023	2.0038937133333333E7
2174    20051110	2.0039967433333334E7
2174    20060203	2.00412972E7
2174    20060216	2.00426238E7
2174    20060220	2.0043923533333335E7
2174    20060322	2.0044927366666667E7
2174    20060418	2.0045927666666668E7
2174    20060623	2.00469312E7
2174    20060813	2.0047934E7
2174    20061029	2.0048940966666665E7
2174    20061108	2.0049947266666666E7
2174    20061221	2.00509539E7
2174    20070228	2.0052253833333332E7
2174    20070303	2.0053253733333334E7
2174    20070813	2.00542633E7
2174    20080618	2.00555903E7
2174    20080711	2.0056919666666668E7
2174    20080714	2.00582467E7
2174    20080810	2.0059573366666667E7
2174    20081129	2.0060906733333334E7
2174    20090124	2.0062239933333334E7
2174    20090414	2.0063580166666668E7
2174    20090809	2.0064933433333334E7
2174    20091015	2.0066293133333333E7
2174    20100807	2.0067976E7
2174    20100910	2.0069662266666666E7
2174    20110127	2.0071655766666666E7
2174    20110222	2.00736494E7
2174    20110307	2.0075642366666667E7
2174    20110901	2.0077642266666666E7
2174    20120805	2.0079968333333332E7
2174    20120808	2.00822916E7
2174    20121123	2.0084322266666666E7
2174    20130218	2.0086655666666668E7
2174    20150609	2.0089668633333333E7
2174    20150926	2.0092688766666666E7
2174    20151121	2.00957122E7
2174    20151230	2.0098732433333334E7
2174    20160507	2.0102055566666666E7
2174    20160717	2.01053785E7
2174    20160801	2.01087016E7
2174    20160816	2.0112021433333334E7
