2194    20020330	1.9997749433333334E7
2194    20020418	1.9999063133333333E7
2194    20020624	2.0000377033333335E7
2194    20021218	2.00014133E7
2194    20030409	2.0002729333333332E7
2194    20030929	2.0004060166666668E7
2194    20040216	2.0005700433333334E7
2194    20040603	2.0007353566666666E7
2194    20040726	2.0009010666666668E7
2194    20050207	2.0010983733333334E7
2194    20050211	2.0012950333333332E7
2194    20050304	2.0014919933333334E7
2194    20050309	2.0016889266666666E7
2194    20050317	2.0018563066666666E7
2194    20050322	6.006570556666667E7
2194    20050401	2.00252338E7
2194    20050419	2.0026897633333333E7
2194    20050909	2.0028577633333333E7
2194    20050921	2.0030254933333334E7
2194    20060130	2.0032239166666668E7
2194    20060203	2.00342191E7
2194    20060310	2.0036192166666668E7
2194    20060411	2.0038168533333335E7
2194    20060418	2.0040145133333333E7
2194    20060518	2.00421248E7
2194    20060523	2.0043805533333335E7
2194    20060525	2.00454829E7
2194    20060801	2.0047142533333335E7
2194    20060814	2.0048492E7
2194    20061229	2.0049852366666667E7
2194    20080428	2.0051845833333332E7
2194    20080810	2.0053832233333334E7
2194    20080814	2.00555124E7
2194    20081128	2.00571857E7
2194    20090124	2.00588493E7
2194    20091014	2.0060529666666668E7
2194    20100327	2.0062516366666667E7
2194    20110127	2.00645137E7
2194    20110307	2.00665169E7
2194    20110509	2.0068523733333334E7
2194    20110901	2.0070543466666665E7
2194    20120622	2.0072886966666665E7
2194    20130902	2.0075572966666665E7
2194    20140202	2.0078568966666665E7
2194    20141115	2.00815954E7
2194    20141206	2.0084622233333334E7
2194    20160804	2.0088301733333334E7
