223    19991216	1.9968737833333332E7
223    19991217	1.99697674E7
223    19991223	1.9970797166666668E7
223    19991229	1.99718244E7
223    20000131	1.99731483E7
223    20000214	1.9974471466666665E7
223    20000418	1.9975801333333332E7
223    20000504	1.9977133966666665E7
223    20000703	1.9978473066666666E7
223    20000731	1.9979810433333334E7
223    20001117	1.99811603E7
223    20001120	5.995154336666667E7
223    20001201	1.9986527766666666E7
223    20010114	1.9988161466666665E7
223    20010606	1.9989811466666665E7
223    20010717	1.9991464833333332E7
223    20010815	1.9993121333333332E7
223    20011019	1.9994784566666666E7
223    20011216	1.99961544E7
223    20020310	1.9997824566666666E7
223    20020414	1.9999494933333334E7
223    20021228	2.0001188633333333E7
223    20030409	2.0002835466666665E7
223    20030517	2.0004161833333332E7
223    20030728	2.0005485966666665E7
223    20031230	2.0006826833333332E7
223    20040317	2.00084705E7
223    20040726	2.0010121E7
223    20041010	2.00117808E7
223    20050129	2.0013744533333335E7
223    20050322	4.0033398766666666E7
223    20050923	2.0019377333333332E7
223    20051006	2.00210704E7
223    20051204	2.0022763266666666E7
223    20060130	2.00247508E7
223    20060203	2.0026734133333333E7
223    20060215	2.0028716933333334E7
223    20060305	2.0030689866666667E7
223    20060411	2.0032666233333334E7
223    20060418	2.0034642833333332E7
223    20060721	2.0036629533333335E7
223    20060724	2.0038613633333333E7
223    20060814	2.0040303633333333E7
223    20061108	2.0041987033333335E7
223    20061109	2.0043666766666666E7
223    20061207	2.00453465E7
223    20061229	2.0047020166666668E7
223    20070228	2.0048987233333334E7
223    20070619	2.00506642E7
223    20080711	2.00526741E7
223    20080810	2.0054660166666668E7
223    20081030	2.0056347533333335E7
223    20081226	2.0058037833333332E7
223    20090125	2.0060017733333334E7
223    20090414	2.0061990533333335E7
223    20100516	2.0063997166666668E7
223    20110307	2.0066316533333335E7
223    20110429	2.00686305E7
223    20110901	2.0070656233333334E7
223    20111015	2.0072679333333332E7
223    20111124	2.0074706066666666E7
223    20120609	2.0077028933333334E7
223    20120731	2.00793531E7
223    20120805	2.0081673133333333E7
223    20121111	2.0083705833333332E7
223    20121127	2.0085736633333333E7
223    20130218	2.0088070066666666E7
223    20140927	2.0090757466666665E7
223    20150224	2.0093751233333334E7
223    20150814	2.0096764433333334E7
223    20150917	2.0099770966666665E7
223    20160216	2.0103087366666667E7
223    20160410	2.0106407233333334E7
223    20160626	2.01097245E7
223    20160717	2.0113044766666666E7
223    20160723	2.0116361966666665E7
223    20160816	2.0119681533333335E7
