2248    20040728	2.00051468E7
2248    20040820	2.00068166E7
2248    20040921	2.0008483033333335E7
2248    20050327	2.00104605E7
2248    20060428	2.0012774633333333E7
2248    20060527	2.0015092066666666E7
2248    20060814	2.00174188E7
2248    20061207	2.00197584E7
2248    20081005	2.0022751466666665E7
2248    20100510	2.00263946E7
2248    20100807	2.00300472E7
2248    20110127	2.0033711266666666E7
2248    20110522	2.00373818E7
2248    20110901	2.0041064366666667E7
2248    20120118	2.0045054133333333E7
2248    20120622	2.0049058066666666E7
2248    20140927	2.0053718333333332E7
2248    20160626	2.00590352E7
