225    19961106	1.9960739266666666E7
225    19961115	1.9960762633333333E7
225    19961122	1.9960786233333334E7
225    19961124	1.9960806633333333E7
225    19961216	1.9960830033333335E7
225    19970303	1.99611562E7
225    19980616	1.99618261E7
225    19981002	1.9962508733333334E7
225    19991102	1.9963525266666666E7
225    19991216	1.99645453E7
225    20001105	1.99658948E7
225    20001121	1.99672448E7
225    20001209	1.99685977E7
225    20030406	1.9970920933333334E7
225    20030429	1.9973244733333334E7
225    20040721	1.9975911533333335E7
225    20040808	1.9978581E7
225    20050327	1.99815676E7
225    20050410	1.9984554533333335E7
225    20051213	1.99875678E7
225    20060418	1.9990887866666667E7
225    20060606	1.9994214E7
225    20060616	1.99975402E7
