2268    20001224	1.9995813166666668E7
2268    20010130	1.9996783933333334E7
2268    20010407	1.9997757266666666E7
2268    20010617	1.9998440166666668E7
2268    20010815	1.99991098E7
2268    20020117	2.0000082733333334E7
2268    20020418	2.0001063233333334E7
2268    20021117	2.0002067E7
2268    20031022	2.0003400833333332E7
2268    20040114	2.0005037566666666E7
2268    20040216	2.0006674733333334E7
2268    20040306	2.0008311166666668E7
2268    20040726	2.0009961466666665E7
2268    20040820	4.00245853E7
2268    20050211	2.0014637633333333E7
2268    20050322	2.0016308133333333E7
2268    20050323	2.0017978266666666E7
2268    20050331	2.00196418E7
2268    20050403	2.0021305066666666E7
2268    20060203	2.0023294866666667E7
2268    20060224	2.0025285E7
2268    20060310	2.0027275166666668E7
2268    20060418	2.0029265666666668E7
2268    20060615	2.00312594E7
2268    20060718	2.0033249933333334E7
2268    20061207	2.0035253366666667E7
2268    20061229	4.0076517766666666E7
2268    20080104	2.0041890533333335E7
2268    20080810	2.00445434E7
2268    20081030	2.0046906733333334E7
2268    20081128	2.00492641E7
2268    20090414	2.0051924E7
2268    20101215	2.0054937333333332E7
2268    20110127	2.0057937666666668E7
2268    20110509	2.00609407E7
2268    20110901	2.00639335E7
2268    20120622	2.0066920166666668E7
2268    20150424	2.0070597166666668E7
2268    20150714	2.0074280433333334E7
2268    20150720	2.00779609E7
2268    20150813	2.0081630466666665E7
2268    20151104	2.00853066E7
2268    20151119	2.0088983233333334E7
2268    20160519	2.0092660166666668E7
2268    20161006	2.0096349633333333E7
