2289    20001120	1.99962054E7
2289    20001209	1.9996872066666666E7
2289    20010815	1.99975325E7
2289    20020418	1.9998513E7
2289    20030409	1.99998265E7
2289    20031230	2.0001167266666666E7
2289    20051112	2.0003170766666666E7
2289    20060305	2.0005480666666668E7
2289    20060526	2.00077978E7
2289    20061226	2.0010137866666667E7
2289    20070320	2.0012774766666666E7
2289    20100304	2.0016411133333333E7
2289    20110127	2.0020374933333334E7
2289    20130109	2.0025004266666666E7
2289    20130218	2.00293413E7
