2291    20001130	1.99955434E7
2291    20001209	1.99962168E7
2291    20001225	1.9996884066666666E7
2291    20010130	1.9997530866666667E7
2291    20010618	1.99981872E7
2291    20010815	1.9998850066666666E7
2291    20020201	1.99998234E7
2291    20020418	2.00008039E7
2291    20030406	2.0002117333333332E7
2291    20030513	2.00034342E7
2291    20030913	2.0004763866666667E7
2291    20030926	2.0006091366666667E7
2291    20031204	2.00074244E7
2291    20031230	2.00087583E7
2291    20040726	2.00104086E7
2291    20040903	2.0011767666666668E7
2291    20040930	2.0013124766666666E7
2291    20041115	2.0014481866666667E7
2291    20050129	2.0016139266666666E7
2291    20050910	2.0017822133333333E7
2291    20051110	2.0019509E7
2291    20060203	2.00214957E7
2291    20060215	2.00234828E7
2291    20060418	2.00254733E7
2291    20060526	2.0027457166666668E7
2291    20060728	2.0029444633333333E7
2291    20060813	2.00314344E7
2291    20060821	2.0033424433333334E7
2291    20061108	2.0035424E7
2291    20061207	2.0037426666666668E7
2291    20061229	2.0039429966666665E7
2291    20070228	2.00417306E7
2291    20070303	2.00440332E7
2291    20080810	2.00463892E7
2291    20090314	2.0049045733333334E7
2291    20090414	4.01057385E7
2291    20090528	2.0056376466666665E7
2291    20091015	2.0058396766666666E7
2291    20101205	2.0060753166666668E7
2291    20110127	2.0063393633333333E7
2291    20110222	2.0066036833333332E7
2291    20110307	2.00686736E7
2291    20110509	2.0071316233333334E7
2291    20110901	2.00736554E7
2291    20111124	2.00759961E7
2291    20120731	2.0078656133333333E7
2291    20120804	2.0081312433333334E7
2291    20120805	2.00836683E7
2291    20130218	2.00863119E7
2291    20141206	2.00893151E7
2291    20150224	2.00923158E7
2291    20150610	2.0095328966666665E7
2291    20150714	2.0098338833333332E7
2291    20150715	2.0101345133333333E7
2291    20150926	2.0104351733333334E7
2291    20160507	2.0107674866666667E7
2291    20160723	2.0111004933333334E7
2291    20160816	2.0114328533333335E7
2291    20161015	2.0117655466666665E7
