2294    20050723	2.00131015E7
2294    20060203	2.0015437266666666E7
2294    20060418	2.0017753566666666E7
2294    20060518	2.0020070733333334E7
2294    20061112	2.00224077E7
2294    20061204	2.00247476E7
2294    20061229	2.0027084866666667E7
2294    20070228	2.00297186E7
2294    20080816	2.0032401766666666E7
2294    20090531	2.0035392733333334E7
2294    20091013	2.0038399666666668E7
2294    20091213	2.00414067E7
2294    20101001	2.0044739733333334E7
2294    20110127	2.0048373833333332E7
2294    20110319	2.00520138E7
2294    20111120	2.0055677766666666E7
2294    20111124	2.0059341833333332E7
2294    20120520	2.0063318866666667E7
2294    20120611	2.00669925E7
2294    20121111	2.0070675533333335E7
2294    20140115	2.00746656E7
2294    20160115	2.0079321933333334E7
2294    20160507	2.0083982133333333E7
2294    20160818	2.00883256E7
