2302    20010623	1.99952722E7
2302    20010717	1.9996262533333335E7
2302    20011128	1.99972599E7
2302    20020418	1.9998249633333333E7
2302    20030517	1.9999569266666666E7
2302    20030929	2.00009026E7
2302    20031022	2.0002236566666666E7
2302    20040306	2.0003879966666665E7
2302    20040702	2.0005536466666665E7
2302    20040808	2.0007196466666665E7
2302    20040820	4.0019370766666666E7
2302    20041013	2.0012177033333335E7
2302    20041110	2.0013840366666667E7
2302    20050127	2.0015804166666668E7
2302    20050228	2.0017771266666666E7
2302    20050305	2.00197409E7
2302    20050310	2.0021413533333335E7
2302    20050322	4.0047821333333336E7
2302    20050413	2.0026401333333332E7
2302    20050505	2.0028064666666668E7
2302    20051006	2.0029738166666668E7
2302    20060203	2.00317148E7
2302    20060215	2.00336883E7
2302    20060322	2.0035662233333334E7
2302    20060411	2.0037638633333333E7
2302    20060418	2.0039615233333334E7
2302    20060731	2.0041599333333332E7
2302    20060802	2.0043585766666666E7
2302    20060820	2.0045259E7
2302    20060821	2.0046929133333333E7
2302    20061229	2.0048599166666668E7
2302    20070703	2.0050275333333332E7
2302    20080205	2.00519316E7
2302    20080810	2.00535943E7
2302    20090414	2.0055574033333335E7
2302    20091017	2.00572644E7
2302    20091020	2.0058941666666668E7
2302    20101215	2.0060955233333334E7
2302    20110307	2.0063271466666665E7
2302    20110509	2.0065594433333334E7
2302    20110901	2.0067924033333335E7
2302    20130218	2.00708943E7
2302    20130424	2.0073570866666667E7
2302    20160801	2.0077256633333333E7
2302    20160816	2.0080940333333332E7
