231    19960816	1.9960616866666667E7
231    19960825	1.9960633366666667E7
231    19960826	1.9960647166666668E7
231    19960830	1.9960661033333335E7
231    19960906	1.9960677433333334E7
231    19960909	1.9960690566666666E7
231    19960910	1.99607036E7
231    19960919	1.9960716933333334E7
231    19960921	1.9960730233333334E7
231    19960924	1.9960743633333333E7
231    19960926	1.9960757066666666E7
231    19961007	1.9960773033333335E7
231    19961012	1.99607891E7
231    19961015	1.9960802766666666E7
231    19961016	1.9960816433333334E7
231    19961017	1.9960829933333334E7
231    19961019	1.99608434E7
231    19961020	1.9960856833333332E7
231    19961027	1.9960870133333333E7
231    19961106	3.99217854E7
231    19961107	1.99609124E7
231    19961110	1.99609255E7
231    19961115	1.9960938533333335E7
231    19961116	1.9960951433333334E7
231    19961120	1.9960962066666666E7
231    19961122	1.9960972733333334E7
231    19961216	1.9960986366666667E7
231    19970124	1.9961296733333334E7
231    19970127	1.9961607133333333E7
231    19970205	1.99619201E7
231    19970303	1.9962236033333335E7
231    19970417	1.9962555733333334E7
231    19970709	1.9962885033333335E7
231    19991012	1.9963888566666666E7
231    19991216	1.99648988E7
231    19991226	1.9965909333333332E7
231    19991229	1.9966919666666668E7
231    20000124	1.9968226433333334E7
231    20000317	1.9969539533333335E7
231    20000318	1.99708526E7
231    20000508	1.99721693E7
231    20000602	1.9973488966666665E7
231    20000731	1.9974812833333332E7
231    20001002	1.99761457E7
231    20001117	1.9977482366666667E7
231    20001120	3.99589748E7
231    20010122	1.9981792233333334E7
231    20010620	1.99834427E7
231    20010623	1.9985093266666666E7
231    20020418	1.99870703E7
231    20020923	1.9989064066666666E7
231    20040726	1.9991717766666666E7
231    20040820	1.9994374566666666E7
231    20040903	1.9997034E7
231    20041010	1.9999696933333334E7
231    20041110	2.0002360066666666E7
231    20041128	2.0004726866666667E7
231    20050129	2.00073936E7
231    20050320	2.00100641E7
231    20050321	2.0012731366666667E7
231    20050322	2.0015394866666667E7
231    20050412	2.0018051633333333E7
231    20050416	2.0020031766666666E7
231    20050423	2.0022005333333332E7
231    20051023	2.0023998566666666E7
231    20051110	2.00259946E7
231    20060203	2.0027997233333334E7
231    20060310	2.0029997E7
231    20060311	2.0031996766666666E7
231    20060411	2.0033993533333335E7
231    20060418	2.00359874E7
231    20060717	2.0037986933333334E7
231    20060905	2.00399837E7
231    20061022	2.0041980533333335E7
231    20061109	2.0043980166666668E7
231    20061112	2.00459799E7
231    20061113	2.00476796E7
231    20061123	2.0049363033333335E7
231    20061229	2.00510499E7
231    20070228	2.0052710233333334E7
231    20070302	2.00543562E7
231    20070518	2.0055349266666666E7
231    20070703	2.0056345366666667E7
231    20080126	2.00576528E7
231    20080412	2.00589662E7
231    20080711	2.0060286233333334E7
231    20080714	2.0061605766666666E7
231    20080810	2.0062628466666665E7
231    20081028	2.0063652066666666E7
231    20081030	2.00646757E7
231    20081128	2.0065702566666666E7
231    20081130	2.00667265E7
231    20081210	2.0067752966666665E7
231    20090125	2.0069076366666667E7
231    20090314	2.0070386066666666E7
231    20090402	2.00716958E7
231    20090414	2.0072702833333332E7
231    20090609	2.00737128E7
231    20091107	2.0074739333333332E7
231    20100129	2.0076063266666666E7
231    20100610	2.0077403E7
231    20100807	2.0078739333333332E7
231    20101207	2.0080082733333334E7
231    20110127	2.0081719566666666E7
231    20110416	2.0083363133333333E7
231    20110429	2.0085007033333335E7
231    20110901	2.0086666633333333E7
231    20111124	2.0088333333333332E7
231    20120502	2.00903091E7
231    20130218	2.0092308766666666E7
231    20130404	2.0094312166666668E7
231    20130424	2.0096309033333335E7
231    20130620	2.0098306266666666E7
231    20131212	2.0100009133333333E7
231    20140202	2.0102002133333333E7
231    20140303	2.0103988533333335E7
231    20140811	2.0105991766666666E7
231    20141206	2.0108004966666665E7
231    20150609	2.0110324333333332E7
231    20150611	2.01126437E7
231    20150714	2.0114963233333334E7
231    20151129	2.0117296533333335E7
231    20160115	2.01199267E7
231    20160330	2.0122266866666667E7
231    20160524	2.01246072E7
231    20160804	2.0126953933333334E7
231    20160816	2.0129300666666668E7
