2321    20041010	2.0007215266666666E7
2321    20041027	2.0009209233333334E7
2321    20050305	2.0011202133333333E7
2321    20050322	2.00131794E7
2321    20050401	2.0015156066666666E7
2321    20050403	2.0017129166666668E7
2321    20050423	2.00191029E7
2321    20050426	2.0021076666666668E7
2321    20050505	2.0023052533333335E7
2321    20050728	2.0024729933333334E7
2321    20051006	2.0026416E7
2321    20060130	2.0028406166666668E7
2321    20060215	2.0030396533333335E7
2321    20060310	2.00323867E7
2321    20060418	2.0034376266666666E7
2321    20060526	2.0036357E7
2321    20061116	2.0038356933333334E7
2321    20061229	2.00403606E7
2321    20070511	2.0042673633333333E7
2321    20080711	2.0045326633333333E7
2321    20080810	2.004798E7
2321    20081210	2.00503329E7
2321    20081227	2.0052683533333335E7
2321    20090314	2.00549864E7
2321    20090603	2.0056992866666667E7
2321    20091020	2.0059009633333333E7
2321    20091031	2.0061013933333334E7
2321    20110127	2.0063643833333332E7
2321    20110509	2.0065983133333333E7
2321    20110901	2.00683158E7
2321    20130424	2.0071296266666666E7
2321    20150726	2.00749529E7
2321    20160330	2.00786204E7
2321    20160507	2.0082293233333334E7
2321    20160626	2.00859674E7
