2324    20011019	1.9999414833333332E7
2324    20011031	2.0000082433333334E7
2324    20011216	2.00007562E7
2324    20020117	2.0001726533333335E7
2324    20020203	2.0002699566666666E7
2324    20020413	2.00036795E7
2324    20021228	2.0004683066666666E7
2324    20030513	2.0005996033333335E7
2324    20030729	2.00073133E7
2324    20030913	2.0008636066666666E7
2324    20031022	2.00096666E7
2324    20031027	2.0010696933333334E7
2324    20031230	2.0011733566666666E7
2324    20040317	2.0013070166666668E7
2324    20041010	2.00144238E7
2324    20050129	2.0016081366666667E7
2324    20050323	2.0017745266666666E7
2324    20050403	4.00404799E7
2324    20050426	2.00227318E7
2324    20050505	2.0024390933333334E7
2324    20050904	2.0026061033333335E7
2324    20050923	2.0027725066666666E7
2324    20051116	2.0029391366666667E7
2324    20060130	2.00313554E7
2324    20060203	2.0033321166666668E7
2324    20060527	2.0035001066666666E7
2324    20060801	2.0036674066666666E7
2324    20060813	2.0038346966666665E7
2324    20060821	2.0040013833333332E7
2324    20061207	2.0041686766666666E7
2324    20070228	2.004366E7
2324    20070404	2.0045632933333334E7
2324    20080205	2.0047635866666667E7
2324    20080711	2.00496528E7
2324    20080810	2.0051666033333335E7
2324    20081102	2.0053661833333332E7
2324    20081210	2.0055351733333334E7
2324    20090124	2.0057331566666666E7
2324    20090314	2.00593116E7
2324    20091015	2.0061311366666667E7
2324    20101207	2.00636507E7
2324    20110104	2.0066279833333332E7
2324    20110127	2.0068606833333332E7
2324    20110429	2.00709208E7
2324    20110726	2.00729407E7
2324    20111027	2.0074964166666668E7
2324    20111106	2.00769876E7
2324    20120501	2.00793242E7
2324    20120609	2.0081663633333333E7
2324    20121123	2.0084017566666666E7
2324    20130601	2.0086674133333333E7
2324    20130620	2.00893307E7
2324    20130902	2.0091990233333334E7
2324    20140114	2.0094656366666667E7
2324    20140202	2.0097323E7
2324    20140712	2.0099995833333332E7
2324    20141116	2.0102673E7
2324    20141219	2.01053532E7
2324    20150219	2.0108333133333333E7
2324    20150902	2.0111322966666665E7
2324    20151205	2.01140222E7
2324    20160215	2.01170159E7
2324    20160410	2.01196894E7
2324    20160427	2.01223466E7
2324    20160508	2.01250032E7
2324    20160515	2.01276503E7
2324    20160524	2.01302941E7
2324    20160728	2.0132647566666666E7
2324    20160804	2.0134997233333334E7
