2329    20050923	2.0028992166666668E7
2329    20051023	2.0030992633333333E7
2329    20060127	2.0033289766666666E7
2329    20060128	2.0035283766666666E7
2329    20060130	2.00372672E7
2329    20060306	2.0039253966666665E7
2329    20060310	2.0041224E7
2329    20060411	2.0043197333333332E7
2329    20060526	2.0044857933333334E7
2329    20060606	2.0046504733333334E7
2329    20060720	2.00478582E7
2329    20060801	2.0049187466666665E7
2329    20060802	2.00505066E7
2329    20060814	2.00515201E7
2329    20061207	2.0052543133333333E7
2329    20070407	2.0053872333333332E7
2329    20070703	2.0055198233333334E7
2329    20080126	2.0056518233333334E7
2329    20080205	2.0057831466666665E7
2329    20080415	2.0059148533333335E7
2329    20080424	2.0060155766666666E7
2329    20080711	2.0061172E7
2329    20080805	2.0062188533333335E7
2329    20080810	2.0063205233333334E7
2329    20081028	2.0064228766666666E7
2329    20081108	2.0065254966666665E7
2329    20081130	2.00662819E7
2329    20090405	2.0067615366666667E7
2329    20090414	2.0068944833333332E7
2329    20090627	2.0070271733333334E7
2329    20091013	2.0071608066666666E7
2329    20091023	2.00729414E7
2329    20100510	2.00742875E7
2329    20100516	2.0075633766666666E7
2329    20100610	2.00769831E7
2329    20100807	2.0078333133333333E7
2329    20100829	2.0079683766666666E7
2329    20101207	2.0081043633333333E7
2329    20110119	2.0082696733333334E7
2329    20110127	2.0084347433333334E7
2329    20110306	2.00860003E7
2329    20110516	2.0087657466666665E7
2329    20110711	2.00893211E7
2329    20110901	2.0090990666666668E7
2329    20111015	2.0092650933333334E7
2329    20120413	2.00943178E7
2329    20120622	2.0095981766666666E7
2329    20120719	2.0097334866666667E7
2329    20120731	2.0098685733333334E7
2329    20121111	2.0100042266666666E7
2329    20121123	2.01013989E7
2329    20130601	2.01030619E7
2329    20130621	2.0104722433333334E7
2329    20130902	2.0106392166666668E7
2329    20140202	2.0108364633333333E7
2329    20140421	2.0110341733333334E7
2329    20140823	2.01123315E7
2329    20141116	2.0114021866666667E7
2329    20141206	2.0115714933333334E7
2329    20150105	2.0117697533333335E7
2329    20150224	2.0119671233333334E7
2329    20150424	2.0121651266666666E7
2329    20150501	2.0123317633333333E7
2329    20150701	2.0124990466666665E7
2329    20150709	2.0126660433333334E7
2329    20150714	2.0128324E7
2329    20150720	2.0129987033333335E7
2329    20150823	2.01316409E7
2329    20151103	4.026737993333333E7
2329    20151123	2.0135733466666665E7
2329    20151205	2.0137089766666666E7
2329    20160115	2.0138736566666666E7
2329    20160516	2.01403904E7
2329    20160608	2.01420435E7
2329    20160626	2.0143383933333334E7
2329    20160728	2.01447208E7
2329    20160816	2.0146057366666667E7
