2336    20031230	2.00040161E7
2336    20040216	2.0005983033333335E7
2336    20040726	2.0007640433333334E7
2336    20060216	2.0009946833333332E7
2336    20060526	2.0012257333333332E7
2336    20060814	2.0014577366666667E7
2336    20061207	2.0016614033333335E7
2336    20070204	2.00189501E7
2336    20070320	2.0021286966666665E7
2336    20071106	2.0023647066666666E7
2336    20080816	2.0026330333333332E7
2336    20081005	2.0029016933333334E7
2336    20090418	2.0032017266666666E7
2336    20091116	2.0035040333333332E7
2336    20100516	2.00383767E7
2336    20110127	2.0042030266666666E7
2336    20120609	2.0046027133333333E7
2336    20140624	2.00506874E7
2336    20150701	2.0055680633333333E7
