235    19991229	1.9968109333333332E7
235    20000131	1.9969436033333335E7
235    20000308	1.9970768633333333E7
235    20000406	1.9972101766666666E7
235    20000424	1.9973435433333334E7
235    20000520	1.99747688E7
235    20000602	1.9976101866666667E7
235    20000612	1.99774352E7
235    20000731	3.995887856666667E7
235    20001117	1.9981449266666666E7
235    20001118	1.99827898E7
235    20001119	1.99841301E7
235    20001120	3.997227063333333E7
235    20001208	1.9988140333333332E7
235    20010815	1.9989796966666665E7
235    20020330	1.9991770633333333E7
235    20021228	1.9993774166666668E7
235    20030717	1.9996093933333334E7
235    20040423	1.9998437333333332E7
235    20040728	2.00007881E7
235    20040929	2.00031423E7
235    20041128	2.0005499333333332E7
235    20050129	2.0008133166666668E7
235    20050309	2.0010456233333334E7
235    20050322	2.00124334E7
235    20050904	2.00144294E7
235    20050923	2.00164198E7
235    20051110	2.0018416366666667E7
235    20051204	2.0020415533333335E7
235    20060203	2.0022417933333334E7
235    20060418	2.00244216E7
235    20060527	2.0026425633333333E7
235    20060821	2.0028438866666667E7
235    20061226	2.00304624E7
235    20061229	2.00324833E7
235    20070228	2.0034803833333332E7
235    20080810	2.0037473133333333E7
235    20080812	2.00401425E7
235    20091014	2.0043139066666666E7
235    20101205	2.00464753E7
235    20110127	2.00501089E7
235    20110901	2.0053768266666666E7
235    20120805	2.0057757766666666E7
235    20121111	2.0061754533333335E7
235    20130927	2.0065758266666666E7
235    20141206	2.0069787466666665E7
235    20160717	2.00744371E7
