2353    20030517	2.0003328133333333E7
2353    20030820	2.0004981866666667E7
2353    20040526	2.0006661733333334E7
2353    20041121	2.00083448E7
2353    20041202	2.0010017966666665E7
2353    20050321	2.00119915E7
2353    20050322	2.0013961733333334E7
2353    20050419	2.0015934733333334E7
2353    20050501	2.0017614533333335E7
2353    20050505	2.0019293966666665E7
2353    20050608	2.00209736E7
2353    20050923	2.0022660766666666E7
2353    20051023	2.0024351E7
2353    20051213	2.0026044566666666E7
2353    20060128	2.0028034666666668E7
2353    20060130	2.0030018933333334E7
2353    20060215	2.0031999266666666E7
2353    20060310	2.00339728E7
2353    20060330	2.0035946866666667E7
2353    20060523	2.0037926966666665E7
2353    20060717	2.0039913266666666E7
2353    20060731	2.0041897333333332E7
2353    20060802	2.0043586766666666E7
2353    20060905	2.0045279533333335E7
2353    20070228	2.0047263533333335E7
2353    20080126	2.0049577166666668E7
2353    20090124	2.00519007E7
2353    20090414	2.0054227033333335E7
2353    20091016	2.0056570866666667E7
2353    20100430	2.0058905E7
2353    20101215	2.00612616E7
2353    20110127	2.0063905166666668E7
2353    20110901	2.0066251E7
2353    20120131	2.0068884666666668E7
2353    20120622	2.0071532E7
2353    20150726	2.0074878833333332E7
2353    20160507	2.0078551666666668E7
2353    20160816	2.0082231566666666E7
