2355    20001209	1.9997194766666666E7
2355    20001221	1.9997861866666667E7
2355    20010402	1.99985376E7
2355    20010606	1.9999193533333335E7
2355    20010620	1.9999847433333334E7
2355    20010717	2.00005039E7
2355    20010815	2.00011607E7
2355    20011019	2.0001821E7
2355    20011216	2.0002487833333332E7
2355    20020201	2.0003454E7
2355    20020203	2.0004419766666666E7
2355    20021224	2.0005123333333332E7
2355    20030307	2.00061292E7
2355    20030406	2.00071356E7
2355    20030409	2.0008139133333333E7
2355    20030820	2.0009155866666667E7
2355    20030913	2.0010175433333334E7
2355    20030919	2.0011189266666666E7
2355    20030929	2.0012195866666667E7
2355    20031204	2.0013209166666668E7
2355    20040330	2.00145234E7
2355    20040726	2.00158508E7
2355    20041027	2.0017181566666666E7
2355    20050310	2.0018821333333332E7
2355    20050403	2.0020464166666668E7
2355    20050422	2.0022107566666666E7
2355    20050423	2.0023751E7
2355    20050921	2.0025411033333335E7
2355    20060203	2.0027377733333334E7
2355    20060215	2.0029344666666668E7
2355    20060310	2.00313147E7
2355    20060311	2.0033284366666667E7
2355    20060322	2.0034948366666667E7
2355    20060411	2.0036608533333335E7
2355    20060418	2.0038268466666665E7
2355    20060517	2.0039928466666665E7
2355    20060518	2.0041585233333334E7
2355    20060817	2.0043245166666668E7
2355    20061112	2.0044908366666667E7
2355    20061204	2.0046275133333333E7
2355    20061229	2.0047642666666668E7
2355    20070228	2.0049276133333333E7
2355    20070707	2.00506228E7
2355    20080618	2.0052296533333335E7
2355    20080627	2.0053970466666665E7
2355    20080714	2.00556336E7
2355    20080810	2.0057296833333332E7
2355    20081129	2.00589705E7
2355    20081210	2.0060646533333335E7
2355    20090413	2.0062620166666668E7
2355    20090414	2.0064289633333333E7
2355    20090528	2.00659497E7
2355    20091015	2.0067615966666665E7
2355    20100111	2.0069276E7
2355    20100327	2.0070940133333333E7
2355    20100610	2.0072613066666666E7
2355    20100807	2.0074292533333335E7
2355    20100910	2.0075958833333332E7
2355    20101205	2.0077325566666666E7
2355    20110127	2.00789893E7
2355    20110307	2.0080655866666667E7
2355    20110509	2.0082329133333333E7
2355    20110901	2.00840151E7
2355    20111017	2.0085701966666665E7
2355    20120310	2.0087698366666667E7
2355    20120622	2.0089701866666667E7
2355    20121020	2.00917186E7
2355    20130218	2.0094031966666665E7
2355    20130315	2.0096338733333334E7
2355    20130424	2.0098646066666666E7
2355    20151107	2.0101642E7
2355    20151108	2.0104338E7
2355    20160115	2.0107318266666666E7
2355    20160507	2.0109981233333334E7
2355    20160721	2.0112651033333335E7
2355    20160816	2.01153211E7
