236    19971114	1.9961750533333335E7
236    19980616	1.9962423933333334E7
236    19991216	1.9963450666666668E7
236    20000418	1.9964783966666665E7
236    20000504	1.9966116933333334E7
236    20001104	1.9967469766666666E7
236    20001121	1.9968823033333335E7
236    20001209	1.9970176333333332E7
236    20010623	1.9971843366666667E7
236    20011016	1.9973523266666666E7
236    20020201	1.9975506433333334E7
236    20020316	1.9977493066666666E7
236    20030307	1.99798125E7
236    20031230	1.9982160133333333E7
236    20040808	1.9984827E7
236    20041027	1.9987501066666666E7
236    20050211	1.9990480933333334E7
236    20050406	1.99934668E7
236    20050410	1.99964504E7
236    20060215	1.99997606E7
236    20060220	2.00030706E7
236    20060305	2.0006380533333335E7
236    20060310	2.0009690466666665E7
236    20060418	2.0013003766666666E7
236    20060523	2.00163203E7
236    20060616	2.00196374E7
236    20070228	2.00232748E7
236    20100327	2.0027914766666666E7
236    20110127	2.0032581633333333E7
236    20130109	2.00379085E7
236    20130601	2.0043224733333334E7
