2395    20010505	1.9997221033333335E7
2395    20010815	1.9997881433333334E7
2395    20011231	1.9998555666666668E7
2395    20020224	1.9999529533333335E7
2395    20020310	2.0000506233333334E7
2395    20020414	2.00014863E7
2395    20020927	2.00024831E7
2395    20031022	2.0003816366666667E7
2395    20031230	2.0005150366666667E7
2395    20040317	2.0006787233333334E7
2395    20040526	2.0008431066666666E7
2395    20040702	2.00100807E7
2395    20040726	2.00117306E7
2395    20040823	2.0013087E7
2395    20041021	2.0014447233333334E7
2395    20050322	2.0016114166666668E7
2395    20060821	2.0018128E7
2395    20061111	2.00201509E7
2395    20061207	2.00221742E7
2395    20061211	2.00241945E7
2395    20061229	2.0026212033333335E7
2395    20080711	2.0028878033333335E7
2395    20090124	2.0031848233333334E7
2395    20100209	2.0035151266666666E7
2395    20100624	2.00384681E7
2395    20100903	2.00417942E7
2395    20110127	2.0045427766666666E7
2395    20120118	2.0049394366666667E7
2395    20130927	2.0053721266666666E7
2395    20131006	2.00580481E7
2395    20141206	2.00624048E7
2395    20150224	2.0067051766666666E7
2395    20150609	2.00716977E7
2395    20160410	2.0076370566666666E7
2395    20160427	2.0081041133333333E7
2395    20160524	2.0085711466666665E7
2395    20160626	2.00903681E7
2395    20160719	2.0094691333333332E7
2395    20160816	2.0099010866666667E7
