2396    20000401	1.9992588866666667E7
2396    20000402	1.9992925566666666E7
2396    20000408	1.9993241566666666E7
2396    20000424	1.9993558066666666E7
2396    20000425	1.9993872133333333E7
2396    20000504	1.99941888E7
2396    20000602	1.9994508733333334E7
2396    20000603	3.9989977266666666E7
2396    20000703	1.9995471766666666E7
2396    20000731	3.99919158E7
2396    20001002	1.9996452933333334E7
2396    20001010	1.9996785833333332E7
2396    20001018	1.9997118966666665E7
2396    20001108	1.9997452533333335E7
2396    20001118	1.9997785966666665E7
2396    20001119	1.9998116466666665E7
2396    20001120	9.999553706666666E7
2396    20001201	2.00001009E7
2396    20001208	2.0000433966666665E7
2396    20001209	2.0000766666666668E7
2396    20001214	2.0000802766666666E7
2396    20010314	2.0001139666666668E7
2396    20010402	2.0001479266666666E7
2396    20010606	2.00018222E7
2396    20010611	2.0002162533333335E7
2396    20010620	2.0002503133333333E7
2396    20010815	2.0002850033333335E7
2396    20011016	2.00032031E7
2396    20011019	2.0003556233333334E7
2396    20011111	2.00039098E7
2396    20011216	2.00042636E7
2396    20020117	2.0004914066666666E7
2396    20020203	2.00055674E7
2396    20020310	2.0006220966666665E7
2396    20020414	2.0006877066666666E7
2396    20030303	2.00078628E7
2396    20030306	2.00088396E7
2396    20030307	2.0009816166666668E7
2396    20030308	2.00107925E7
2396    20030409	2.00117692E7
2396    20030820	2.0012759266666666E7
2396    20030913	2.00137524E7
2396    20040726	2.00150726E7
2396    20040921	2.00163993E7
2396    20041010	2.0017728966666665E7
2396    20041115	2.0019062133333333E7
2396    20041119	2.0020395433333334E7
2396    20041121	2.00217261E7
2396    20050127	2.0023356733333334E7
2396    20050304	2.0024993233333334E7
2396    20050317	2.002663E7
2396    20050321	2.0027963566666666E7
2396    20050501	2.00293002E7
2396    20050923	2.00306441E7
2396    20051006	2.00319906E7
2396    20051101	2.0033339966666665E7
2396    20060203	2.0034986233333334E7
2396    20060215	2.00366262E7
2396    20060411	4.007818853333333E7
2396    20060418	2.0041556E7
2396    20060527	2.0042903E7
2396    20060813	2.0044256666666668E7
2396    20061207	2.00456199E7
2396    20061229	2.00469804E7
2396    20070228	2.0048311233333334E7
2396    20070302	2.0049644433333334E7
2396    20080205	2.00513077E7
2396    20081208	2.0053004366666667E7
2396    20090112	2.0054994466666665E7
2396    20090131	2.00569715E7
2396    20090414	2.0058954866666667E7
2396    20090427	2.0060611566666666E7
2396    20091014	2.0062281333333332E7
2396    20100807	2.0064274566666666E7
2396    20110222	2.0066578133333333E7
2396    20110307	2.00688844E7
2396    20110429	2.0071194666666668E7
2396    20110509	2.00732074E7
2396    20110901	2.00752273E7
2396    20120502	2.00775668E7
2396    20120622	2.0079910166666668E7
2396    20130620	2.00825808E7
2396    20140202	2.0085556766666666E7
2396    20150701	2.0088879933333334E7
2396    20161015	2.0092543733333334E7
