2406    20020201	1.9998132366666667E7
2406    20020418	1.9999439333333332E7
2406    20021228	2.0000446833333332E7
2406    20030207	2.0001753633333333E7
2406    20030416	2.0003067366666667E7
2406    20030610	2.0004387566666666E7
2406    20030820	2.00057145E7
2406    20040802	2.0007374066666666E7
2406    20041115	2.0009043933333334E7
2406    20041119	2.00107138E7
2406    20050310	2.0012686933333334E7
2406    20050322	4.0031290833333336E7
2406    20050401	2.0018603533333335E7
2406    20050413	2.0020576766666666E7
2406    20051006	2.0022270066666666E7
2406    20060103	2.0024263066666666E7
2406    20060203	2.00262593E7
2406    20060215	2.0028252933333334E7
2406    20060418	2.0030250066666666E7
2406    20060518	2.0032250233333334E7
2406    20060526	2.0034247666666668E7
2406    20060813	2.0036237433333334E7
2406    20060821	2.00382272E7
2406    20060905	2.0040216433333334E7
2406    20061223	2.00419201E7
2406    20061229	2.0043620933333334E7
2406    20080810	2.0045961066666666E7
2406    20100209	2.0048947433333334E7
2406    20100607	2.0051943666666668E7
2406    20110127	2.00549412E7
2406    20110509	2.0057944233333334E7
2406    20110901	2.0060933333333332E7
2406    20121203	2.0063966533333335E7
2406    20160320	2.0068296666666668E7
2406    20160507	2.0072626566666666E7
