2407    20050518	2.00090225E7
2407    20050829	2.0011343233333334E7
2407    20060203	2.0013649866666667E7
2407    20060418	2.0015963666666668E7
2407    20060721	2.0018284E7
2407    20100327	2.0021921066666666E7
2407    20110127	2.0025884766666666E7
2407    20110307	2.0029554366666667E7
2407    20110326	2.0033221033333335E7
2407    20120622	2.0037228233333334E7
2407    20121127	2.0041251633333333E7
2407    20141024	2.0045935633333333E7
2407    20160507	2.0051268766666666E7
2407    20160816	2.00566092E7
