2424    20040702	2.0006310466666665E7
2424    20040808	2.0008000066666666E7
2424    20041121	2.0009699766666666E7
2424    20050327	2.00116772E7
2424    20050410	2.0013657133333333E7
2424    20050423	2.0015634033333335E7
2424    20050608	2.00176138E7
2424    20051213	2.00196137E7
2424    20060131	2.00216137E7
2424    20060224	2.0023610566666666E7
2424    20060322	2.00256079E7
2424    20060418	2.00276083E7
2424    20060527	2.00296117E7
2424    20060731	2.0031619266666666E7
2424    20061112	2.0033639333333332E7
2424    20080816	2.0036316E7
2424    20090209	2.00393029E7
2424    20090606	2.0042298733333334E7
2424    20091015	2.0045295766666666E7
2424    20100430	2.00486063E7
2424    20110127	2.0052239866666667E7
2424    20110603	2.0055886333333332E7
2424    20120118	2.0059536733333334E7
2424    20120622	2.00632003E7
2424    20131206	2.0066903533333335E7
2424    20150612	2.0070913133333333E7
2424    20150814	2.0074926733333334E7
2424    20151010	2.00789433E7
2424    20160330	2.00832603E7
2424    20160510	2.0087270166666668E7
2424    20160729	2.0091271066666666E7
