2455    20060203	2.00139698E7
2455    20060322	2.0016310433333334E7
2455    20061219	2.0018650433333334E7
2455    20080701	2.0021636766666666E7
2455    20091213	4.005327943333333E7
2455    20100220	2.0031642666666668E7
2455    20110127	2.0035306633333333E7
2455    20110308	2.0038976266666666E7
2455    20110319	2.0042643133333333E7
2455    20110522	2.0046316333333332E7
2455    20120805	2.0050326166666668E7
2455    20120809	2.0054326366666667E7
2455    20130927	2.0058653333333332E7
2455    20141004	2.0063316133333333E7
2455    20141024	2.00679796E7
2455    20150701	2.0072965633333333E7
2455    20160115	2.00782621E7
