246    20000122	1.99716704E7
246    20000131	1.9972994366666667E7
246    20000207	1.99743208E7
246    20000305	1.9975647333333332E7
246    20000424	1.9976977766666666E7
246    20000504	1.9978310833333332E7
246    20000602	1.9979646966666665E7
246    20000703	1.9980986433333334E7
246    20001120	1.99823396E7
246    20001224	1.9983696133333333E7
246    20010122	1.99853492E7
246    20010125	1.99869993E7
246    20010815	1.99886696E7
246    20020117	1.9990645833333332E7
246    20040128	1.9993286433333334E7
246    20040726	1.9995940533333335E7
246    20050228	1.9998910933333334E7
246    20050317	2.0001581333333332E7
246    20050327	2.00042488E7
246    20050426	2.0006919566666666E7
246    20050505	2.0009589166666668E7
246    20050820	2.0011943133333333E7
246    20060203	2.0014596033333335E7
246    20060220	2.0016903266666666E7
246    20060518	2.0019220433333334E7
246    20060527	2.0021537866666667E7
246    20090821	2.0024864733333334E7
246    20091014	2.0028191433333334E7
246    20110127	2.0032155233333334E7
246    20110212	2.0036121333333332E7
246    20141024	2.0040818066666666E7
246    20160626	2.00461679E7
