2470    20040903	2.0007422066666666E7
2470    20040929	2.0009102433333334E7
2470    20041013	2.0010778666666668E7
2470    20041021	2.0012445933333334E7
2470    20050309	2.0014422266666666E7
2470    20050322	2.00163989E7
2470    20050410	2.00183753E7
2470    20050518	2.0020352433333334E7
2470    20050608	2.00223322E7
2470    20050829	2.0024319266666666E7
2470    20060203	2.0026618666666668E7
2470    20060311	2.00289214E7
2470    20060411	2.0030924566666666E7
2470    20060418	2.0032924933333334E7
2470    20060813	2.0034938433333334E7
2470    20080126	2.00375925E7
2470    20080711	2.00402585E7
2470    20080812	2.0042914866666667E7
2470    20080816	2.0045271333333332E7
2470    20081210	2.00476248E7
2470    20101215	2.0050631566666666E7
2470    20110127	2.00536291E7
2470    20110307	2.0056632566666666E7
2470    20110509	2.0059626166666668E7
2470    20111208	2.00626357E7
2470    20140421	2.00666088E7
2470    20150726	2.0070622E7
2470    20160115	2.0074944833333332E7
2470    20160507	2.0078954533333335E7
2470    20160816	2.00829548E7
2470    20160923	2.0086955466666665E7
