25    19970125	1.99624288E7
25    19970205	1.9962757966666665E7
25    19970206	1.9963087166666668E7
25    19970215	1.9963413933333334E7
25    19970317	1.9963740533333335E7
25    19970318	1.9964064066666666E7
25    19970324	1.9964387466666665E7
25    19970409	1.99647109E7
25    19970417	1.9965034233333334E7
25    19970519	1.9965354833333332E7
25    19970623	1.9965678866666667E7
25    19970716	1.9966005766666666E7
25    19970929	1.9966339733333334E7
25    19971203	1.99666796E7
25    19980201	1.9967319333333332E7
25    19991001	1.9968319066666666E7
25    19991003	1.9969318533333335E7
25    19991007	1.99703181E7
25    19991009	1.9971314966666665E7
25    19991011	1.99723118E7
25    19991012	1.9973308333333332E7
25    19991204	1.9974311066666666E7
25    19991213	5.99289323E7
25    19991229	1.99783105E7
25    20000122	1.9979310933333334E7
25    20000131	1.9980311266666666E7
25    20000402	1.9981320633333333E7
25    20000407	1.9982330133333333E7
25    20000424	1.99833401E7
25    20000425	1.9984347433333334E7
25    20000602	1.9985360633333333E7
25    20000603	1.9986373566666666E7
25    20000803	1.9987389766666666E7
25    20001104	1.9988415966666665E7
25    20001120	1.99894425E7
25    20001225	1.99904697E7
25    20010101	1.99917925E7
25    20010122	1.99931126E7
25    20010130	1.99944295E7
25    20020413	1.9996086066666666E7
25    20020929	1.9997752733333334E7
25    20030307	1.9999722866666667E7
25    20030406	2.0001396366666667E7
25    20030416	2.00027102E7
25    20030516	2.00040273E7
25    20040525	2.00056779E7
25    20040726	2.0007335133333333E7
25    20041010	2.0009001766666666E7
25    20041115	2.0010671866666667E7
25    20050110	2.00126354E7
25    20050128	2.0014599233333334E7
25    20050320	2.0016569466666665E7
25    20050323	2.00185398E7
25    20050423	2.0020512933333334E7
25    20050923	2.00222063E7
25    20060130	2.0024206266666666E7
25    20060518	2.0026210133333333E7
25    20070703	2.0028553333333332E7
25    20081128	2.0031243466666665E7
25    20090124	2.0034233433333334E7
25    20100807	2.00375736E7
25    20110127	2.00412244E7
25    20110307	2.0044874533333335E7
25    20110509	2.0048521366666667E7
25    20120319	2.0052494666666668E7
25    20120502	2.0056470566666666E7
25    20120521	2.0060151233333334E7
25    20121111	2.0063850866666667E7
25    20140501	2.0068196566666666E7
25    20150917	2.00725467E7
