2502    20040601	2.00108985E7
2502    20040808	2.0012558633333333E7
2502    20040921	2.0014222433333334E7
2502    20040929	2.0015886033333335E7
2502    20041010	2.00175458E7
2502    20041202	2.0019211566666666E7
2502    20050125	2.0020878233333334E7
2502    20050127	2.0022524766666666E7
2502    20050129	2.00241656E7
2502    20050211	4.00532475E7
2502    20050309	2.0029081933333334E7
2502    20050322	2.0030722E7
2502    20050401	2.0032362E7
2502    20050403	4.0069330233333334E7
2502    20050413	2.0036654733333334E7
2502    20050423	2.00379788E7
2502    20050426	2.0039299233333334E7
2502    20050518	2.0040616E7
2502    20050923	2.0041939566666666E7
2502    20051110	2.0042945766666666E7
2502    20060103	2.0044251566666666E7
2502    20060127	2.00455482E7
2502    20060203	2.00465411E7
2502    20060215	2.0047531033333335E7
2502    20060322	2.0048511333333332E7
2502    20060418	2.0049488566666666E7
2502    20060606	2.0050467766666666E7
2502    20060609	2.0051150933333334E7
2502    20060801	2.0051824266666666E7
2502    20060814	2.0052491133333333E7
2502    20060821	2.0053154466666665E7
2502    20061108	2.00538271E7
2502    20061112	2.0054497166666668E7
2502    20061229	2.0055164733333334E7
2502    20070301	2.0055837266666666E7
2502    20080424	2.0056847166666668E7
2502    20080711	2.0057866566666666E7
2502    20080714	2.0058883333333332E7
2502    20080810	2.00599033E7
2502    20081210	2.0060933333333332E7
2502    20090131	2.00622603E7
2502    20090414	2.0063594066666666E7
2502    20090609	2.0064934266666666E7
2502    20091014	2.0066287966666665E7
2502    20100403	2.00679543E7
2502    20100512	2.0069623933333334E7
2502    20100807	2.00713033E7
2502    20110127	2.0073290266666666E7
2502    20110429	2.00752738E7
2502    20110901	2.0077266833333332E7
2502    20111015	2.00789639E7
2502    20120719	2.0080983633333333E7
2502    20120731	2.0083001233333334E7
2502    20120924	2.0085024866666667E7
2502    20121029	2.0087048433333334E7
2502    20121123	2.0089071933333334E7
2502    20130218	2.0091392333333332E7
2502    20130414	2.0093719166666668E7
2502    20130620	2.0096046466666665E7
2502    20140826	2.0098713533333335E7
2502    20150203	2.0101692933333334E7
2502    20150224	2.0104663466666665E7
2502    20150713	2.0107650166666668E7
2502    20150814	2.0110636333333332E7
2502    20150926	2.0113323833333332E7
2502    20151121	2.01156804E7
2502    20151230	2.0118031033333335E7
2502    20160216	2.01206811E7
2502    20160309	2.0123331066666666E7
2502    20160410	2.0125971066666666E7
2502    20160626	2.01283209E7
2502    20160722	2.01306645E7
2502    20160730	2.0133001866666667E7
2502    20160801	2.01353281E7
2502    20160816	2.0137341866666667E7
