2529    20030820	2.0002483833333332E7
2529    20030828	2.00038275E7
2529    20031022	2.0005161466666665E7
2529    20040216	2.00068015E7
2529    20040526	2.00084516E7
2529    20040830	2.00101085E7
2529    20040903	2.0011764933333334E7
2529    20050210	2.00137315E7
2529    20050211	2.0015698033333335E7
2529    20050403	2.0017670933333334E7
2529    20050603	2.00196501E7
2529    20050829	2.0021636766666666E7
2529    20051023	2.0023330233333334E7
2529    20060130	2.0025327266666666E7
2529    20061111	2.00273475E7
2529    20061211	2.0029370866666667E7
2529    20080713	2.0032041233333334E7
2529    20080816	2.0034708333333332E7
2529    20110127	2.0038349133333333E7
2529    20110319	2.00419927E7
2529    20120609	2.0045976066666666E7
2529    20120622	2.0049959466666665E7
2529    20120731	2.0053946233333334E7
2529    20121123	2.0057942966666665E7
2529    20140723	2.0062297E7
2529    20150701	2.0066647E7
2529    20150715	2.0070983366666667E7
2529    20160507	2.0075636666666668E7
