253    19960826	1.9960601566666666E7
253    19960830	1.9960618233333334E7
253    19960905	1.99606346E7
253    19960909	1.99606511E7
253    19960910	1.99606644E7
253    19960919	1.9960677966666665E7
253    19960920	1.99606915E7
253    19960921	1.9960705033333335E7
253    19961007	1.99607213E7
253    19961012	1.9960737733333334E7
253    19961015	1.9960754166666668E7
253    19961016	1.9960770633333333E7
253    19961017	1.99607871E7
253    19961023	1.99608037E7
253    19961026	1.99608177E7
253    19961027	1.9960831533333335E7
253    19961103	1.9960847833333332E7
253    19961106	3.992174456666667E7
253    19961107	1.99608967E7
253    19961108	1.9960912933333334E7
253    19961115	1.9960929166666668E7
253    19961116	1.9960942833333332E7
253    19961120	1.9960956333333332E7
253    19961122	1.9960969866666667E7
253    19961216	3.992198886666667E7
253    19970121	1.9961315666666668E7
253    19970127	1.9961626066666666E7
253    19970205	1.9961939033333335E7
253    19970303	1.9962254933333334E7
253    19971114	1.9962597733333334E7
253    19981207	1.9963274466666665E7
253    19991019	1.9964278133333333E7
253    19991025	1.9965281966666665E7
253    19991210	1.9966291666666668E7
253    19991216	1.9967301533333335E7
253    19991229	1.99683118E7
253    20000117	1.9969615466666665E7
253    20000407	1.9970928633333333E7
253    20000509	1.99722451E7
253    20000703	1.9973568E7
253    20000731	1.99748918E7
253    20000803	1.99762178E7
253    20000903	1.9977547033333335E7
253    20000904	1.9978876266666666E7
253    20001108	1.9980209766666666E7
253    20001120	1.9981543566666666E7
253    20010122	1.9983177433333334E7
253    20010715	1.9984831033333335E7
253    20020416	1.9986807966666665E7
253    20030406	1.9989117666666668E7
253    20030524	1.9991431266666666E7
253    20040303	1.99940707E7
253    20040423	1.9996714066666666E7
253    20040808	1.9999367133333333E7
253    20040820	2.00020206E7
253    20040823	2.0004377333333332E7
253    20040830	2.00067341E7
253    20040903	2.00090907E7
253    20041010	2.00114476E7
253    20041115	2.0013780966666665E7
253    20050110	2.0016077733333334E7
253    20050128	2.0018048033333335E7
253    20050324	2.0020024666666668E7
253    20050412	2.0021998066666666E7
253    20050518	2.00239748E7
253    20050723	2.0025957933333334E7
253    20051023	2.00276548E7
253    20051110	2.00293449E7
253    20060202	2.0031334666666668E7
253    20060322	2.0033321966666665E7
253    20060418	2.0035311533333335E7
253    20060526	2.00373023E7
253    20061111	2.0039309233333334E7
253    20061204	2.0041319233333334E7
253    20061229	2.0043323266666666E7
253    20070303	2.0045629366666667E7
253    20070703	2.0047648733333334E7
253    20080205	2.0049965066666666E7
253    20080810	2.00519782E7
253    20090208	2.00539716E7
253    20090414	2.0055967933333334E7
253    20091014	2.00576583E7
253    20100516	2.00596614E7
253    20100610	2.00616548E7
253    20110307	2.0063971033333335E7
253    20110901	2.0066306966666665E7
253    20120502	2.00689627E7
253    20120626	2.0071620133333333E7
253    20130218	2.0074593733333334E7
253    20150609	2.0078243533333335E7
253    20150714	2.0081597E7
253    20160507	2.00852763E7
253    20160801	2.0088958866666667E7
253    20160816	2.0092639E7
