2539    20040601	2.0002769633333333E7
2539    20040808	2.0004432266666666E7
2539    20050304	2.0006411433333334E7
2539    20050305	2.0008388166666668E7
2539    20050426	2.0010368866666667E7
2539    20050608	2.0012355566666666E7
2539    20050919	2.0014352466666665E7
2539    20050923	2.0016346033333335E7
2539    20060118	2.0018642966666665E7
2539    20060418	2.00209498E7
2539    20060609	2.0023263E7
2539    20080711	2.00259492E7
2539    20080816	2.00286387E7
2539    20090125	2.00316326E7
2539    20100625	2.00349732E7
2539    20110127	2.00386273E7
2539    20110308	2.0042284166666668E7
2539    20120520	2.0046277133333333E7
2539    20121123	2.00502809E7
2539    20130419	2.00545914E7
2539    20160507	2.0059904333333332E7
2539    20160613	2.0065220766666666E7
