2541    20050327	2.00107478E7
2541    20050516	2.00127315E7
2541    20060130	2.00150356E7
2541    20060305	2.0017344966666665E7
2541    20060720	2.0019665133333333E7
2541    20061116	2.0021995333333332E7
2541    20061226	2.0024329166666668E7
2541    20080816	2.00273158E7
2541    20081130	2.00303125E7
2541    20081212	2.0033012433333334E7
2541    20090124	2.00360061E7
2541    20091020	2.0039023133333333E7
2541    20100420	2.00423435E7
2541    20110103	2.0045983466666665E7
2541    20110127	2.0049617E7
2541    20120118	2.0053580633333333E7
2541    20120122	2.0057247566666666E7
2541    20130419	2.0061257466666665E7
2541    20150614	2.0065923933333334E7
2541    20150714	2.0070573866666667E7
2541    20160507	2.0075243633333333E7
2541    20160816	2.0079906733333334E7
