2542    20060517	2.0032271033333335E7
2542    20060609	2.0034591233333334E7
2542    20060717	2.0036915033333335E7
2542    20060830	2.0039242566666666E7
2542    20061108	2.0041575666666668E7
2542    20061211	2.0043605766666666E7
2542    20070204	2.00459125E7
2542    20080126	2.0048242533333335E7
2542    20081028	2.0050582966666665E7
2542    20081128	2.0052913366666667E7
2542    20090124	2.00552369E7
2542    20091014	2.0057590066666666E7
2542    20091023	2.0059610533333335E7
2542    20100430	2.00619411E7
2542    20100510	2.0064250433333334E7
2542    20100516	2.0066257066666666E7
2542    20100829	2.00682646E7
2542    20110307	2.0070583966666665E7
2542    20110703	2.00729133E7
2542    20110901	2.0074939266666666E7
2542    20111124	2.0076965966666665E7
2542    20120719	2.00793095E7
2542    20120731	2.00816302E7
2542    20120818	2.0083950666666668E7
2542    20121104	2.00859836E7
2542    20121123	2.0088016766666666E7
2542    20130926	2.0090376633333333E7
2542    20140712	2.0093060266666666E7
2542    20140910	2.00957471E7
2542    20150224	2.0098740866666667E7
2542    20150609	2.0101743933333334E7
2542    20150715	2.0104747466666665E7
2542    20150719	2.0107747533333335E7
2542    20150917	2.0110750433333334E7
2542    20150926	2.0113744366666667E7
2542    20151103	2.0116740766666666E7
2542    20160410	2.0119747633333333E7
2542    20160508	2.0122427033333335E7
2542    20160516	2.0125076633333333E7
2542    20160524	2.0127723166666668E7
2542    20160626	2.0130073233333334E7
2542    20160729	2.0132397066666666E7
2542    20160801	2.0134723E7
2542    20160816	2.0136735866666667E7
2542    20161005	2.0138752366666667E7
