2571    20000504	1.9994743066666666E7
2571    20000527	1.9995073E7
2571    20000602	1.99954022E7
2571    20000703	1.9995728E7
2571    20000731	3.999242893333333E7
2571    20000803	1.9996703266666666E7
2571    20000826	1.9997030666666668E7
2571    20000904	1.9997360566666666E7
2571    20001002	1.99976932E7
2571    20001104	1.99980263E7
2571    20001108	1.99983594E7
2571    20001118	1.99986928E7
2571    20001120	1.9999026033333335E7
2571    20001128	1.9999356633333333E7
2571    20001209	1.9999689833333332E7
2571    20001221	2.00000231E7
2571    20010130	2.0000653166666668E7
2571    20010620	2.0001299533333335E7
2571    20010708	2.00016529E7
2571    20010717	2.00020058E7
2571    20010815	2.0002361933333334E7
2571    20011019	2.0002722266666666E7
2571    20011110	2.00030853E7
2571    20011128	2.00034458E7
2571    20011216	2.0003809133333333E7
2571    20020104	2.0004468666666668E7
2571    20020117	2.0005128366666667E7
2571    20020624	2.0005802466666665E7
2571    20020908	2.0006485233333334E7
2571    20030207	2.0007475333333332E7
2571    20030303	2.0008467866666667E7
2571    20030409	2.0009461433333334E7
2571    20030513	2.00104551E7
2571    20030517	2.0011447966666665E7
2571    20030610	4.002588143333333E7
2571    20030730	2.00144343E7
2571    20030929	2.0015435133333333E7
2571    20031022	2.00164358E7
2571    20031230	2.001744E7
2571    20040209	2.0018743366666667E7
2571    20040216	2.0020046633333333E7
2571    20040526	2.0021360166666668E7
2571    20040808	2.0022682833333332E7
2571    20040823	2.00240033E7
2571    20040830	2.00253236E7
2571    20040903	2.0026349366666667E7
2571    20040921	2.00273594E7
2571    20040929	2.0028366766666666E7
2571    20041010	2.0029376533333335E7
2571    20041110	2.0030386366666667E7
2571    20050110	2.00316894E7
2571    20050128	2.003299E7
2571    20050207	2.0034292633333333E7
2571    20050224	2.00355929E7
2571    20050304	2.0036599566666666E7
2571    20050317	2.0037606233333334E7
2571    20050321	2.0038596133333333E7
2571    20050322	6.01207381E7
2571    20050403	2.0041580866666667E7
2571    20050412	2.0042244166666668E7
2571    20050416	2.0042907466666665E7
2571    20050419	2.0043567766666666E7
2571    20050518	2.0044231366666667E7
2571    20050529	2.0044891333333332E7
2571    20050723	2.0045551133333333E7
2571    20050923	2.00462145E7
2571    20051006	2.00468737E7
2571    20051023	2.0047234166666668E7
2571    20051110	2.00475973E7
2571    20051116	2.00479503E7
2571    20060127	2.0048594266666666E7
2571    20060128	2.0049237766666666E7
2571    20060130	2.00498811E7
2571    20060203	2.0050524433333334E7
2571    20060215	2.0051167566666666E7
2571    20060220	2.00518106E7
2571    20060305	2.0052453766666666E7
2571    20060310	2.0053093766666666E7
2571    20060418	2.0053437366666667E7
2571    20060517	2.0053783666666668E7
2571    20060609	2.00541304E7
2571    20060719	2.0054480233333334E7
2571    20060801	2.0054830133333333E7
2571    20060821	2.0055180266666666E7
2571    20061105	2.0055539733333334E7
2571    20061109	2.00558993E7
2571    20061113	2.0056259E7
2571    20061203	2.00566217E7
2571    20061208	2.0056981866666667E7
2571    20061229	4.01150453E7
2571    20070228	2.0058363166666668E7
2571    20070627	2.0059033466666665E7
2571    20070703	2.0059705933333334E7
2571    20080126	2.0060686033333335E7
2571    20080205	2.00616621E7
2571    20080410	2.0062642233333334E7
2571    20080415	2.0063621966666665E7
2571    20080618	2.0064605566666666E7
2571    20080623	2.0065589133333333E7
2571    20080714	2.0066275366666667E7
2571    20080805	2.00669646E7
2571    20080810	2.0067653933333334E7
2571    20080812	2.00683409E7
2571    20080904	2.0069030533333335E7
2571    20081028	2.0069724133333333E7
2571    20081128	2.0070418233333334E7
2571    20081130	2.0071112233333334E7
2571    20081210	2.00718053E7
2571    20090124	2.00727922E7
2571    20090209	2.0073778866666667E7
2571    20090402	2.00747683E7
2571    20090405	2.00757551E7
2571    20090413	2.00767415E7
2571    20090414	2.0077718466666665E7
2571    20090420	2.00786955E7
2571    20090422	2.0079672466666665E7
2571    20091107	2.0080669266666666E7
2571    20100126	2.0081966533333335E7
2571    20100327	2.00832698E7
2571    20100420	2.0084576166666668E7
2571    20100430	2.00855829E7
2571    20100512	2.0086579066666666E7
2571    20100516	2.0087572833333332E7
2571    20100807	2.00882622E7
2571    20100822	2.0088949433333334E7
2571    20100923	2.00896332E7
2571    20101207	2.0090326266666666E7
2571    20101215	2.0091012833333332E7
2571    20110119	2.0091996033333335E7
2571    20110122	2.00929763E7
2571    20110127	2.00939537E7
2571    20110222	2.00949341E7
2571    20110307	2.0095917266666666E7
2571    20110319	2.0096897766666666E7
2571    20110630	2.00978845E7
2571    20110711	2.00988706E7
2571    20110821	2.00998603E7
2571    20110901	2.010085E7
2571    20111015	2.0101546366666667E7
2571    20111124	2.0102243533333335E7
2571    20120102	2.0103233533333335E7
2571    20120310	2.0104230366666667E7
2571    20120502	2.0105233333333332E7
2571    20120520	2.0106236866666667E7
2571    20120622	2.01072436E7
2571    20120626	2.01082504E7
2571    20120719	2.0109237466666665E7
2571    20120731	2.01099243E7
2571    20121111	2.01106171E7
2571    20121113	2.0111306866666667E7
2571    20121123	2.0111996633333333E7
2571    20121205	2.01126864E7
2571    20130218	2.0113676466666665E7
2571    20130601	2.01146696E7
2571    20130620	2.0115662866666667E7
2571    20130629	2.0116653066666666E7
2571    20130902	2.01176429E7
2571    20130907	2.0118632633333333E7
2571    20130927	2.0119326233333334E7
2571    20131212	2.0120029233333334E7
2571    20140126	2.01210292E7
2571    20140202	2.0122028533333335E7
2571    20140823	2.0123045733333334E7
2571    20140825	2.01240626E7
2571    20140910	2.0125071933333334E7
2571    20141115	2.01260854E7
2571    20141206	2.0127098233333334E7
2571    20150203	2.01284083E7
2571    20150217	2.0129715033333335E7
2571    20150219	2.01310182E7
2571    20150224	2.0132022266666666E7
2571    20150306	2.0133022133333333E7
2571    20150330	2.01340164E7
2571    20150422	2.0135013133333333E7
2571    20150522	2.01360098E7
2571    20150523	2.0137006366666667E7
2571    20150611	2.0138002766666666E7
2571    20150701	2.0139001766666666E7
2571    20150709	2.0139988366666667E7
2571    20150711	2.0140974966666665E7
2571    20150714	2.0141961333333332E7
2571    20150715	2.0142945E7
2571    20150719	2.0143628366666667E7
2571    20150720	2.0144299E7
2571    20150726	2.01449692E7
2571    20150731	2.0145639266666666E7
2571    20150823	2.01463033E7
2571    20150902	2.01469698E7
2571    20150921	2.0147636266666666E7
2571    20150927	2.0148293433333334E7
2571    20151002	2.0148655966666665E7
2571    20151013	2.0149016333333332E7
2571    20151103	4.02990606E7
2571    20151104	4.0300415766666666E7
2571    20151107	2.01507044E7
2571    20151108	2.0150734566666666E7
2571    20151121	2.01507647E7
2571    20151129	2.0150795033333335E7
2571    20151205	4.030168543333333E7
2571    20151230	2.01508877E7
2571    20160115	2.01512108E7
2571    20160216	2.0151533933333334E7
2571    20160410	2.01518635E7
2571    20160416	2.0152190333333332E7
2571    20160427	2.0152514533333335E7
2571    20160507	2.0152841133333333E7
2571    20160508	2.01531677E7
2571    20160511	2.0153494266666666E7
2571    20160516	2.0153820966666665E7
2571    20160522	2.0154147733333334E7
2571    20160524	2.0154474533333335E7
2571    20160608	2.0154803933333334E7
2571    20160626	2.0155133766666666E7
2571    20160721	2.01554637E7
2571    20160723	2.0155791066666666E7
2571    20160728	2.0156117966666665E7
2571    20160801	2.01564471E7
2571    20160816	2.0156774233333334E7
2571    20160818	2.0157101066666666E7
2571    20160907	2.0157427866666667E7
2571    20161006	2.0157757966666665E7
2571    20161014	2.01580883E7
