2572    20061226	2.0023705233333334E7
2572    20080719	2.00266951E7
2572    20080810	2.0029684933333334E7
2572    20081030	2.0032679233333334E7
2572    20081210	2.0035679233333334E7
2572    20090209	2.0038979E7
2572    20090313	2.0041985333333332E7
2572    20090315	2.00449585E7
2572    20091116	2.0047659E7
2572    20100327	2.0050665833333332E7
2572    20101001	2.0053679E7
2572    20110127	2.0056995966666665E7
2572    20110608	2.00603289E7
2572    20110901	2.0063651733333334E7
2572    20120210	2.0066978266666666E7
2572    20120310	2.00703019E7
2572    20120413	2.0073618033333335E7
2572    20120804	2.00766346E7
2572    20130218	2.0079961666666668E7
2572    20130620	2.0083298466666665E7
2572    20150714	2.00872914E7
2572    20150723	2.0090974966666665E7
2572    20150815	2.0094635133333333E7
2572    20160330	4.02008852E7
2572    20160507	2.0105942433333334E7
2572    20160524	2.0109602466666665E7
2572    20160928	2.0113262866666667E7
