2580    20031230	2.00005602E7
2580    20040603	2.0002222766666666E7
2580    20040728	2.0003880266666666E7
2580    20041027	2.00055477E7
2580    20050128	2.0007518466666665E7
2580    20050322	2.0009495633333333E7
2580    20050323	2.0011472833333332E7
2580    20050423	2.0013453366666667E7
2580    20050618	2.0015440233333334E7
2580    20060216	2.0017746633333333E7
2580    20060305	2.00200531E7
2580    20060526	2.0022366533333335E7
2580    20060814	2.0024686633333333E7
2580    20081130	2.0027683733333334E7
2580    20090107	2.0030979666666668E7
2580    20110127	2.0034647E7
2580    20110130	2.0038313633333333E7
2580    20120118	2.00422975E7
2580    20130218	2.0046611266666666E7
2580    20131201	2.00509545E7
2580    20160518	2.0056271166666668E7
