2599    20001120	1.99958492E7
2599    20001201	1.9996189133333333E7
2599    20001208	1.99965293E7
2599    20001209	1.9996869366666667E7
2599    20001214	1.99972096E7
2599    20010122	1.99978467E7
2599    20010606	1.9998499833333332E7
2599    20010815	1.9999159633333333E7
2599    20011019	1.9999826133333333E7
2599    20011116	2.0000492966666665E7
2599    20011216	2.00011627E7
2599    20020310	2.0002135433333334E7
2599    20020414	2.0003108866666667E7
2599    20020924	2.0004099233333334E7
2599    20021228	2.0005099466666665E7
2599    20030409	2.0006405466666665E7
2599    20030517	2.0007418333333332E7
2599    20030729	2.0008438266666666E7
2599    20031114	2.00094685E7
2599    20031230	2.0010502366666667E7
2599    20040503	2.0011842E7
2599    20040702	2.00131846E7
2599    20040726	2.0014527966666665E7
2599    20041021	2.0015875266666666E7
2599    20041027	2.00172194E7
2599    20050211	2.0018868733333334E7
2599    20050309	2.0020518866666667E7
2599    20050323	2.0022159366666667E7
2599    20060103	2.0024125533333335E7
2599    20060215	2.0026095366666667E7
2599    20060518	2.00280753E7
2599    20060527	2.0030052833333332E7
2599    20060606	2.0032032766666666E7
2599    20060821	2.0034019833333332E7
2599    20061112	2.0036016433333334E7
2599    20061116	2.0037716233333334E7
2599    20061211	2.0039403066666666E7
2599    20061229	2.0041083533333335E7
2599    20080816	2.00434101E7
2599    20081130	2.00457439E7
2599    20081210	2.0048077033333335E7
2599    20090414	2.0050413833333332E7
2599    20110509	2.0053417E7
2599    20110901	2.0056416233333334E7
2599    20121014	2.0059742433333334E7
2599    20130218	2.00630694E7
2599    20150416	2.0067066033333335E7
2599    20160330	2.0071386066666666E7
2599    20160626	2.0075703133333333E7
2599    20160816	2.0080022666666668E7
