260    19970413	1.9966819266666666E7
260    19970417	1.99671555E7
260    19970426	1.9967489233333334E7
260    19970506	1.9967825466666665E7
260    19970519	1.9968148933333334E7
260    19970621	1.9968472633333333E7
260    19970623	3.9937903333333336E7
260    19970708	1.9969430066666666E7
260    19970716	1.99697498E7
260    19970927	1.99700735E7
260    19970928	1.99703968E7
260    19971114	1.99704303E7
260    19971120	1.99704636E7
260    19971203	1.9970499666666668E7
260    19980101	1.9970832E7
260    19980201	1.99711652E7
260    19980402	1.9971505066666666E7
260    19980617	1.9971851833333332E7
260    19980911	1.9972208366666667E7
260    19981007	1.99725679E7
260    19981207	1.9972934033333335E7
260    19990726	1.99736148E7
260    19991003	1.99743048E7
260    19991004	1.9974994366666667E7
260    19991006	1.9975683966666665E7
260    19991014	1.9976373633333333E7
260    19991023	1.9977063433333334E7
260    19991111	1.9977753533333335E7
260    19991115	1.9978443733333334E7
260    19991123	1.9979134066666666E7
260    19991211	1.99798272E7
260    19991212	1.9980520066666666E7
260    19991213	3.99631104E7
260    19991216	1.99825866E7
260    19991228	1.9983273433333334E7
260    19991230	1.9983960333333332E7
260    20000107	1.99849403E7
260    20000117	1.9985920333333332E7
260    20000118	1.9986893366666667E7
260    20000205	1.9987869266666666E7
260    20000207	1.9988839033333335E7
260    20000219	1.9989809E7
260    20000313	1.9990779333333332E7
260    20000314	1.99914531E7
260    20000318	1.9992123666666668E7
260    20000406	1.9992790466666665E7
260    20000409	1.99934502E7
260    20000424	1.9994100633333333E7
260    20000425	1.99947479E7
260    20000505	1.9995391166666668E7
260    20000602	3.99917607E7
260    20000702	1.99963636E7
260    20000731	1.9996687766666666E7
260    20000802	1.9997014033333335E7
260    20000803	1.9997340033333335E7
260    20001108	1.9997673266666666E7
260    20001117	1.9998006666666668E7
260    20001118	1.9998339833333332E7
260    20001120	3.999767053333333E7
260    20001127	1.9999330866666667E7
260    20001128	3.999965313333333E7
260    20001206	2.0000324366666667E7
260    20001209	2.0000657E7
260    20001221	2.0000694133333333E7
260    20001229	2.00007312E7
260    20010107	2.0001064166666668E7
260    20010112	2.00013944E7
260    20010225	2.0001728333333332E7
260    20010314	2.0002064833333332E7
260    20010407	2.00024013E7
260    20010620	2.0002744833333332E7
260    20010717	2.0003091466666665E7
260    20010722	2.0003435333333332E7
260    20010813	2.0003782133333333E7
260    20010815	2.00041285E7
260    20011016	2.0004481533333335E7
260    20011019	2.0004832E7
260    20011110	2.0005182266666666E7
260    20011128	2.0005533133333333E7
260    20011216	2.00058836E7
260    20020310	2.0006536233333334E7
260    20020405	2.0007189666666668E7
260    20020414	2.0007843366666667E7
260    20020418	2.0008487033333335E7
260    20020624	2.0009137266666666E7
260    20021228	2.00098076E7
260    20030207	2.0010777166666668E7
260    20030302	2.00117499E7
260    20030306	2.0012722533333335E7
260    20030409	2.0013698566666666E7
260    20030513	2.0014678066666666E7
260    20030926	2.0015668733333334E7
260    20030929	2.00166594E7
260    20031230	2.00176597E7
260    20040301	2.00189621E7
260    20040306	2.0019968733333334E7
260    20040808	2.0020991933333334E7
260    20040830	2.00220121E7
260    20040903	2.0023031733333334E7
260    20040921	2.0024048866666667E7
260    20040929	2.0025059166666668E7
260    20041010	2.0026068933333334E7
260    20041012	2.00270786E7
260    20041013	2.0028085266666666E7
260    20041110	2.00290951E7
260    20041122	2.0030098633333333E7
260    20041128	2.0031102266666666E7
260    20041202	2.0032105333333332E7
260    20050128	2.0033405333333332E7
260    20050207	2.0034705033333335E7
260    20050210	2.00357017E7
260    20050211	2.0036695233333334E7
260    20050304	2.0037691566666666E7
260    20050310	2.0038687966666665E7
260    20050321	2.0039677866666667E7
260    20050322	4.0081965833333336E7
260    20050401	2.0041988133333333E7
260    20050404	2.0042658066666666E7
260    20050412	2.0043324833333332E7
260    20050416	2.0043988266666666E7
260    20050419	2.0044638033333335E7
260    20050426	2.0045287933333334E7
260    20050923	2.0045944366666667E7
260    20051006	2.00463012E7
260    20051023	2.0046658433333334E7
260    20051110	2.0047001833333332E7
260    20060116	2.00476447E7
260    20060130	2.00482856E7
260    20060203	2.0048928333333332E7
260    20060215	2.00495712E7
260    20060220	2.0050211533333335E7
260    20060305	2.0050854633333333E7
260    20060310	2.0051497866666667E7
260    20060322	2.0052138266666666E7
260    20060418	2.0052781466666665E7
260    20060518	2.00534278E7
260    20060526	2.0054071933333334E7
260    20060623	2.0054421766666666E7
260    20060719	2.0054772166666668E7
260    20060801	2.00551252E7
260    20061004	2.0055484966666665E7
260    20061108	2.00558451E7
260    20061109	2.0056205066666666E7
260    20061113	2.00565648E7
260    20061229	2.0056928366666667E7
260    20070228	2.00575919E7
260    20070407	2.0058258766666666E7
260    20070518	2.0058929233333334E7
260    20070627	2.0059603066666666E7
260    20070703	2.00602793E7
260    20080126	2.0061269533333335E7
260    20080205	2.0062262166666668E7
260    20080410	2.0063245066666666E7
260    20080415	2.0064225366666667E7
260    20080618	2.0065211866666667E7
260    20080623	2.0066195633333333E7
260    20080711	2.0066882133333333E7
260    20080810	2.0067571466666665E7
260    20080823	2.00682588E7
260    20080904	2.0068948433333334E7
260    20081014	2.0069641566666666E7
260    20081030	2.00703324E7
260    20081128	2.0071026333333332E7
260    20081210	2.00717226E7
260    20090125	2.0072712833333332E7
260    20090413	2.0073709333333332E7
260    20090414	2.00747056E7
260    20090420	2.0075698833333332E7
260    20090609	2.0076695166666668E7
260    20091014	2.0077702266666666E7
260    20091020	2.00787028E7
260    20091107	2.0079702766666666E7
260    20100512	2.00810162E7
260    20100516	2.0082329633333333E7
260    20100807	2.00836489E7
260    20101205	2.0084681466666665E7
260    20101207	2.0085708133333333E7
260    20101215	2.0086731366666667E7
260    20110127	2.0088048033333335E7
260    20110222	2.0089365333333332E7
260    20110307	2.0090371366666667E7
260    20110429	2.0091378833333332E7
260    20110509	2.0092382133333333E7
260    20110901	2.0093398333333332E7
260    20111015	2.0094411566666666E7
260    20120221	2.00957315E7
260    20120502	2.0097057866666667E7
260    20120622	2.0098384933333334E7
260    20120626	2.00997117E7
260    20120719	2.0101038866666667E7
260    20120731	2.0102362766666666E7
260    20121111	2.01036988E7
260    20130205	2.01053347E7
260    20130218	2.01069683E7
260    20130601	2.01083175E7
260    20130620	2.0109657733333334E7
260    20130629	2.0110998233333334E7
260    20140126	2.01126551E7
260    20140721	2.01143255E7
260    20141206	2.0115998566666666E7
260    20150105	2.0117968066666666E7
260    20150203	2.0119937933333334E7
260    20150217	2.0121594766666666E7
260    20150330	2.0123255233333334E7
260    20150424	2.0124909133333333E7
260    20150522	2.0126553033333335E7
260    20150523	2.01281969E7
260    20150611	2.0129843433333334E7
260    20150701	2.01311959E7
260    20150711	2.0132545533333335E7
260    20150713	2.01338924E7
260    20150714	2.0135235233333334E7
260    20150715	2.0136575433333334E7
260    20150719	2.01379027E7
260    20150720	2.01392262E7
260    20150823	2.0140246266666666E7
260    20150913	2.0141259966666665E7
260    20150927	2.0142270133333333E7
260    20151013	2.0143283033333335E7
260    20151020	2.0144293066666666E7
260    20151103	4.0291610666666664E7
260    20151104	4.029469986666667E7
260    20151107	2.0148381566666666E7
260    20151108	2.01490645E7
260    20151110	2.01497472E7
260    20151121	2.01501137E7
260    20151129	2.0150460633333333E7
260    20151205	2.0150793933333334E7
260    20151212	2.0150830833333332E7
260    20151226	2.0150864933333334E7
260    20151230	2.01508987E7
260    20160123	2.0151225133333333E7
260    20160215	2.01515515E7
260    20160309	2.0151877733333334E7
260    20160416	2.01522075E7
260    20160427	2.01525347E7
260    20160507	2.0152861566666666E7
260    20160511	2.0153188233333334E7
260    20160516	2.0153515E7
260    20160519	2.0153841833333332E7
260    20160524	2.01541688E7
260    20160608	2.0154498433333334E7
260    20160626	4.030998403333333E7
260    20160719	2.0155482266666666E7
260    20160721	2.0155808733333334E7
260    20160723	2.01561324E7
260    20160801	2.0156458433333334E7
260    20160804	2.01567818E7
260    20160816	2.0157105566666666E7
260    20160818	2.0157429366666667E7
260    20160907	2.0157756133333333E7
260    20161006	2.01580861E7
260    20161014	2.01584163E7
