261    20000509	1.9968017566666666E7
261    20000524	1.9969354566666666E7
261    20000602	1.9970690666666668E7
261    20001121	1.9972043966666665E7
261    20001209	1.9973400166666668E7
261    20010122	1.99750507E7
261    20020109	1.9977034E7
261    20020201	1.99790202E7
261    20020316	1.99810101E7
261    20020601	1.9983009433333334E7
261    20030513	1.99853364E7
261    20040721	1.9988003566666666E7
261    20040903	1.9990676466666665E7
261    20041031	1.99933536E7
261    20050404	1.9996336733333334E7
261    20050410	1.99993196E7
261    20060224	2.0002626966666665E7
261    20081208	2.0006633266666666E7
261    20090126	2.00109368E7
261    20090414	2.0015247166666668E7
261    20120622	2.0020564366666667E7
261    20130620	2.00262145E7
