2617    20040114	2.0009028333333332E7
2617    20040214	2.00106687E7
2617    20040216	4.002625813333333E7
2617    20040526	2.0015593E7
2617    20040531	2.0017236833333332E7
2617    20040820	2.0018890066666666E7
2617    20040903	2.0020249166666668E7
2617    20040921	2.00216027E7
2617    20040929	2.00229564E7
2617    20050110	2.00246132E7
2617    20050125	2.00262699E7
2617    20050322	8.01215338E7
2617    20050419	2.0034171433333334E7
2617    20050603	2.00355043E7
2617    20050608	2.0036837233333334E7
2617    20051111	2.0038184E7
2617    20051116	2.0039530633333333E7
2617    20060103	2.00408607E7
2617    20060411	2.0042200933333334E7
2617    20060418	2.0043534333333332E7
2617    20061211	2.0044877233333334E7
2617    20061221	2.0046210266666666E7
2617    20061229	2.00472377E7
2617    20070228	2.0048564333333332E7
2617    20080205	2.00502205E7
2617    20080711	2.0051883566666666E7
2617    20080816	2.00532403E7
2617    20090414	2.0054913633333333E7
2617    20090604	2.0056593233333334E7
2617    20100430	2.0058600366666667E7
2617    20110127	2.00609204E7
2617    20110326	2.00632469E7
2617    20110901	2.0065582933333334E7
2617    20111124	2.0067923633333333E7
2617    20120122	2.0070563666666668E7
2617    20120629	2.0073220333333332E7
2617    20130218	2.00758906E7
2617    20140303	2.0078896533333335E7
2617    20150610	2.0082239466666665E7
2617    20151111	2.00855991E7
2617    20160330	2.0089266033333335E7
2617    20160507	2.0092938866666667E7
2617    20160531	2.0096609266666666E7
2617    20160626	2.01002767E7
2617    20160801	2.01039498E7
2617    20161006	2.0107612966666665E7
