2628    20000703	1.9996058633333333E7
2628    20000731	1.9996392133333333E7
2628    20000803	1.9996721266666666E7
2628    20001120	1.9997058566666666E7
2628    20001128	3.99951297E7
2628    20001207	1.9998073733333334E7
2628    20001214	1.9998414066666666E7
2628    20001221	1.9998754533333335E7
2628    20010107	1.99993876E7
2628    20010110	2.00000205E7
2628    20010113	2.0000650566666666E7
2628    20010402	2.0001290266666666E7
2628    20010609	2.00019367E7
2628    20010708	2.0002586033333335E7
2628    20010713	2.00029363E7
2628    20010717	2.00032866E7
2628    20011015	2.0003646466666665E7
2628    20011019	2.00040035E7
2628    20011217	2.0004366966666665E7
2628    20020104	2.0005026633333333E7
2628    20020316	2.00056903E7
2628    20020624	2.0006363833333332E7
2628    20020717	2.0007040233333334E7
2628    20020825	2.00077176E7
2628    20021227	2.00084077E7
2628    20030207	2.0009397033333335E7
2628    20030224	2.0010384433333334E7
2628    20030406	2.00113779E7
2628    20030415	2.0012368333333332E7
2628    20030513	2.0013362E7
2628    20030730	2.0014361966666665E7
2628    20030820	2.0015362533333335E7
2628    20030827	2.0016352766666666E7
2628    20040216	2.00176557E7
2628    20040312	2.0018961833333332E7
2628    20040808	2.0020281866666667E7
2628    20040820	2.0021602066666666E7
2628    20040903	2.00229248E7
2628    20040929	2.00239522E7
2628    20041010	2.00249822E7
2628    20041110	2.0026015433333334E7
2628    20050128	2.0027339633333333E7
2628    20050207	2.0028659566666666E7
2628    20050210	2.00299763E7
2628    20050211	2.00312929E7
2628    20050304	2.0032612466666665E7
2628    20050321	2.0033922666666668E7
2628    20050322	6.010931256666667E7
2628    20050404	2.0038546466666665E7
2628    20050516	2.0039542866666667E7
2628    20050608	2.0040539233333334E7
2628    20050622	2.0041532466666665E7
2628    20050723	2.0042515666666668E7
2628    20050815	2.00432026E7
2628    20051023	2.00438959E7
2628    20060130	2.00448867E7
2628    20060203	2.0045879633333333E7
2628    20060418	2.0046876466666665E7
2628    20060518	2.00478694E7
2628    20060526	2.00488596E7
2628    20060719	2.0049856E7
2628    20061022	2.0050549533333335E7
2628    20061108	2.0051242733333334E7
2628    20061211	2.0051922833333332E7
2628    20061229	2.0052603133333333E7
2628    20070228	2.0053580633333333E7
2628    20070302	2.0054559733333334E7
2628    20070627	2.0055546966666665E7
2628    20080205	2.0056850133333333E7
2628    20080412	2.00578596E7
2628    20080618	2.00588733E7
2628    20080701	2.0059889666666668E7
2628    20080810	2.0060909633333333E7
2628    20081030	2.0061933833333332E7
2628    20081129	2.0062960766666666E7
2628    20090124	2.00642875E7
2628    20090201	2.00656168E7
2628    20090413	2.0066953166666668E7
2628    20090414	2.0068286833333332E7
2628    20090609	2.0069623266666666E7
2628    20091015	2.0070970166666668E7
2628    20091020	2.0072316766666666E7
2628    20091107	2.00736629E7
2628    20100516	2.00753196E7
2628    20100807	2.0076979066666666E7
2628    20101207	2.00783483E7
2628    20110127	2.0080012433333334E7
2628    20110222	2.0081672566666666E7
2628    20110429	2.0083336266666666E7
2628    20110901	2.0085015433333334E7
2628    20111211	2.00866985E7
2628    20120502	2.0088681166666668E7
2628    20120628	2.0090665166666668E7
2628    20121111	2.0092661833333332E7
2628    20130218	2.0094961466666665E7
2628    20130404	2.0096967333333332E7
2628    20130620	2.0098977933333334E7
2628    20140303	2.0101300466666665E7
2628    20140721	2.0103317666666668E7
2628    20150715	2.01056611E7
2628    20151111	2.0108010866666667E7
2628    20160427	2.01106684E7
2628    20160507	2.0113324966666665E7
2628    20160524	2.0115974766666666E7
2628    20160608	2.0118624066666666E7
2628    20160721	2.01209773E7
