2640    20020624	2.0002332533333335E7
2640    20020908	2.0003338566666666E7
2640    20021228	2.00043457E7
2640    20030409	2.0005655633333333E7
2640    20030527	2.0006969366666667E7
2640    20031230	2.0008303333333332E7
2640    20040218	2.0009936733333334E7
2640    20040306	2.0011572633333333E7
2640    20040526	2.0012920066666666E7
2640    20040726	2.00142737E7
2640    20040830	2.0015627866666667E7
2640    20040929	2.0016984866666667E7
2640    20050322	4.003897056666667E7
2640    20050403	2.0021988233333334E7
2640    20050516	2.0023661233333334E7
2640    20050608	2.0025334633333333E7
2640    20050831	2.0027004633333333E7
2640    20050904	2.0028674666666668E7
2640    20060103	2.0030640766666666E7
2640    20060203	2.0032609933333334E7
2640    20060411	2.0034586033333335E7
2640    20060418	2.0036559266666666E7
2640    20060518	2.0038239633333333E7
2640    20060526	2.0039903633333333E7
2640    20060717	2.0041573633333333E7
2640    20060718	2.0043237066666666E7
2640    20060802	2.0044590433333334E7
2640    20061110	2.0045946833333332E7
2640    20061226	2.0047303966666665E7
2640    20070303	2.0048959933333334E7
2640    20070627	2.0050617233333334E7
2640    20080126	2.00525805E7
2640    20080205	2.0054240366666667E7
2640    20080711	2.0055913166666668E7
2640    20080810	2.0057565833333332E7
2640    20081030	2.0058926233333334E7
2640    20090414	2.00605965E7
2640    20110307	2.0062922533333335E7
2640    20110901	2.00652617E7
2640    20120622	2.0067921433333334E7
2640    20130218	2.0070897733333334E7
2640    20130925	2.00735845E7
2640    20141206	2.0076613966666665E7
2640    20151112	2.0079970933333334E7
2640    20160816	2.00836476E7
