265    19990726	1.9965379933333334E7
265    19990928	1.9966399866666667E7
265    19991003	1.99674223E7
265    19991007	1.9968438566666666E7
265    19991011	1.9969454866666667E7
265    19991012	3.99419587E7
265    19991216	1.9972510533333335E7
265    20000103	1.9973826966666665E7
265    20000107	1.9975143233333334E7
265    20000122	1.9976459933333334E7
265    20000406	1.9977786E7
265    20000427	1.9979110033333335E7
265    20000510	1.99804303E7
265    20000524	1.9981750766666666E7
265    20000602	3.99674603E7
265    20000703	1.9985712533333335E7
265    20000731	1.9987033466666665E7
265    20001120	1.9988367266666666E7
265    20001121	1.9989700766666666E7
265    20010101	1.99913334E7
265    20010317	1.9992673266666666E7
265    20030324	1.99946797E7
265    20030714	1.99966934E7
265    20031101	1.99987165E7
265    20050317	2.00013566E7
265    20050501	2.0003686066666666E7
265    20060526	2.00063367E7
265    20070703	2.00093199E7
265    20110306	2.00133059E7
265    20110506	2.0017291833333332E7
265    20130620	2.0021945733333334E7
