2657    20030307	2.00028069E7
2657    20030406	2.0004129566666666E7
2657    20030415	2.00054432E7
2657    20030514	2.0006759966666665E7
2657    20030820	2.0008086833333332E7
2657    20041010	2.00097531E7
2657    20041202	2.0011425733333334E7
2657    20050127	2.0013392933333334E7
2657    20050207	2.00153594E7
2657    20050211	2.00173259E7
2657    20050317	2.0018989566666666E7
2657    20050401	2.00206528E7
2657    20050505	2.00223193E7
2657    20050723	2.002399E7
2657    20050923	2.0025663066666666E7
2657    20051110	2.0027339966666665E7
2657    20060203	2.0029312733333334E7
2657    20060418	2.0031289733333334E7
2657    20060526	2.0033269933333334E7
2657    20061204	2.00352725E7
2657    20070228	2.0037573233333334E7
2657    20080810	2.0040226433333334E7
2657    20081210	2.0042892733333334E7
2657    20091030	2.0045590233333334E7
2657    20100209	2.00485899E7
2657    20100516	2.0051573133333333E7
2657    20110127	2.00545635E7
2657    20110307	2.00575598E7
2657    20110509	2.0060556733333334E7
2657    20111208	2.0063256766666666E7
2657    20120622	2.0066267266666666E7
2657    20141206	2.00699606E7
2657    20150611	2.0073967133333333E7
2657    20160626	2.00783042E7
