266    19961122	1.9960776266666666E7
266    19961216	1.9960803E7
266    19970121	3.9922573333333336E7
266    19970127	1.9961767033333335E7
266    19970131	1.99620873E7
266    19970205	1.9962407266666666E7
266    19971114	1.99627574E7
266    19980616	1.9963424166666668E7
266    19981207	1.9964110566666666E7
266    19991015	1.9965123766666666E7
266    19991216	1.99661436E7
266    20000125	1.9967460166666668E7
266    20000402	1.9968783366666667E7
266    20000801	1.9970119566666666E7
266    20000803	1.9971455766666666E7
266    20001104	1.9972801766666666E7
266    20001121	1.9974145733333334E7
266    20001127	1.9975489466666665E7
266    20001209	1.99768359E7
266    20010715	1.9978498733333334E7
266    20020316	1.9980478633333333E7
266    20020604	1.9982467966666665E7
266    20020908	1.9984464666666668E7
266    20030406	1.9986777566666666E7
266    20030409	1.99890903E7
266    20030520	1.99914041E7
266    20040726	1.99940581E7
266    20041121	1.9996724933333334E7
266    20050401	1.9999700966666665E7
266    20050412	2.00026773E7
266    20060203	2.0005976866666667E7
266    20060224	2.00089803E7
266    20060305	2.0011986433333334E7
266    20060517	2.0014999433333334E7
266    20060821	2.0018022433333334E7
266    20080126	2.0021686466666665E7
266    20080205	2.0025322833333332E7
266    20080810	2.0028662633333333E7
266    20081129	2.0031993366666667E7
266    20110509	2.00359765E7
266    20120622	2.0040290033333335E7
266    20140426	2.0044966733333334E7
266    20151104	2.0049990133333333E7
