2671    20030406	2.0004399666666668E7
2671    20030409	2.0005725666666668E7
2671    20040601	2.0007388166666668E7
2671    20040808	2.0009044733333334E7
2671    20041021	2.00107054E7
2671    20041121	2.0012369033333335E7
2671    20050322	2.0014339333333332E7
2671    20050404	2.0016312266666666E7
2671    20050410	2.00182851E7
2671    20050501	2.0019961533333335E7
2671    20050505	2.0021631466666665E7
2671    20060130	2.0023621633333333E7
2671    20060215	2.0025612E7
2671    20060225	2.0027602566666666E7
2671    20060411	2.0029599266666666E7
2671    20060418	2.0031593133333333E7
2671    20060728	2.0033584E7
2671    20061111	2.00355837E7
2671    20061229	2.0037584366666667E7
2671    20080126	2.00399111E7
2671    20080711	2.0042247933333334E7
2671    20080810	2.0044587666666668E7
2671    20081210	2.0046937433333334E7
2671    20090413	2.0049593866666667E7
2671    20090414	2.0052247166666668E7
2671    20110127	2.0055557566666666E7
2671    20120611	2.0059214133333333E7
2671    20120622	2.0062554433333334E7
2671    20120721	2.0065568233333334E7
2671    20120804	2.00685848E7
2671    20130621	2.00719253E7
2671    20150723	2.0075935766666666E7
2671    20150727	2.0079606633333333E7
2671    20150814	2.00832735E7
2671    20160507	2.0087256366666667E7
