2683    20010606	1.9998832966666665E7
2683    20010609	1.9999495733333334E7
2683    20010620	2.00001497E7
2683    20011015	2.0000816466666665E7
2683    20011216	2.0001483633333333E7
2683    20020310	2.0002453633333333E7
2683    20020413	2.0003427066666666E7
2683    20020414	2.00044005E7
2683    20020601	2.0005379566666666E7
2683    20020929	2.0006070333333332E7
2683    20030224	2.0007070666666668E7
2683    20030306	2.00080704E7
2683    20030307	2.0009070033333335E7
2683    20030308	2.00100664E7
2683    20030717	2.00110735E7
2683    20030913	2.0012086933333334E7
2683    20040526	2.0013417733333334E7
2683    20040815	2.0014757733333334E7
2683    20040903	2.00160968E7
2683    20041010	2.0017433666666668E7
2683    20050129	2.0019070966666665E7
2683    20050210	2.00207107E7
2683    20050322	4.00463416E7
2683    20050401	2.0025633533333335E7
2683    20050402	2.0027276233333334E7
2683    20050409	2.00289165E7
2683    20050516	2.0030560133333333E7
2683    20050608	2.0032206766666666E7
2683    20050923	2.00335668E7
2683    20051023	2.0034914033333335E7
2683    20051110	2.0036264066666666E7
2683    20060127	2.00379143E7
2683    20060130	2.0039551466666665E7
2683    20060411	2.00411913E7
2683    20060418	2.0042528233333334E7
2683    20060517	2.0043865033333335E7
2683    20060718	2.00452085E7
2683    20061022	2.0046555866666667E7
2683    20061109	2.00478952E7
2683    20061112	2.00489248E7
2683    20061211	2.0049954966666665E7
2683    20061229	2.00509857E7
2683    20070228	2.0052316366666667E7
2683    20070302	2.0053635866666667E7
2683    20070518	2.0054956033333335E7
2683    20070627	2.00559594E7
2683    20070708	2.0056955833333332E7
2683    20080126	2.0058263266666666E7
2683    20080205	2.0059569766666666E7
2683    20080618	2.0060586066666666E7
2683    20080810	2.0061606066666666E7
2683    20080814	2.0062622466666665E7
2683    20081028	2.0063646E7
2683    20081129	2.0064670266666666E7
2683    20081210	2.00656972E7
2683    20081227	2.0066724466666665E7
2683    20090124	2.0068044733333334E7
2683    20090422	2.0069371866666667E7
2683    20091015	2.0070708266666666E7
2683    20091020	2.00720415E7
2683    20091107	2.0073374733333334E7
2683    20100327	2.0074714733333334E7
2683    20100430	2.0076058066666666E7
2683    20100516	2.00773949E7
2683    20101001	2.0078747666666668E7
2683    20110127	2.0080401333333332E7
2683    20110222	2.0082051466666665E7
2683    20110901	2.00837141E7
2683    20120413	2.00856909E7
2683    20120502	2.0087670566666666E7
2683    20120629	2.0089651166666668E7
2683    20121111	2.0091647233333334E7
2683    20130218	2.00936469E7
2683    20130404	2.00956503E7
2683    20130414	2.0097646833333332E7
2683    20140303	2.0099969366666667E7
2683    20140826	2.0102306633333333E7
2683    20141206	2.0104342633333333E7
2683    20150614	2.01066896E7
2683    20151205	2.01090425E7
2683    20160216	2.0111689366666667E7
2683    20160524	2.0114346366666667E7
