2692    20030308	2.0003766866666667E7
2692    20031114	2.0005113133333333E7
2692    20031230	2.0006456533333335E7
2692    20041010	2.0008123466666665E7
2692    20050211	2.0010096866666667E7
2692    20050224	2.00120672E7
2692    20050322	4.0029747766666666E7
2692    20050323	2.0017381266666666E7
2692    20050923	2.0019064566666666E7
2692    20051006	2.00207447E7
2692    20051023	2.0022425366666667E7
2692    20060130	2.0024405333333332E7
2692    20060217	2.0026385733333334E7
2692    20060220	2.0028362933333334E7
2692    20060310	2.0030339333333332E7
2692    20060322	2.00323127E7
2692    20060411	2.0034289033333335E7
2692    20060526	2.0036266533333335E7
2692    20060611	2.00382466E7
2692    20070228	2.0040547066666666E7
2692    20080104	2.0042876366666667E7
2692    20080810	2.0045226566666666E7
2692    20081005	2.0047573066666666E7
2692    20081028	2.0049913566666666E7
2692    20090414	2.0052566866666667E7
2692    20090603	2.0055219666666668E7
2692    20100510	2.0058196133333333E7
2692    20100829	2.0060886566666666E7
2692    20101205	2.0063249966666665E7
2692    20101207	2.0065613266666666E7
2692    20110127	2.0068247033333335E7
2692    20110307	2.0070882933333334E7
2692    20110319	2.0073193233333334E7
2692    20110901	2.0075216233333334E7
2692    20111124	2.0077246233333334E7
2692    20120731	2.00795932E7
2692    20121205	2.0081955966666665E7
2692    20130107	2.0084615433333334E7
2692    20130218	2.00872586E7
2692    20140712	2.00902488E7
2692    20141012	2.0093248433333334E7
2692    20141116	2.0095947966666665E7
2692    20150224	2.00989482E7
2692    20150522	2.0101958266666666E7
2692    20150701	2.01049713E7
2692    20150715	2.01079844E7
2692    20150926	2.0111001566666666E7
2692    20151104	2.0114020833333332E7
2692    20151205	2.0117040633333333E7
2692    20160427	2.0120047266666666E7
