2699    20020418	2.0000807933333334E7
2699    20020624	2.0001804533333335E7
2699    20020929	2.00028021E7
2699    20021228	2.0003809466666665E7
2699    20040306	2.0005452233333334E7
2699    20040601	2.00071048E7
2699    20040726	2.0008758233333334E7
2699    20041110	2.0010421566666666E7
2699    20050211	2.0012388233333334E7
2699    20050228	2.00143553E7
2699    20050310	2.0016325066666666E7
2699    20050322	4.003766146666667E7
2699    20050505	2.00213389E7
2699    20050608	2.0023015233333334E7
2699    20050831	2.0024698733333334E7
2699    20051023	2.00263859E7
2699    20060203	2.0028375733333334E7
2699    20060217	2.0030352833333332E7
2699    20060418	2.0032329433333334E7
2699    20060523	2.0034309533333335E7
2699    20060905	2.0036302366666667E7
2699    20061204	2.00383022E7
2699    20080126	2.0040636066666666E7
2699    20091013	2.0043313133333333E7
2699    20091213	2.0045993366666667E7
2699    20100209	2.0048973166666668E7
2699    20101215	2.00519731E7
2699    20110127	2.0055269633333333E7
2699    20110901	2.0058285866666667E7
2699    20160507	2.00629555E7
2699    20160802	2.00676281E7
2699    20160816	2.0072291E7
