2700    20020929	2.0000832066666666E7
2700    20021228	2.00018488E7
2700    20040317	2.0003495033333335E7
2700    20040808	2.0005155166666668E7
2700    20040818	2.0006815466666665E7
2700    20040903	2.0008475066666666E7
2700    20040929	2.0010132366666667E7
2700    20041027	2.00117929E7
2700    20041128	2.00134566E7
2700    20050110	2.0015122766666666E7
2700    20050224	2.0016792533333335E7
2700    20050322	2.0018459666666668E7
2700    20050323	2.0020126633333333E7
2700    20050413	2.0021793466666665E7
2700    20051023	2.0023474166666668E7
2700    20051110	2.0025153466666665E7
2700    20060127	2.0027127566666666E7
2700    20060128	2.00290979E7
2700    20060215	2.0031067733333334E7
2700    20060220	2.0033037733333334E7
2700    20060305	2.0035010566666666E7
2700    20060418	2.0036987166666668E7
2700    20060518	2.0038964366666667E7
2700    20060802	2.00409508E7
2700    20060821	2.0042641266666666E7
2700    20061204	2.0044327866666667E7
2700    20061229	2.0046015133333333E7
2700    20070228	2.0048002066666666E7
2700    20070707	2.0049991666666668E7
2700    20081129	2.00523221E7
2700    20091017	2.0054658366666667E7
2700    20110429	2.0057631733333334E7
2700    20110901	2.0059984533333335E7
2700    20111015	2.0062324766666666E7
2700    20111124	2.00646683E7
2700    20120629	2.0067325833333332E7
2700    20120801	2.0069988233333334E7
2700    20120808	2.00726476E7
2700    20121111	2.00753137E7
2700    20121123	2.00776808E7
2700    20141206	2.0080713533333335E7
2700    20150611	2.00840565E7
2700    20150714	2.0087402866666667E7
2700    20160717	2.0091079666666668E7
2700    20160721	2.0094736266666666E7
2700    20160816	2.0098393133333333E7
