2701    20060220	2.0011858666666668E7
2701    20060525	2.00141853E7
2701    20060724	2.0016511766666666E7
2701    20060820	2.0018838866666667E7
2701    20070301	2.0021481833333332E7
2701    20080628	2.0024462733333334E7
2701    20080810	2.00274493E7
2701    20090606	2.00307623E7
2701    20090618	2.0034075466666665E7
2701    20091014	2.0037098666666668E7
2701    20110127	2.00407452E7
2701    20110630	2.00444061E7
2701    20120520	2.00483933E7
2701    20120622	2.00523801E7
2701    20120626	2.0056363633333333E7
2701    20151102	2.0061363033333335E7
2701    20151111	2.00663627E7
2701    20160507	2.0071675333333332E7
