2706    20011216	2.00027619E7
2706    20020310	2.00037413E7
2706    20020414	2.0004721666666668E7
2706    20020924	2.0005719033333335E7
2706    20020929	2.0006716266666666E7
2706    20030307	2.0008019466666665E7
2706    20030409	2.0009325466666665E7
2706    20030717	2.0010345E7
2706    20030729	2.0011358833333332E7
2706    20040808	2.0012699033333335E7
2706    20040903	2.00140381E7
2706    20041010	2.0015374966666665E7
2706    20050110	2.0017011366666667E7
2706    20050129	2.0018645533333335E7
2706    20050211	2.0020282E7
2706    20050322	2.0021922066666666E7
2706    20050323	2.0023562166666668E7
2706    20050410	2.0025205133333333E7
2706    20050419	2.00268455E7
2706    20050501	2.0028192033333335E7
2706    20050505	2.0029538466666665E7
2706    20050608	2.0030888E7
2706    20051023	2.00322511E7
2706    20051116	2.0033611033333335E7
2706    20060118	2.00352648E7
2706    20060128	2.0036915533333335E7
2706    20060130	2.0038566233333334E7
2706    20060224	2.00402197E7
2706    20060418	2.0041879533333335E7
2706    20060717	2.0043536266666666E7
2706    20060813	2.00451895E7
2706    20061109	2.0046549466666665E7
2706    20061112	2.0047906066666666E7
2706    20061127	2.0049246166666668E7
2706    20061229	2.00505895E7
2706    20070228	2.00519202E7
2706    20070302	2.0053249966666665E7
2706    20080126	2.0054896933333334E7
2706    20080618	2.00565599E7
2706    20080810	2.00578933E7
2706    20081028	2.00592308E7
2706    20081129	2.00605681E7
2706    20081210	2.0061604766666666E7
2706    20090124	2.0062937933333334E7
2706    20090201	2.0064270933333334E7
2706    20090413	2.00656073E7
2706    20090528	2.0066947466666665E7
2706    20091013	2.00683009E7
2706    20091107	2.0069657166666668E7
2706    20100327	2.0071318033333335E7
2706    20100516	2.0072985066666666E7
2706    20100610	2.00746518E7
2706    20101001	2.0076317733333334E7
2706    20101205	2.0077987366666667E7
2706    20101207	2.0079357E7
2706    20110127	2.0081023633333333E7
2706    20110306	2.0082696166666668E7
2706    20110711	2.0084379066666666E7
2706    20110901	2.0086061833333332E7
2706    20111015	2.0087738433333334E7
2706    20111124	2.0089415466666665E7
2706    20120413	2.0091392266666666E7
2706    20120502	2.0093371933333334E7
2706    20120611	2.0095354733333334E7
2706    20120629	2.0097334733333334E7
2706    20121127	2.0099031366666667E7
2706    20130404	2.0101034766666666E7
2706    20130424	2.0102711366666667E7
2706    20140202	2.01046975E7
2706    20140826	2.0106698033333335E7
2706    20141206	2.0108703966666665E7
2706    20150611	2.0111020033333335E7
2706    20150714	2.0113336833333332E7
2706    20150727	2.0115356933333334E7
2706    20150910	2.0117380566666666E7
2706    20151107	2.01194037E7
2706    20151129	2.0121423733333334E7
2706    20160216	2.01237305E7
2706    20160330	2.0126037933333334E7
2706    20160510	2.0128044033333335E7
2706    20160801	2.0130053533333335E7
2706    20160816	2.01320604E7
