2710    20010105	1.99952941E7
2710    20010402	1.9995949966666665E7
2710    20010609	1.9996606E7
2710    20010701	1.9997265033333335E7
2710    20010711	1.9997921966666665E7
2710    20010815	1.9998582366666667E7
2710    20011216	1.9999256133333333E7
2710    20020414	2.0000236466666665E7
2710    20020929	2.0001233866666667E7
2710    20021129	2.0002237766666666E7
2710    20030306	2.0003547166666668E7
2710    20030308	2.00048536E7
2710    20030406	2.0006160133333333E7
2710    20040312	2.0007796833333332E7
2710    20040601	2.0009443166666668E7
2710    20040808	2.00110964E7
2710    20040903	2.00127526E7
2710    20041119	2.00144158E7
2710    20050110	2.00163785E7
2710    20050127	2.0018042266666666E7
2710    20050322	4.004107253333333E7
2710    20050608	2.0023029033333335E7
2710    20050904	2.00246957E7
2710    20050923	2.00263597E7
2710    20051023	2.0028026533333335E7
2710    20051110	2.0029692866666667E7
2710    20060130	2.0031659866666667E7
2710    20060224	2.0033627033333335E7
2710    20060322	2.00355973E7
2710    20060418	2.00372744E7
2710    20060717	2.0038951566666666E7
2710    20061204	2.0040638066666666E7
2710    20061229	2.0042322333333332E7
2710    20070228	2.0044306233333334E7
2710    20070303	2.0046289166666668E7
2710    20070707	2.00482722E7
2710    20080126	2.00502626E7
2710    20080810	2.0052258633333333E7
2710    20090201	2.0054561033333335E7
2710    20090414	2.0056564633333333E7
2710    20090516	2.0058571566666666E7
2710    20090927	2.0060588933333334E7
2710    20091015	2.0062279033333335E7
2710    20100516	2.00642762E7
2710    20100807	2.0066276166666668E7
2710    20101207	2.00682863E7
2710    20110901	2.0070612366666667E7
2710    20111124	2.0072646166666668E7
2710    20120809	2.0075002233333334E7
2710    20130218	2.0077665433333334E7
2710    20140202	2.0080661433333334E7
2710    20150610	2.0083994833333332E7
2710    20150910	2.0087328366666667E7
2710    20160114	2.0090968066666666E7
2710    20160507	2.0094617533333335E7
2710    20160816	2.00982744E7
