2712    20030517	2.0001210466666665E7
2712    20030820	2.00025402E7
2712    20031022	2.00038766E7
2712    20040218	2.00055171E7
2712    20040526	2.0007167866666667E7
2712    20040814	2.00088282E7
2712    20040903	2.00104914E7
2712    20041010	2.0012158166666668E7
2712    20041121	2.0013828466666665E7
2712    20050129	2.0015798633333333E7
2712    20050304	2.00177684E7
2712    20050317	2.0019738533333335E7
2712    20050923	2.0021728866666667E7
2712    20051023	2.0023722E7
2712    20051110	2.00254087E7
2712    20060418	2.0027405166666668E7
2712    20060526	2.0029392566666666E7
2712    20060724	2.0031383266666666E7
2712    20080126	2.00340202E7
2712    20090131	2.0036987233333334E7
2712    20090414	2.00399637E7
2712    20110307	2.0043600566666666E7
2712    20110604	2.00472469E7
2712    20111015	2.0050609733333334E7
2712    20120622	2.0054283733333334E7
2712    20120805	2.0057950066666666E7
2712    20140702	2.0062266266666666E7
2712    20141206	2.0066302566666666E7
2712    20150611	2.00706425E7
2712    20150701	2.0074655633333333E7
2712    20150715	2.0078662233333334E7
2712    20151002	2.00826683E7
2712    20160723	2.0086991666666668E7
2712    20160816	2.00910116E7
