2716    20000603	3.998989963333333E7
2716    20000731	1.99954387E7
2716    20000816	1.9995765766666666E7
2716    20000904	1.9996095766666666E7
2716    20001018	1.9996429566666666E7
2716    20001108	1.99967661E7
2716    20001114	1.99971026E7
2716    20001117	1.9997439066666666E7
2716    20001120	3.9995885166666664E7
2716    20001127	1.99984432E7
2716    20001201	1.9998776433333334E7
2716    20001207	1.9999109633333333E7
2716    20001209	1.99994429E7
2716    20001214	1.9999776266666666E7
2716    20010101	4.00014411E7
2716    20010122	2.0001665466666665E7
2716    20010204	2.0002002E7
2716    20010606	2.00023512E7
2716    20010815	2.0002704866666667E7
2716    20011015	2.00030649E7
2716    20011019	2.0003421933333334E7
2716    20011216	2.0003785333333332E7
2716    20020201	2.00044481E7
2716    20020414	2.0005115033333335E7
2716    20020418	2.0005782033333335E7
2716    20021228	2.00064727E7
2716    20030307	2.0007465966666665E7
2716    20030409	2.00084595E7
2716    20030820	2.0009466733333334E7
2716    20031230	2.0010483366666667E7
2716    20040601	2.0011809533333335E7
2716    20040728	2.0013137E7
2716    20040903	2.00144665E7
2716    20040921	2.00157936E7
2716    20041010	2.0017123466666665E7
2716    20041031	2.0018453933333334E7
2716    20050211	2.00200903E7
2716    20050310	2.0021729966666665E7
2716    20050321	2.0023369766666666E7
2716    20050322	6.0079932833333336E7
2716    20050327	2.00299185E7
2716    20050412	2.00312622E7
2716    20050414	2.0032605966666665E7
2716    20050423	2.0033949333333332E7
2716    20050518	2.0035293133333333E7
2716    20050603	2.0036626366666667E7
2716    20051006	2.0037966066666666E7
2716    20051023	2.0039299666666668E7
2716    20051110	2.0040636033333335E7
2716    20060203	2.0042268933333334E7
2716    20060305	2.0043605733333334E7
2716    20060411	2.0044938966666665E7
2716    20060418	2.00462723E7
2716    20060517	2.0047581933333334E7
2716    20060518	2.0048588966666665E7
2716    20060801	2.0049602033333335E7
2716    20060814	2.0050601833333332E7
2716    20060821	2.00515882E7
2716    20060924	2.0052265633333333E7
2716    20061111	2.0052945066666666E7
2716    20061213	2.0053622066666666E7
2716    20061229	4.010927196666667E7
2716    20070228	2.00559462E7
2716    20070611	2.00566262E7
2716    20080412	2.00576296E7
2716    20080623	2.0058639666666668E7
2716    20080714	2.0059652733333334E7
2716    20080810	2.0060669E7
2716    20080823	2.00616857E7
2716    20080910	2.0062705133333333E7
2716    20081028	2.0063725666666668E7
2716    20081129	2.00647495E7
2716    20090124	2.0066072866666667E7
2716    20090414	4.01361325E7
2716    20090521	2.0070046933333334E7
2716    20091020	2.0071380166666668E7
2716    20100316	2.0073020366666667E7
2716    20100327	2.0074357833333332E7
2716    20100822	2.00757084E7
2716    20101205	2.00770682E7
2716    20101215	2.00784281E7
2716    20110127	2.0080081766666666E7
2716    20110222	2.0081738566666666E7
2716    20110228	2.0083386133333333E7
2716    20110307	2.00850359E7
2716    20110429	2.00866895E7
2716    20110509	2.0088342333333332E7
2716    20110901	2.0090002E7
2716    20111015	2.0091662066666666E7
2716    20120626	2.0093641966666665E7
2716    20120731	2.0095625366666667E7
2716    20121127	2.0097322E7
2716    20130218	2.00993089E7
2716    20130404	2.01009753E7
2716    20140202	2.0102961266666666E7
2716    20141206	2.0104977666666668E7
2716    20150105	2.01072875E7
2716    20150611	2.0109613766666666E7
2716    20150701	2.0111940133333333E7
2716    20150720	2.01142632E7
2716    20150927	2.01165898E7
2716    20151112	2.0118622733333334E7
2716    20151205	2.01206491E7
2716    20160410	2.01229823E7
2716    20160507	2.0125315166666668E7
2716    20160524	2.0127631966666665E7
2716    20160719	2.01296454E7
2716    20160729	2.01316588E7
2716    20160801	2.01336581E7
2716    20160804	2.0135644733333334E7
2716    20160816	2.0137631433333334E7
