2724    20020201	2.00014525E7
2724    20030307	2.0002771866666667E7
2724    20030416	2.00040856E7
2724    20030820	2.00054128E7
2724    20040330	2.0007056733333334E7
2724    20060418	2.0009369866666667E7
2724    20060526	2.00116802E7
2724    20070115	2.0014010233333334E7
2724    20080816	2.0016693633333333E7
2724    20081212	2.00193902E7
2724    20090413	2.0022390433333334E7
2724    20110127	2.0026047166666668E7
2724    20110503	2.00297138E7
2724    20130621	2.0034050833333332E7
2724    20150727	2.0039044933333334E7
2724    20160330	2.0044355466666665E7
