2746    20050723	2.00110043E7
2746    20051023	2.0013004766666666E7
2746    20060418	2.00153182E7
2746    20060609	2.00176348E7
2746    20070301	2.0020270966666665E7
2746    20071110	2.0022933933333334E7
2746    20090107	2.00259336E7
2746    20090126	2.0028927533333335E7
2746    20091127	2.0031954566666666E7
2746    20110127	2.0035614866666667E7
2746    20110429	2.0039282266666666E7
2746    20110624	2.0042952933333334E7
2746    20120522	2.0046953333333332E7
2746    20160626	2.0052290066666666E7
2746    20160801	2.0057625733333334E7
2746    20160816	2.0062952833333332E7
