2762    20000504	1.99950779E7
2762    20000505	1.9995397133333333E7
2762    20000516	1.99957167E7
2762    20000520	1.9996036366666667E7
2762    20000524	1.9996353733333334E7
2762    20000530	1.9996671266666666E7
2762    20000602	3.9994302233333334E7
2762    20000703	1.9997634233333334E7
2762    20000731	1.99979582E7
2762    20000904	1.9998287566666666E7
2762    20001002	1.9998620166666668E7
2762    20001018	1.9998950266666666E7
2762    20001105	1.9999283266666666E7
2762    20001108	1.9999613166666668E7
2762    20001114	1.9999943266666666E7
2762    20001120	4.0000877233333334E7
2762    20001201	2.00006402E7
2762    20001209	2.00006766E7
2762    20001214	2.00007127E7
2762    20001216	2.0000742766666666E7
2762    20001229	2.0000773133333333E7
2762    20010204	2.00010999E7
2762    20010225	2.00014272E7
2762    20010402	2.0001760333333332E7
2762    20010611	2.00021004E7
2762    20010620	2.0002440266666666E7
2762    20010701	2.0002782833333332E7
2762    20010717	2.00031259E7
2762    20010815	2.00034696E7
2762    20011216	2.0003826633333333E7
2762    20020117	2.000448E7
2762    20020203	2.00051361E7
2762    20020405	2.00057988E7
2762    20020413	2.0006461566666666E7
2762    20020414	2.0007121966666665E7
2762    20020418	2.00077825E7
2762    20020624	2.0008446533333335E7
2762    20030207	2.0009429066666666E7
2762    20030302	2.0010409E7
2762    20030303	2.00113857E7
2762    20030307	2.0012362E7
2762    20030406	2.00133387E7
2762    20030409	2.00143154E7
2762    20030929	2.0015309233333334E7
2762    20031230	2.00163129E7
2762    20040216	4.00365327E7
2762    20040312	2.0020220033333335E7
2762    20040611	2.0021533266666666E7
2762    20040808	2.0022853E7
2762    20040903	2.0024175466666665E7
2762    20040929	2.0025199633333333E7
2762    20041012	2.0026225866666667E7
2762    20041031	2.0027246833333332E7
2762    20041110	2.0028263466666665E7
2762    20041121	2.0029280166666668E7
2762    20050128	2.00305944E7
2762    20050129	2.0031908133333333E7
2762    20050207	2.00332212E7
2762    20050305	2.0034524166666668E7
2762    20050309	2.0035530566666666E7
2762    20050320	2.0036534466666665E7
2762    20050321	2.0037531666666668E7
2762    20050322	8.016008886666666E7
2762    20050323	2.0042182833333332E7
2762    20050401	2.00428528E7
2762    20050413	2.0043523133333333E7
2762    20050419	2.0044193533333335E7
2762    20050426	2.0044860866666667E7
2762    20050501	2.00455306E7
2762    20050923	2.0046197066666666E7
2762    20051023	2.0046856833333332E7
2762    20051110	2.0047219966666665E7
2762    20051116	2.00475833E7
2762    20060116	2.0048243433333334E7
2762    20060130	2.0048894066666666E7
2762    20060215	2.0049540966666665E7
2762    20060305	2.00501877E7
2762    20060310	2.0050833733333334E7
2762    20060418	2.00514806E7
2762    20060517	2.0052130133333333E7
2762    20060518	2.0052777066666666E7
2762    20060609	2.0053426666666668E7
2762    20060721	2.0053779766666666E7
2762    20060801	2.00541355E7
2762    20060814	2.0054489066666666E7
2762    20061109	2.00548492E7
2762    20061111	2.0055209266666666E7
2762    20061112	2.0055569E7
2762    20061113	2.0055928733333334E7
2762    20061207	2.0056291566666666E7
2762    20061229	4.0113673833333336E7
2762    20070703	2.0057698066666666E7
2762    20071110	2.0058390966666665E7
2762    20080126	2.00593818E7
2762    20080205	2.0060374866666667E7
2762    20080623	2.0061381666666668E7
2762    20080711	4.0125789333333336E7
2762    20080814	2.0064394533333335E7
2762    20081028	2.00653947E7
2762    20081128	2.00663953E7
2762    20081129	2.0067395733333334E7
2762    20081130	2.00680962E7
2762    20081210	2.0068798866666667E7
2762    20090125	2.0069795866666667E7
2762    20090209	2.0070792666666668E7
2762    20090402	2.0071795733333334E7
2762    20090414	2.00727956E7
2762    20090422	2.0073792433333334E7
2762    20091014	2.0074808966666665E7
2762    20091020	2.0075822666666668E7
2762    20091107	2.0076835533333335E7
2762    20100421	2.00781562E7
2762    20100430	2.0079476733333334E7
2762    20101205	2.0080813266666666E7
2762    20101206	2.0082149766666666E7
2762    20101207	2.0083486266666666E7
2762    20110127	2.0085120066666666E7
2762    20110222	2.00867539E7
2762    20110228	2.00883872E7
2762    20110306	2.00900231E7
2762    20110319	2.0091343633333333E7
2762    20110429	2.0092654266666666E7
2762    20110711	2.0093673766666666E7
2762    20110901	2.0094696966666665E7
2762    20120310	2.0096019866666667E7
2762    20120502	2.0097346233333334E7
2762    20120622	2.00986766E7
2762    20120731	2.0100007166666668E7
2762    20121020	2.0101340233333334E7
2762    20130218	2.0102976566666666E7
2762    20130504	2.01046224E7
2762    20130902	2.0106281466666665E7
2762    20140202	2.0108247866666667E7
2762    20140205	2.01099172E7
2762    20140525	2.01115944E7
2762    20140826	2.01132752E7
2762    20141116	2.0114965266666666E7
2762    20150217	2.0116958433333334E7
2762    20150219	2.0118931933333334E7
2762    20150224	2.01209054E7
2762    20150304	2.0122878633333333E7
2762    20150609	2.0124551566666666E7
2762    20150715	2.0126227733333334E7
2762    20150727	2.0127878466666665E7
2762    20150921	2.0129535633333333E7
2762    20150928	2.0131193E7
2762    20151111	2.0132559133333333E7
2762    20151121	2.0133922433333334E7
2762    20151230	2.0135289166666668E7
2762    20160330	2.0136956633333333E7
2762    20160427	2.01386269E7
2762    20160507	2.0140296166666668E7
2762    20160508	2.0141956066666666E7
2762    20160626	2.0143613566666666E7
2762    20160816	2.0144963766666666E7
2762    20161015	2.01463142E7
