2770    20020929	2.0001739566666666E7
2770    20021214	2.0002746666666668E7
2770    20030520	2.00040639E7
2770    20031114	2.0005400266666666E7
2770    20040702	2.00070562E7
2770    20040726	2.0008706633333333E7
2770    20040929	2.0010066866666667E7
2770    20041010	2.0011427E7
2770    20041121	2.00127908E7
2770    20050127	2.0014454566666666E7
2770    20050322	4.003391093333333E7
2770    20050423	2.0019459233333334E7
2770    20050518	2.00211298E7
2770    20060731	2.0023140233333334E7
2770    20060813	2.00251504E7
2770    20061112	2.00271674E7
2770    20070301	2.00294864E7
2770    20080812	2.003215E7
2770    20091015	2.0035147033333335E7
2770    20100624	2.0038463833333332E7
2770    20101215	2.0041800333333332E7
