2791    20001120	1.9996838733333334E7
2791    20001124	1.99971761E7
2791    20001125	1.9997513466666665E7
2791    20001127	1.99978509E7
2791    20001130	1.9998188166666668E7
2791    20001208	1.9998527933333334E7
2791    20010110	1.9999164166666668E7
2791    20010122	1.9999797466666665E7
2791    20010130	2.0000428033333335E7
2791    20010402	2.0001067666666668E7
2791    20010606	2.0001714E7
2791    20010621	2.0002360433333334E7
2791    20010806	2.0003013E7
2791    20010815	2.0003366666666668E7
2791    20011216	2.000373E7
2791    20020418	2.00044E7
2791    20020820	2.0005080466666665E7
2791    20021228	2.0005773933333334E7
2791    20030307	2.000677E7
2791    20030430	2.00077674E7
2791    20030513	2.00087675E7
2791    20030819	2.00097747E7
2791    20031022	2.0010788666666668E7
2791    20031101	2.0011804866666667E7
2791    20031230	2.00128215E7
2791    20040312	2.0014140866666667E7
2791    20040726	2.0015464733333334E7
2791    20040921	2.0016791633333333E7
2791    20041011	2.0018121333333332E7
2791    20050129	2.0019754966666665E7
2791    20050211	2.0021391333333332E7
2791    20050327	2.0023031433333334E7
2791    20050328	2.0024671533333335E7
2791    20050403	2.0026314066666666E7
2791    20050608	2.0027963333333332E7
2791    20050727	2.0029613966666665E7
2791    20050923	2.00309744E7
2791    20060203	2.0032643766666666E7
2791    20060310	2.0034316433333334E7
2791    20060418	2.0035983633333333E7
2791    20060801	2.00376568E7
2791    20060814	2.00393299E7
2791    20060821	2.0040997066666666E7
2791    20060828	2.0042664166666668E7
2791    20060924	2.00443211E7
2791    20061229	4.00927099E7
2791    20070301	2.00486642E7
2791    20070522	2.00500047E7
2791    20071110	2.00513607E7
2791    20080205	2.00530171E7
2791    20080308	2.0054666733333334E7
2791    20080810	2.0056326333333332E7
2791    20081129	2.0057993933333334E7
2791    20090414	2.0059966733333334E7
2791    20090528	2.00616406E7
2791    20090609	2.0063303366666667E7
2791    20091013	2.00649731E7
2791    20110127	2.0067276966666665E7
2791    20110222	2.0069280066666666E7
2791    20110307	2.0071283266666666E7
2791    20110901	2.00733024E7
2791    20120622	2.0075645533333335E7
2791    20120719	2.00779894E7
2791    20130218	2.0080643066666666E7
2791    20140823	2.0083646266666666E7
2791    20140826	2.0086643033333335E7
2791    20141206	2.0089343133333333E7
2791    20150714	2.00923566E7
2791    20151129	2.00953803E7
2791    20151205	2.0098393766666666E7
2791    20151230	2.0101407633333333E7
2791    20160507	2.01047305E7
2791    20160510	2.0108053233333334E7
2791    20160524	2.0111373233333334E7
2791    20160626	2.0114686466666665E7
2791    20160717	2.0118002733333334E7
