2797    20010101	1.99975087E7
2797    20010122	1.9998145966666665E7
2797    20010606	1.9998799366666667E7
2797    20010621	1.9999453E7
2797    20010815	2.0000112866666667E7
2797    20011216	2.0000785966666665E7
2797    20020201	2.00017554E7
2797    20020418	2.0002728833333332E7
2797    20020425	2.0003702466666665E7
2797    20021228	2.0004702466666665E7
2797    20030207	2.0006001733333334E7
2797    20030409	2.00073077E7
2797    20030729	2.0008325133333333E7
2797    20030819	2.0009345133333333E7
2797    20030902	2.0010364933333334E7
2797    20030913	2.0011384833333332E7
2797    20030929	2.0012402266666666E7
2797    20031230	2.00134291E7
2797    20040306	2.0014755833333332E7
2797    20040330	2.00160801E7
2797    20040726	2.0017417566666666E7
2797    20041021	2.0018764866666667E7
2797    20041027	2.0020108066666666E7
2797    20041110	2.0021441466666665E7
2797    20041115	2.0022774633333333E7
2797    20050207	2.0024410833333332E7
2797    20050211	2.0026046966666665E7
2797    20050309	2.0027686333333332E7
2797    20050321	2.00293261E7
2797    20050322	8.013187876666667E7
2797    20050403	2.0036293833333332E7
2797    20050423	2.00376141E7
2797    20050608	2.0038927166666668E7
2797    20050904	2.00399506E7
2797    20060118	2.0041273933333334E7
2797    20060130	2.0042597433333334E7
2797    20060203	2.00438966E7
2797    20060322	2.0044900433333334E7
2797    20060411	2.00459005E7
2797    20060418	2.0046890133333333E7
2797    20060731	2.00478872E7
2797    20060814	2.0048884266666666E7
2797    20060905	2.0049884E7
2797    20061109	2.005089E7
2797    20061207	2.0051889233333334E7
2797    20061229	4.010586996666667E7
2797    20070228	2.00542667E7
2797    20070302	2.0055242733333334E7
2797    20071110	2.00562455E7
2797    20080711	2.0057565533333335E7
2797    20080810	2.00588887E7
2797    20081129	2.0059919433333334E7
2797    20081210	2.0060952733333334E7
2797    20090414	2.0062289566666666E7
2797    20090528	2.00636298E7
2797    20100327	2.0065296633333333E7
2797    20100505	2.00669694E7
2797    20100624	2.0068646133333333E7
2797    20110127	2.0070639633333333E7
2797    20110307	2.0072636433333334E7
2797    20110509	2.00746393E7
2797    20110901	2.0076649066666666E7
2797    20111015	2.0078652766666666E7
2797    20120611	2.00806692E7
2797    20121014	2.0082698666666668E7
2797    20130218	2.00850325E7
2797    20140721	2.0087712466666665E7
2797    20141206	2.0090405633333333E7
2797    20150614	2.0093412166666668E7
2797    20150814	2.0096414933333334E7
2797    20160115	2.0099724966666665E7
2797    20160410	2.01030418E7
2797    20160626	2.0106359033333335E7
2797    20160816	2.0109679333333332E7
