2804    20011019	2.00014026E7
2804    20011116	2.0002066033333335E7
2804    20011216	2.00027328E7
2804    20020201	2.0003698966666665E7
2804    20021228	2.0004699133333333E7
2804    20030430	2.0005710066666666E7
2804    20030516	2.0006720433333334E7
2804    20030610	2.0007733866666667E7
2804    20030929	2.0008757533333335E7
2804    20031022	2.00097782E7
2804    20031204	2.00108042E7
2804    20031230	2.0011831033333335E7
2804    20040728	2.00131718E7
2804    20050224	2.0014825866666667E7
2804    20050322	2.00164789E7
2804    20050603	2.00181413E7
2804    20050608	2.0019791266666666E7
2804    20051006	2.0021454233333334E7
2804    20060203	2.00234237E7
2804    20060216	2.0025393566666666E7
2804    20060418	2.0027370133333333E7
2804    20060518	2.0029350033333335E7
2804    20060801	2.0031339166666668E7
2804    20060814	2.0033326E7
2804    20060821	2.0035312566666666E7
2804    20061109	2.0037012633333333E7
2804    20061229	2.0038716466666665E7
2804    20070301	2.0040722433333334E7
2804    20080711	2.0043069E7
2804    20080714	2.0045402233333334E7
2804    20080810	2.00477286E7
2804    20081130	2.00500624E7
2804    20091014	2.0052722333333332E7
2804    20091020	2.0055082966666665E7
2804    20100327	2.00577196E7
2804    20101006	2.0060072133333333E7
2804    20101207	2.00624285E7
2804    20110127	2.0065079066666666E7
2804    20111120	2.00677521E7
2804    20120310	2.0070728366666667E7
2804    20130218	2.0074028833333332E7
2804    20130419	2.0077335133333333E7
2804    20141206	2.00806844E7
2804    20150720	2.0084034266666666E7
2804    20160626	2.0087711066666666E7
2804    20160816	2.0091384833333332E7
