282    20000407	1.9965793833333332E7
282    20000724	1.9967137566666666E7
282    20001002	1.9968487033333335E7
282    20001121	1.9969840433333334E7
282    20020201	1.9971829633333333E7
282    20040217	1.9974483333333332E7
282    20040822	1.9977157066666666E7
282    20041027	1.9979837566666666E7
282    20050211	1.9982824166666668E7
282    20050608	1.99858209E7
282    20060311	1.9989140766666666E7
282    20060731	1.99924746E7
282    20061226	1.9995824666666668E7
282    20061229	1.9999172233333334E7
282    20110308	2.0004155333333332E7
