2858    20000527	1.9994799466666665E7
2858    20000602	1.9995121933333334E7
2858    20000603	3.9991208733333334E7
2858    20000612	1.9996084666666668E7
2858    20000702	1.9996407933333334E7
2858    20000703	1.9996731233333334E7
2858    20000731	5.999213793333333E7
2858    20000802	1.9998028933333334E7
2858    20000803	1.9998352333333332E7
2858    20000809	1.99986759E7
2858    20000904	1.9998999233333334E7
2858    20001002	1.99993256E7
2858    20001010	1.9999652233333334E7
2858    20001018	1.9999979133333333E7
2858    20001108	2.0000308966666665E7
2858    20001109	2.0000638333333332E7
2858    20001114	2.00006719E7
2858    20001117	2.0000702233333334E7
2858    20001118	4.0001491733333334E7
2858    20001119	4.000159036666667E7
2858    20001120	8.000345163333334E7
2858    20001201	2.0000916533333335E7
2858    20001208	2.0000939233333334E7
2858    20001209	2.0000959466666665E7
2858    20001216	2.00009799E7
2858    20001218	2.00010004E7
2858    20001229	2.0001020966666665E7
2858    20010112	2.0001334633333333E7
2858    20010122	2.00016486E7
2858    20010204	2.0001964366666667E7
2858    20010225	2.0002280833333332E7
2858    20010402	2.00026032E7
2858    20010606	2.000293E7
2858    20010610	2.00032569E7
2858    20010620	2.0003583933333334E7
2858    20010621	2.0003907833333332E7
2858    20010815	2.0004234933333334E7
2858    20011015	2.0004568433333334E7
2858    20011019	2.00049018E7
2858    20011110	2.00052352E7
2858    20011119	2.0005568866666667E7
2858    20011216	2.00059056E7
2858    20020117	2.0006538933333334E7
2858    20020414	2.0007182133333333E7
2858    20021228	2.0007852466666665E7
2858    20030128	2.0008819433333334E7
2858    20030303	2.0009792233333334E7
2858    20030308	2.0010765166666668E7
2858    20030409	2.0011741466666665E7
2858    20030513	2.0012721233333334E7
2858    20030730	2.0013708233333334E7
2858    20030819	2.00146955E7
2858    20030913	2.0015685666666668E7
2858    20031114	2.00166825E7
2858    20031230	2.0017682966666665E7
2858    20040114	2.00189795E7
2858    20040301	2.00202819E7
2858    20040328	2.00212891E7
2858    20040526	2.0022302566666666E7
2858    20040702	2.0023319166666668E7
2858    20040808	2.00243386E7
2858    20040823	2.0025352633333333E7
2858    20040830	2.00263601E7
2858    20040903	2.0027369866666667E7
2858    20040921	2.00283799E7
2858    20041010	2.0029392866666667E7
2858    20041027	2.0030399933333334E7
2858    20041110	2.00314031E7
2858    20041128	2.0032406733333334E7
2858    20041202	2.00334098E7
2858    20050110	2.00347095E7
2858    20050127	2.0036006533333335E7
2858    20050210	2.0037009633333333E7
2858    20050304	2.0038005966666665E7
2858    20050321	2.0038975733333334E7
2858    20050322	4.007996503333333E7
2858    20050323	2.0040983333333332E7
2858    20050330	2.0041647366666667E7
2858    20050405	2.0042310433333334E7
2858    20050416	2.0042966633333333E7
2858    20050419	2.0043619966666665E7
2858    20050426	2.00442704E7
2858    20050505	2.0044916766666666E7
2858    20050530	2.00455601E7
2858    20050923	2.00459204E7
2858    20051006	2.0046277233333334E7
2858    20051023	2.0046633733333334E7
2858    20051110	2.0046986533333335E7
2858    20060130	2.0047634133333333E7
2858    20060203	2.0048280633333333E7
2858    20060215	2.0048927033333335E7
2858    20060310	2.0049576366666667E7
2858    20060411	2.0050226633333333E7
2858    20060418	2.0050876533333335E7
2858    20060517	2.0051526766666666E7
2858    20060518	2.0052176466666665E7
2858    20060521	2.00528235E7
2858    20060526	2.00534701E7
2858    20060606	2.00541169E7
2858    20060717	2.0054470466666665E7
2858    20060801	2.0054826266666666E7
2858    20060813	2.00551797E7
2858    20060821	2.0055530266666666E7
2858    20061108	2.0055889833333332E7
2858    20061113	2.0056249533333335E7
2858    20061207	2.0056612366666667E7
2858    20061229	4.01143151E7
2858    20070407	2.0058005933333334E7
2858    20070531	2.0058676433333334E7
2858    20070703	2.0059352566666666E7
2858    20080126	2.0060342566666666E7
2858    20080205	2.0061332566666666E7
2858    20080414	2.00623287E7
2858    20080415	2.0063311766666666E7
2858    20080424	2.0064292366666667E7
2858    20080701	2.0065281633333333E7
2858    20080711	2.0066268333333332E7
2858    20080805	2.00669575E7
2858    20080810	2.00676444E7
2858    20081005	2.00683374E7
2858    20081028	2.0069028E7
2858    20081108	2.00697179E7
2858    20081128	2.0070408233333334E7
2858    20081130	2.0071095333333332E7
2858    20090112	2.00720818E7
2858    20090124	2.0073068566666666E7
2858    20090313	2.0074061466666665E7
2858    20090405	2.0075054766666666E7
2858    20090414	2.0076044666666668E7
2858    20090609	2.0077038266666666E7
2858    20091017	2.0078045066666666E7
2858    20100506	2.00793679E7
2858    20100516	2.00806815E7
2858    20100624	2.0081998533333335E7
2858    20100807	2.0083318533333335E7
2858    20101207	2.0084651133333333E7
2858    20101216	2.0085984033333335E7
2858    20110104	2.0087307266666666E7
2858    20110127	2.0088627133333333E7
2858    20110228	2.0089944633333333E7
2858    20110306	2.0090950633333333E7
2858    20110901	2.0091973833333332E7
2858    20111015	2.0092993866666667E7
2858    20120413	2.0094327133333333E7
2858    20120502	2.0095663066666666E7
2858    20120609	2.0096993333333332E7
2858    20120731	2.0098327333333332E7
2858    20121111	2.0099670866666667E7
2858    20130205	2.0101317366666667E7
2858    20130218	2.01029578E7
2858    20130601	2.0104610233333334E7
2858    20130902	2.0106270033333335E7
2858    20130927	2.010793E7
2858    20131212	2.01095994E7
2858    20140114	2.0111266133333333E7
2858    20140611	2.0112949033333335E7
2858    20140712	2.0114629E7
2858    20140823	2.01163096E7
2858    20141206	2.0118002666666668E7
2858    20150219	2.0119989666666668E7
2858    20150224	2.0121963233333334E7
2858    20150424	2.0123627166666668E7
2858    20150501	2.0125293333333332E7
2858    20150523	2.0126956633333333E7
2858    20150609	2.01286167E7
2858    20150701	2.01302665E7
2858    20150709	2.0131916266666666E7
2858    20150713	2.01332699E7
2858    20150714	2.01346228E7
2858    20150715	2.0135972366666667E7
2858    20150720	2.01373195E7
2858    20150926	2.0138653666666668E7
2858    20151205	2.0139993333333332E7
2858    20160115	2.0141316733333334E7
2858    20160330	2.0142644333333332E7
2858    20160427	2.01439716E7
2858    20160508	2.01452975E7
2858    20160516	2.0146611E7
2858    20160626	2.0147625033333335E7
2858    20160728	2.0148642033333335E7
2858    20160816	2.01496492E7
