288    19961012	1.9960670266666666E7
288    19961016	1.9960693133333333E7
288    19961020	1.99607134E7
288    19961023	1.99607337E7
288    19961103	1.9960753433333334E7
288    19961106	1.9960773233333334E7
288    19961108	1.9960793E7
288    19961116	1.99608129E7
288    19961120	1.9960832933333334E7
288    19961122	1.99608529E7
288    19961124	1.99608727E7
288    19961216	1.9960893066666666E7
288    19970109	1.99612097E7
288    19970121	3.99233697E7
288    19970127	1.9962160033333335E7
288    19970131	1.99624768E7
288    19970205	1.9962793433333334E7
288    19970303	1.9963113033333335E7
288    19981002	1.9963789233333334E7
288    19981209	1.9964472E7
288    19991014	1.99654815E7
288    19991216	1.99664953E7
288    19991229	1.9967509066666666E7
288    20000207	1.9968821766666666E7
288    20000312	1.9970137833333332E7
288    20000316	1.99714514E7
288    20000602	1.9972774466666665E7
288    20000731	1.9974101466666665E7
288    20000904	1.99754315E7
288    20001105	1.9976767933333334E7
288    20001108	1.9978104333333332E7
288    20001121	1.9979441033333335E7
288    20001128	1.9980777866666667E7
288    20001209	1.9982114733333334E7
288    20001229	1.9983452166666668E7
288    20010701	1.9985105266666666E7
288    20010709	1.9986758366666667E7
288    20020418	1.9988734966666665E7
288    20021208	1.9990737833333332E7
288    20030429	1.9993048E7
288    20040114	1.9995677933333334E7
288    20040526	1.9998025166666668E7
288    20040726	2.0000378666666668E7
288    20040820	2.00027353E7
288    20040823	2.0005091833333332E7
288    20040929	2.0007451766666666E7
288    20050110	2.0010115266666666E7
288    20050423	2.0012785933333334E7
288    20050501	2.0015102566666666E7
288    20050608	2.0017415866666667E7
288    20050923	2.0019412833333332E7
288    20060128	2.00217099E7
288    20060130	2.00240066E7
288    20060203	2.0026006466666665E7
288    20061111	2.00280331E7
288    20061211	2.0030062933333334E7
288    20061217	2.0032083433333334E7
288    20061229	2.0034100033333335E7
288    20080126	2.0036740766666666E7
288    20081025	2.0039404766666666E7
288    20081030	2.0042068833333332E7
288    20081129	2.0044735766666666E7
288    20090414	2.0047711966666665E7
288    20091017	2.0050705566666666E7
288    20110127	2.00543355E7
288    20110222	2.0057652866666667E7
288    20110307	2.00609728E7
288    20110901	2.00639889E7
288    20111027	2.0066982866666667E7
288    20120502	2.00699853E7
288    20120805	2.0072675E7
288    20130404	2.0075670933333334E7
288    20140303	2.0078990166666668E7
288    20150609	2.00826498E7
288    20150715	2.0086312866666667E7
288    20160719	2.0090305866666667E7
288    20160816	2.0093996066666666E7
