2890    20050224	2.0015034633333333E7
2890    20050322	4.003600086666667E7
2890    20060203	2.00212949E7
2890    20060418	2.0023604966666665E7
2890    20060527	2.0025915366666667E7
2890    20060813	2.0028235233333334E7
2890    20061113	2.0030255433333334E7
2890    20061229	2.0032279433333334E7
2890    20070407	2.0034609E7
2890    20080711	2.00372793E7
2890    20080810	2.00399486E7
2890    20090418	2.0042935833333332E7
2890    20091014	2.0045932833333332E7
2890    20101223	2.00492696E7
2890    20110127	2.0052600366666667E7
2890    20160710	2.00576002E7
