2908    20030409	2.0006339333333332E7
2908    20040808	2.00079959E7
2908    20050403	2.0009672433333334E7
2908    20060207	2.0011675666666668E7
2908    20060418	2.00136761E7
2908    20060526	2.0015676733333334E7
2908    20060606	2.00176796E7
2908    20061207	2.0019699766666666E7
2908    20080816	2.0022373266666666E7
2908    20081005	2.002505E7
2908    20090402	2.0028039033333335E7
2908    20110127	2.00316831E7
2908    20120122	2.00356602E7
2908    20120310	2.0039637133333333E7
2908    20150611	2.0044620566666666E7
