2916    20001209	1.9998714533333335E7
2916    20001221	1.9999051533333335E7
2916    20001229	1.99993884E7
2916    20010101	2.0000018066666666E7
2916    20010107	2.0000647866666667E7
2916    20010130	2.0001278333333332E7
2916    20010708	2.0001927633333333E7
2916    20010709	2.0002281033333335E7
2916    20010717	2.00026342E7
2916    20010815	2.0002990333333332E7
2916    20011015	2.0003350666666668E7
2916    20020413	2.00040238E7
2916    20020418	2.0004694133333333E7
2916    20020624	2.0005371166666668E7
2916    20021228	2.00060682E7
2916    20030409	2.0007068466666665E7
2916    20030517	2.0008072166666668E7
2916    20030819	2.0009085533333335E7
2916    20031022	2.0010105466666665E7
2916    20040217	2.0011431866666667E7
2916    20040601	2.0012765166666668E7
2916    20040728	2.0014099333333332E7
2916    20040830	2.0015435966666665E7
2916    20040903	2.0016772633333333E7
2916    20041010	2.00181121E7
2916    20041128	2.0019446233333334E7
2916    20050125	2.0021080133333333E7
2916    20050322	2.0022720166666668E7
2916    20050323	2.002436E7
2916    20050413	2.0026000366666667E7
2916    20050419	2.00276407E7
2916    20050422	2.0029280733333334E7
2916    20050530	2.00309241E7
2916    20050603	2.0032274166666668E7
2916    20050923	2.00336347E7
2916    20051023	2.00349978E7
2916    20060203	2.0036647633333333E7
2916    20060216	2.0038297866666667E7
2916    20060322	2.0039951366666667E7
2916    20060418	2.00416048E7
2916    20060721	2.0043261666666668E7
2916    20060924	2.0044612033333335E7
2916    20061109	2.00459684E7
2916    20061229	4.0095977166666664E7
2916    20070301	2.0049985E7
2916    20070302	2.0051311166666668E7
2916    20080205	2.0052957366666667E7
2916    20080701	2.0054613333333332E7
2916    20080711	2.0055963133333333E7
2916    20081030	2.0057310766666666E7
2916    20090612	2.0058973566666666E7
2916    20100516	2.00609631E7
2916    20100807	2.00629599E7
2916    20101207	2.0064966466666665E7
2916    20110127	2.0067266433333334E7
2916    20110222	2.0069269666666668E7
2916    20110307	2.0071269166666668E7
2916    20110901	2.0073288433333334E7
2916    20120622	2.0075628733333334E7
2916    20120925	2.0077978933333334E7
2916    20121127	2.0080335766666666E7
2916    20130218	2.0082992033333335E7
2916    20140303	2.0085982033333335E7
2916    20140826	2.00889788E7
2916    20150424	2.0092292166666668E7
2916    20150921	2.00953161E7
2916    20160507	2.0098659133333333E7
2916    20160510	2.0101998733333334E7
2916    20160524	2.01053356E7
2916    20160608	2.0108665166666668E7
2916    20160729	2.0111992E7
2916    20160816	2.0115315566666666E7
2916    20160907	2.0118638166666668E7
2916    20161006	2.0121964066666666E7
