2918    20010717	1.99988371E7
2918    20011216	1.9999510833333332E7
2918    20020117	2.0000481E7
2918    20020201	2.0001453733333334E7
2918    20020203	2.0002423366666667E7
2918    20020418	2.0003397266666666E7
2918    20020922	2.0004387566666666E7
2918    20021228	2.0005388066666666E7
2918    20030409	2.0006694533333335E7
2918    20030513	2.0008004433333334E7
2918    20030531	2.00093147E7
2918    20030819	2.00106344E7
2918    20030902	2.0011956833333332E7
2918    20031002	2.00129834E7
2918    20031022	2.0014006933333334E7
2918    20031230	2.00150344E7
2918    20040217	2.00163608E7
2918    20040312	2.0017687733333334E7
2918    20040808	2.0019031033333335E7
2918    20040921	2.0020375E7
2918    20041025	2.0021718133333333E7
2918    20050127	2.00233519E7
2918    20050130	2.0024985533333335E7
2918    20050211	2.0026618966666665E7
2918    20050321	2.0028256033333335E7
2918    20050322	6.009279406666667E7
2918    20050401	2.00335866E7
2918    20050403	2.0034909733333334E7
2918    20050423	2.0036233266666666E7
2918    20050426	2.0037540266666666E7
2918    20050518	2.0038553633333333E7
2918    20050923	2.00395777E7
2918    20051006	2.0040604466666665E7
2918    20060131	2.0041928233333334E7
2918    20060203	2.00432376E7
2918    20060215	2.0044537166666668E7
2918    20060411	2.0045537233333334E7
2918    20060418	2.0046534066666666E7
2918    20060518	2.0047533633333333E7
2918    20060526	2.0048523866666667E7
2918    20060801	2.00495205E7
2918    20060814	2.0050514233333334E7
2918    20060821	2.0051507533333335E7
2918    20060828	2.0052494133333333E7
2918    20060924	2.0053184366666667E7
2918    20061029	2.0053874933333334E7
2918    20061109	2.0054551633333333E7
2918    20061112	2.0055224666666668E7
2918    20061207	2.00558974E7
2918    20061223	2.0056267266666666E7
2918    20061229	4.0113641733333334E7
2918    20070228	2.0057668066666666E7
2918    20070627	2.00583449E7
2918    20070707	2.00590244E7
2918    20080711	2.0060037366666667E7
2918    20080714	2.00610478E7
2918    20080810	2.0062061366666667E7
2918    20081129	2.00630849E7
2918    20081210	2.0064111033333335E7
2918    20090124	2.0065431233333334E7
2918    20090809	2.0066760766666666E7
2918    20090829	2.00680882E7
2918    20100327	2.0069428066666666E7
2918    20100807	2.0070781533333335E7
2918    20110127	2.0072445266666666E7
2918    20110205	2.0074105066666666E7
2918    20110306	2.0075768E7
2918    20110429	2.00774317E7
2918    20110509	2.00790978E7
2918    20110901	2.00807678E7
2918    20111015	2.0082441166666668E7
2918    20120221	2.0084421166666668E7
2918    20120310	2.00864039E7
2918    20120525	2.00883906E7
2918    20120622	2.0090377033333335E7
2918    20120719	2.0092364033333335E7
2918    20130218	2.0094667566666666E7
2918    20130424	2.00969748E7
2918    20130620	2.0099288033333335E7
2918    20130928	2.0101611333333332E7
2918    20140826	2.0104264566666666E7
2918    20141116	2.01066275E7
2918    20150105	2.0109276766666666E7
2918    20150609	2.0111940166666668E7
2918    20150701	2.0114273166666668E7
2918    20150714	2.01166065E7
2918    20150715	2.0118936666666668E7
2918    20150902	2.0121262433333334E7
2918    20150926	2.01235863E7
2918    20150928	2.01256131E7
2918    20151123	2.0127623566666666E7
2918    20151230	2.0129636933333334E7
2918    20160216	2.0131633233333334E7
2918    20160410	2.013362E7
2918    20160427	2.0135296666666668E7
2918    20160524	2.0136973966666665E7
2918    20160626	4.0278975833333336E7
2918    20160801	2.0142000933333334E7
2918    20160805	2.01436644E7
2918    20160816	2.0145324433333334E7
