292    19960822	1.99606509E7
292    19960826	1.9960667433333334E7
292    19960902	1.99606837E7
292    19960905	1.99606967E7
292    19960906	1.9960709633333333E7
292    19960910	1.9960722566666666E7
292    19960926	1.9960735833333332E7
292    19961007	1.99607492E7
292    19961012	1.9960762533333335E7
292    19961015	1.9960775966666665E7
292    19961019	1.9960789433333334E7
292    19961020	1.9960802866666667E7
292    19961026	1.99608165E7
292    19961106	3.992168163333333E7
292    19961107	1.9960865066666666E7
292    19961108	1.9960881066666666E7
292    19961110	1.99608971E7
292    19961115	1.9960910733333334E7
292    19961116	1.99609241E7
292    19961120	3.992188856666667E7
292    19961122	1.9960964266666666E7
292    19961124	1.9960977533333335E7
292    19961125	1.9960990733333334E7
292    19961216	1.9961004566666666E7
292    19970121	1.99613152E7
292    19970205	1.9961628266666666E7
292    19970303	1.9961944533333335E7
292    19981002	1.99626174E7
292    19981207	1.99632969E7
292    19991012	1.99643031E7
292    19991216	1.9965313566666666E7
292    19991229	1.9966324366666667E7
292    20000316	1.9967638033333335E7
292    20000602	1.99689611E7
292    20000731	1.9970287933333334E7
292    20000803	1.9971614466666665E7
292    20001104	1.9972950866666667E7
292    20001121	1.9974287733333334E7
292    20001209	1.99756274E7
292    20010119	1.9977264033333335E7
292    20010715	1.9978920333333332E7
292    20030406	1.9981230333333332E7
292    20030429	1.99835411E7
292    20030527	1.99858551E7
292    20030827	1.9988179066666666E7
292    20040820	1.9990836066666666E7
292    20041010	1.9993499233333334E7
292    20041110	1.99961657E7
292    20041115	1.99988322E7
292    20041202	2.00015016E7
292    20050322	2.0004474933333334E7
292    20050331	2.00074485E7
292    20050405	2.00104245E7
292    20050412	2.00133977E7
292    20050516	2.0016077533333335E7
292    20051023	2.0018771466666665E7
292    20060202	2.00217681E7
292    20060215	2.0024408533333335E7
292    20060310	2.00270453E7
292    20060411	2.00293586E7
292    20060418	2.0031665333333332E7
292    20060527	2.0033975266666666E7
292    20061111	2.0036001766666666E7
292    20061211	2.0038022066666666E7
292    20061229	4.008209153333333E7
292    20070303	2.00443595E7
292    20080126	2.0046993E7
292    20080701	2.0049642733333334E7
292    20080810	2.00519991E7
292    20090825	2.0054669433333334E7
292    20091015	2.0056689733333334E7
292    20100807	2.0059035666666668E7
292    20101207	2.0061391666666668E7
292    20130218	2.00647047E7
292    20140303	2.00680208E7
292    20160507	2.0072004033333335E7
292    20160626	2.00759879E7
292    20160816	2.0079977933333334E7
