293    19981002	1.99636329E7
293    19981007	1.99643194E7
293    19991007	3.9931694833333336E7
293    19991008	1.9967371966666665E7
293    19991023	1.9968388766666666E7
293    19991123	1.9969408766666666E7
293    19991229	1.9970432233333334E7
293    20000107	1.9971751466666665E7
293    20000122	1.9973068666666668E7
293    20000207	1.9974388566666666E7
293    20000209	1.99757083E7
293    20000315	1.99770315E7
293    20000612	1.9978364566666666E7
293    20000731	1.9979698733333334E7
293    20001104	1.9981045E7
293    20001108	1.9982391366666667E7
293    20001209	1.99837407E7
293    20010219	1.9985387E7
293    20010815	1.9987047266666666E7
293    20030319	1.9989354466666665E7
293    20030416	1.9991664333333332E7
293    20030929	1.9993991233333334E7
293    20031230	1.9996325033333335E7
293    20040114	1.9998658133333333E7
293    20040728	2.0001011366666667E7
293    20040921	2.0003368566666666E7
293    20041115	2.0005728966666665E7
293    20050129	2.0008389366666667E7
293    20050211	2.00107092E7
293    20050309	2.0013019433333334E7
293    20050322	4.003263703333333E7
293    20050403	4.0040553766666666E7
293    20050413	2.0023246466666665E7
293    20050529	2.0025226666666668E7
293    20050923	2.0027216466666665E7
293    20051023	2.0028913666666668E7
293    20060127	2.0030913833333332E7
293    20060128	2.00329112E7
293    20060130	2.0034908566666666E7
293    20060203	2.0036904833333332E7
293    20060219	2.0038891733333334E7
293    20060418	2.00408813E7
293    20060517	2.0042861733333334E7
293    20060526	2.0044842333333332E7
293    20061108	2.0046838966666665E7
293    20061211	2.00485387E7
293    20061229	2.0050219166666668E7
293    20070228	2.0051549466666665E7
293    20070511	2.0052885966666665E7
293    20080126	2.0054525866666667E7
293    20080424	2.0056165666666668E7
293    20080701	2.0057518566666666E7
293    20080704	2.00588511E7
293    20080814	2.0060180866666667E7
293    20090124	2.00618145E7
293    20090609	2.0063163833333332E7
293    20100610	2.00648438E7
293    20100807	2.0066527066666666E7
293    20101205	2.0068223166666668E7
293    20110127	2.0070216666666668E7
293    20110516	2.0072220433333334E7
293    20110531	2.00742247E7
293    20110624	2.0076231733333334E7
293    20110901	2.0078244133333333E7
293    20120502	2.0080563433333334E7
293    20120731	2.0082887033333335E7
293    20120818	2.0084910066666666E7
293    20121123	2.0086943233333334E7
293    20130109	2.0089275866666667E7
293    20130218	2.00916097E7
293    20140115	2.00942729E7
293    20140202	2.0096932366666667E7
293    20140910	2.0099612133333333E7
293    20141109	2.0102298233333334E7
293    20141206	2.0104968166666668E7
293    20150203	2.0107934566666666E7
293    20150224	2.0110901066666666E7
293    20150330	2.0113571133333333E7
293    20150609	2.0116241066666666E7
293    20150701	2.0118593566666666E7
293    20150714	2.0120936566666666E7
293    20150715	2.0123270366666667E7
293    20150720	2.0125604233333334E7
293    20150726	2.0127934633333333E7
293    20150813	2.01299576E7
293    20150911	2.0131967666666668E7
293    20150926	2.0133644866666667E7
293    20151010	2.01353183E7
293    20151020	2.01369788E7
293    20151102	2.0138344633333333E7
293    20151103	2.0139697533333335E7
293    20151104	4.0283449266666666E7
293    20160410	2.01440496E7
293    20160507	2.01453831E7
293    20160508	2.0146709E7
293    20160516	2.0148032266666666E7
293    20160608	2.0149348433333334E7
293    20160626	2.0150365666666668E7
293    20160816	2.01513856E7
