2947    20060411	2.0023332633333333E7
2947    20060418	2.00256389E7
2947    20060518	2.0027652266666666E7
2947    20060526	2.0029659533333335E7
2947    20060726	2.00316702E7
2947    20060814	2.00336832E7
2947    20061030	2.0035700733333334E7
2947    20070228	2.0038014833333332E7
2947    20070511	2.0040327966666665E7
2947    20090413	2.0043304466666665E7
2947    20090418	2.0046281066666666E7
2947    20110127	2.00499146E7
2947    20110901	2.00535737E7
2947    20120622	2.00572372E7
2947    20120719	2.00605737E7
2947    20120822	2.0063893833333332E7
2947    20130218	2.0067224366666667E7
2947    20130521	2.0070557833333332E7
2947    20150701	2.0074563633333333E7
2947    20150921	2.0078567033333335E7
2947    20160115	2.00828675E7
2947    20160216	2.0087167033333335E7
2947    20160626	2.00911807E7
2947    20160816	2.0095181166666668E7
