2959    20011019	2.0001479966666665E7
2959    20011216	2.0002153266666666E7
2959    20020117	2.0003123033333335E7
2959    20020310	2.0004096333333332E7
2959    20020414	2.0005073066666666E7
2959    20020418	2.0006046566666666E7
2959    20020905	2.0007036166666668E7
2959    20020922	2.0007726666666668E7
2959    20030303	2.0008726266666666E7
2959    20030308	2.0009722266666666E7
2959    20030513	2.0010722233333334E7
2959    20030517	2.0011722133333333E7
2959    20030929	2.0012733033333335E7
2959    20031230	2.00137506E7
2959    20040114	2.0015061033333335E7
2959    20040128	2.0016368533333335E7
2959    20040601	2.0017691766666666E7
2959    20040728	2.0019015433333334E7
2959    20040903	2.0020341533333335E7
2959    20040921	2.0021668233333334E7
2959    20040929	2.0022992433333334E7
2959    20041010	2.0024319133333333E7
2959    20050110	2.0025949E7
2959    20050129	2.00272829E7
2959    20050224	2.00286162E7
2959    20050305	2.0029939033333335E7
2959    20050320	2.0031259666666668E7
2959    20050322	6.010169693333333E7
2959    20050331	2.0036527366666667E7
2959    20050401	2.0037833533333335E7
2959    20050403	2.0038843066666666E7
2959    20050413	2.00398465E7
2959    20050423	2.00408468E7
2959    20050426	2.0041847066666666E7
2959    20050529	2.0042834533333335E7
2959    20050603	2.00438239E7
2959    20050831	2.0044508166666668E7
2959    20050923	2.0045195333333332E7
2959    20051023	2.0045879E7
2959    20051110	2.0046565433333334E7
2959    20060127	2.00475387E7
2959    20060128	2.0048501966666665E7
2959    20060130	2.0049169166666668E7
2959    20060203	2.0049838333333332E7
2959    20060215	2.0050492133333333E7
2959    20060306	2.0051144733333334E7
2959    20060310	2.0051791633333333E7
2959    20060322	2.0052438333333332E7
2959    20060411	2.0053087733333334E7
2959    20060418	2.0053734666666668E7
2959    20060517	2.0054081566666666E7
2959    20060527	2.0054428166666668E7
2959    20060606	2.0054774233333334E7
2959    20060717	2.00551213E7
2959    20060801	2.0055470666666668E7
2959    20060814	2.00558204E7
2959    20061108	2.0056179933333334E7
2959    20061113	2.0056539633333333E7
2959    20061207	2.0056902166666668E7
2959    20061229	2.00572631E7
2959    20070204	2.0057923133333333E7
2959    20070228	2.0058583633333333E7
2959    20070407	2.0059249766666666E7
2959    20070703	2.0059925666666668E7
2959    20080126	2.0060912233333334E7
2959    20080412	2.0061905866666667E7
2959    20080415	2.0062892E7
2959    20080424	2.0063875366666667E7
2959    20080618	2.0064861866666667E7
2959    20080628	2.00658458E7
2959    20080711	2.0066531933333334E7
2959    20080810	2.0067221333333332E7
2959    20080812	2.0067910733333334E7
2959    20081014	2.0068604433333334E7
2959    20081108	2.0069300866666667E7
2959    20081210	2.0069997666666668E7
2959    20081224	2.00706948E7
2959    20090124	2.00716882E7
2959    20090405	2.0072688E7
2959    20090413	2.0073687833333332E7
2959    20090414	2.00746844E7
2959    20090422	2.00756809E7
2959    20090609	2.0076681E7
2959    20091020	2.00776911E7
2959    20091023	2.00786985E7
2959    20091107	2.0079708266666666E7
2959    20100126	2.0081008866666667E7
2959    20100420	2.00823191E7
2959    20100430	2.0083626533333335E7
2959    20100510	2.00849359E7
2959    20100516	2.00859463E7
2959    20100807	2.00869656E7
2959    20100829	2.0087979666666668E7
2959    20101207	2.0088996466666665E7
2959    20110119	2.0089996233333334E7
2959    20110122	2.0090986566666666E7
2959    20110127	2.0091976966666665E7
2959    20110227	2.00929704E7
2959    20110306	2.009396E7
2959    20110319	2.00949497E7
2959    20110429	2.00959403E7
2959    20110516	2.00969305E7
2959    20110604	2.0097923566666666E7
2959    20110624	2.0098910566666666E7
2959    20110626	2.00998945E7
2959    20110711	2.0100877866666667E7
2959    20110901	2.01018671E7
2959    20111015	2.0102563466666665E7
2959    20120502	2.01035667E7
2959    20120525	2.0104570433333334E7
2959    20120609	2.0105576933333334E7
2959    20120719	2.0106586833333332E7
2959    20120731	2.01075909E7
2959    20120818	2.0108584166666668E7
2959    20121123	2.01095875E7
2959    20121205	2.0110590766666666E7
2959    20130218	2.0111593833333332E7
2959    20130404	2.01125933E7
2959    20130601	2.0113599E7
2959    20130629	2.0114602966666665E7
2959    20130902	2.0115615833333332E7
2959    20130907	2.0116619166666668E7
2959    20130927	2.0117622433333334E7
2959    20140114	2.0118919333333332E7
2959    20140202	2.01199221E7
2959    20140607	2.0120938266666666E7
2959    20140823	2.0121961466666665E7
2959    20140825	2.01229814E7
2959    20141116	2.01240084E7
2959    20141219	2.01250384E7
2959    20150105	2.0126360933333334E7
2959    20150203	2.0127683833333332E7
2959    20150217	2.0129004266666666E7
2959    20150224	2.0130324266666666E7
2959    20150306	2.0131646933333334E7
2959    20150424	2.01329707E7
2959    20150501	2.01342907E7
2959    20150609	2.01356105E7
2959    20150701	2.0136617133333333E7
2959    20150709	2.0137623266666666E7
2959    20150713	2.0138626733333334E7
2959    20150714	2.0139626566666666E7
2959    20150715	2.0140626033333335E7
2959    20150720	2.0141622766666666E7
2959    20150727	2.0142609566666666E7
2959    20150823	2.0143596833333332E7
2959    20150921	2.0144286933333334E7
2959    20150926	2.0144971E7
2959    20151102	2.0145654366666667E7
2959    20151103	2.0146336833333332E7
2959    20151107	2.0147010333333332E7
2959    20151108	2.01476837E7
2959    20151123	2.01483569E7
2959    20151205	4.029781996666667E7
2959    20151228	2.01494474E7
2959    20160115	2.0150090466666665E7
2959    20160410	2.01507433E7
2959    20160427	2.0151387E7
2959    20160508	2.0152029966666665E7
2959    20160515	2.0152376966666665E7
2959    20160516	2.0152720733333334E7
2959    20160626	6.046024056666667E7
2959    20160722	2.01541017E7
2959    20160728	2.01544426E7
2959    20160801	2.0154782333333332E7
2959    20160816	2.01551195E7
2959    20161006	2.0155462733333334E7
2959    20161014	2.01558061E7
