296    19960715	1.9960550833333332E7
296    19960716	1.99605637E7
296    19960717	1.99605766E7
296    19960724	1.9960587E7
296    19960729	1.99605975E7
296    19960801	1.9960610233333334E7
296    19960802	1.996062E7
296    19960813	1.9960630066666666E7
296    19960815	1.9960640166666668E7
296    19960816	1.9960650233333334E7
296    19960819	1.9960660366666667E7
296    19960826	1.99606706E7
296    19960830	3.99213722E7
296    19960901	1.9960703833333332E7
296    19960902	1.99607164E7
296    19960905	1.99607289E7
296    19960906	1.9960738933333334E7
296    19960909	1.99607489E7
296    19960910	1.9960758833333332E7
296    19960919	1.9960769066666666E7
296    19960921	5.98823681E7
296    19960926	1.99608096E7
296    19961003	1.99608223E7
296    19961007	1.9960834933333334E7
296    19961012	1.99608477E7
296    19961015	1.9960858E7
296    19961016	1.9960868233333334E7
296    19961017	1.99608783E7
296    19961020	1.9960888433333334E7
296    19961103	1.99609013E7
296    19961106	5.98827774E7
296    19961107	1.9960946933333334E7
296    19961108	1.9960956766666666E7
296    19961110	1.99609666E7
296    19961115	1.9960976566666666E7
296    19961116	1.9960986466666665E7
296    19961120	3.99220022E7
296    19961122	1.9961015666666668E7
296    19961124	1.99610231E7
296    19961125	1.9961030533333335E7
296    19961129	1.9961038E7
296    19961216	3.99221069E7
296    19970108	1.9961365166666668E7
296    19970109	1.99616715E7
296    19970121	3.9924263E7
296    19970131	1.9962591833333332E7
296    19970205	1.9962901133333333E7
296    19970303	1.9963211133333333E7
296    19970417	1.99635248E7
296    19970603	1.99638445E7
296    19970623	1.9964164766666666E7
296    19970708	1.9964487833333332E7
296    19971114	1.99648244E7
296    19980201	1.9965463766666666E7
296    19980616	1.99661142E7
296    19981207	1.9966784233333334E7
296    19990726	1.9967771566666666E7
296    19990928	3.99385253E7
296    19991003	3.9942508766666666E7
296    19991004	1.99727489E7
296    19991007	3.9948486766666666E7
296    19991008	1.9975737766666666E7
296    19991012	1.99767341E7
296    19991021	1.9977730666666668E7
296    19991101	1.9978729866666667E7
296    19991123	1.9979729666666668E7
296    19991210	1.9980729466666665E7
296    19991213	1.9981729366666667E7
296    19991214	1.99824329E7
296    19991217	1.99831365E7
296    19991228	1.9983840066666666E7
296    19991229	1.9984543666666668E7
296    20000102	1.99855427E7
296    20000107	1.9986539433333334E7
296    20000108	1.9987532933333334E7
296    20000131	1.99885234E7
296    20000206	1.9989510166666668E7
296    20000209	1.9990496366666667E7
296    20000219	1.9991480066666666E7
296    20000315	1.9992453433333334E7
296    20000406	1.9993126933333334E7
296    20000424	1.99937872E7
296    20000425	1.99944278E7
296    20000427	1.9994751166666668E7
296    20000505	1.99950704E7
296    20000602	1.9995392866666667E7
296    20000612	1.9995713166666668E7
296    20000703	1.99960365E7
296    20000731	1.9996360733333334E7
296    20000805	1.9996687333333332E7
296    20001003	1.9997020533333335E7
296    20001010	1.9997353933333334E7
296    20001104	1.9997690333333332E7
296    20001108	1.9998026566666666E7
296    20001117	1.9998360433333334E7
296    20001120	1.9998693666666668E7
296    20001127	1.9999024233333334E7
296    20001209	1.9999357433333334E7
296    20001216	1.9999690833333332E7
296    20001224	2.00000244E7
296    20010101	2.00006535E7
296    20010130	2.0001283533333335E7
296    20010204	2.0001620266666666E7
296    20010225	2.0001957533333335E7
296    20010314	2.0002297733333334E7
296    20010620	2.0002647366666667E7
296    20010626	2.00029947E7
296    20010706	2.00033446E7
296    20010715	2.0003694466666665E7
296    20010813	2.00040444E7
296    20010815	2.0004391366666667E7
296    20011019	2.0004744533333335E7
296    20011216	2.0005104233333334E7
296    20020109	2.00057603E7
296    20020117	2.0006414033333335E7
296    20020414	2.0007074433333334E7
296    20020418	2.0007734633333333E7
296    20020820	2.00084052E7
296    20030224	2.00093883E7
296    20030303	2.0010371566666666E7
296    20030409	2.0011351766666666E7
296    20030513	2.00123352E7
296    20030929	2.0013329366666667E7
296    20031230	2.0014333433333334E7
296    20040114	2.0015633333333332E7
296    20040301	2.0016939366666667E7
296    20040601	2.0018255166666668E7
296    20040808	2.0019575133333333E7
296    20040903	2.0020898033333335E7
296    20041010	2.0022224233333334E7
296    20041027	2.00232551E7
296    20041110	2.0024287766666666E7
296    20041202	2.0025321033333335E7
296    20050128	2.0026651133333333E7
296    20050207	2.00279809E7
296    20050304	2.00293037E7
296    20050309	2.0030626466666665E7
296    20050310	2.00319466E7
296    20050320	2.0033266766666666E7
296    20050321	2.00345837E7
296    20050322	4.00731113E7
296    20050405	2.0038517E7
296    20050416	2.0039527233333334E7
296    20050419	2.00405373E7
296    20050426	4.0084075666666664E7
296    20050518	2.00435279E7
296    20050603	2.00442072E7
296    20050831	2.0044891466666665E7
296    20050923	2.0045575266666666E7
296    20051023	2.0046258933333334E7
296    20051110	2.0046931633333333E7
296    20060116	2.00478945E7
296    20060127	2.00485616E7
296    20060128	2.00492225E7
296    20060130	2.0049873466666665E7
296    20060215	2.0050520366666667E7
296    20060305	2.00511671E7
296    20060310	2.0051810433333334E7
296    20060411	2.0052456566666666E7
296    20060418	2.0053100166666668E7
296    20060517	2.0053744E7
296    20060525	2.0054090566666666E7
296    20060526	2.0054434533333335E7
296    20060606	2.0054777933333334E7
296    20060717	2.0055124866666667E7
296    20060725	2.0055472033333335E7
296    20060801	2.00558214E7
296    20060802	2.0056170766666666E7
296    20060814	2.00565205E7
296    20061108	2.0056880033333335E7
296    20061113	2.0057236966666665E7
296    20061229	2.00575974E7
296    20070202	2.0058256833333332E7
296    20070228	2.00589169E7
296    20070407	2.0059582933333334E7
296    20070623	2.00602531E7
296    20070703	2.00609231E7
296    20080126	2.00618996E7
296    20080205	2.0062875666666668E7
296    20080424	2.00638557E7
296    20080623	2.0064839466666665E7
296    20080628	2.00655232E7
296    20080711	2.0066209333333332E7
296    20080805	2.0066898566666666E7
296    20080810	2.00675879E7
296    20081028	2.0068281666666668E7
296    20081030	2.00689725E7
296    20081128	2.0069666433333334E7
296    20081130	2.0070357066666666E7
296    20090124	2.0071347266666666E7
296    20090208	2.0072336966666665E7
296    20090402	2.0073332866666667E7
296    20090414	2.0074329133333333E7
296    20090609	2.0075329233333334E7
296    20091013	2.00763391E7
296    20091023	2.0077349033333335E7
296    20091107	2.0078359233333334E7
296    20091116	2.00793697E7
296    20100118	2.0080679833333332E7
296    20100420	2.0081990233333334E7
296    20100430	2.00833008E7
296    20100512	2.0084610233333334E7
296    20100516	2.00856207E7
296    20100807	2.008664E7
296    20100829	2.0087654066666666E7
296    20100916	2.0088663833333332E7
296    20101207	2.0089680633333333E7
296    20101224	2.00903839E7
296    20110127	2.00913813E7
296    20110222	2.0092374566666666E7
296    20110227	2.0093361366666667E7
296    20110306	2.0094350633333333E7
296    20110429	2.0095341233333334E7
296    20110901	2.0096344433333334E7
296    20111015	2.0097351266666666E7
296    20120310	2.0098660666666668E7
296    20120502	2.00999764E7
296    20120525	2.0101289633333333E7
296    20120622	2.0102606033333335E7
296    20120719	2.0103625866666667E7
296    20120731	2.01046433E7
296    20120805	2.0105656733333334E7
296    20121111	2.0106679966666665E7
296    20121123	2.01076971E7
296    20130204	2.0109003466666665E7
296    20130205	2.0110309533333335E7
296    20130218	2.0111613233333334E7
296    20130404	2.0112922833333332E7
296    20130424	2.0113933033333335E7
296    20130511	2.0114936066666666E7
296    20130902	2.01159518E7
296    20130908	2.0116965E7
296    20130927	2.01179787E7
296    20140114	2.0119288933333334E7
296    20140126	2.0120598833333332E7
296    20140202	2.0121908366666667E7
296    20140205	2.01232083E7
296    20140607	2.0124521066666666E7
296    20140712	2.0125540566666666E7
296    20140910	2.01265635E7
296    20140917	2.01275865E7
296    20141116	2.01286135E7
296    20141206	2.01296394E7
296    20150105	2.01309462E7
296    20150219	2.0132253E7
296    20150304	2.01332528E7
296    20150424	2.01342502E7
296    20150501	2.01352494E7
296    20150609	2.0136248966666665E7
296    20150611	2.0137245366666667E7
296    20150701	2.0138244366666667E7
296    20150709	2.0139241166666668E7
296    20150714	2.0140227933333334E7
296    20150715	2.0141214333333332E7
296    20150720	2.01418982E7
296    20150726	2.0142582233333334E7
296    20150823	2.0143269066666666E7
296    20150926	2.0143953133333333E7
296    20151102	2.01446424E7
296    20151103	2.01453288E7
296    20151104	2.01460022E7
296    20151107	2.01466755E7
296    20151108	2.01473482E7
296    20151123	2.0147715166666668E7
296    20151205	2.0148084466666665E7
296    20160115	2.0148748233333334E7
296    20160215	2.0149415233333334E7
296    20160330	2.0150072666666668E7
296    20160410	2.0150729266666666E7
296    20160427	2.0151379833333332E7
296    20160508	2.0152032866666667E7
296    20160516	2.0152679533333335E7
296    20160626	4.030700443333333E7
296    20160719	2.0154027566666666E7
296    20160723	2.0154374866666667E7
296    20160801	2.0154720766666666E7
296    20160816	2.01550646E7
296    20160830	2.01554053E7
296    20160907	2.01557485E7
296    20161006	2.0156092E7
296    20161014	2.01564355E7
