2985    20040903	2.0007111866666667E7
2985    20050207	2.0009084666666668E7
2985    20050210	2.0011054633333333E7
2985    20050529	2.0013031833333332E7
2985    20050608	2.00150116E7
2985    20051110	2.0017008066666666E7
2985    20060203	2.00193074E7
2985    20060418	2.00216137E7
2985    20060721	2.00236343E7
2985    20060813	2.0025657233333334E7
2985    20061111	2.0027686966666665E7
2985    20061127	2.00297141E7
2985    20061229	2.00317442E7
2985    20080205	2.0034404166666668E7
2985    20080701	2.0037074133333333E7
2985    20090414	2.0040063566666666E7
2985    20101215	2.0043410633333333E7
2985    20120214	2.0047380833333332E7
2985    20120521	2.0051360933333334E7
2985    20120611	2.0055343966666665E7
2985    20120808	2.00593333E7
2985    20130218	2.00636332E7
2985    20140303	2.0067939633333333E7
2985    20141206	2.0071959033333335E7
2985    20151107	2.00763059E7
2985    20160115	2.0080636166666668E7
2985    20160507	2.0084972566666666E7
2985    20160816	2.0089315966666665E7
2985    20160907	2.0093326166666668E7
