2987    20001018	1.9995510633333333E7
2987    20001108	1.99958471E7
2987    20001114	1.9996183466666665E7
2987    20001120	5.999056156666667E7
2987    20001128	1.99975211E7
2987    20001201	1.9997854433333334E7
2987    20001209	1.99981877E7
2987    20001228	1.99985216E7
2987    20010101	1.9999151266666666E7
2987    20010402	1.99997909E7
2987    20010623	2.0000437833333332E7
2987    20010717	2.0001087866666667E7
2987    20010815	2.0001741133333333E7
2987    20011019	2.0002400833333332E7
2987    20011216	2.0003067033333335E7
2987    20020201	2.0003736033333335E7
2987    20020414	2.00044096E7
2987    20020418	2.0005083066666666E7
2987    20030307	2.00060832E7
2987    20030409	2.0007086366666667E7
2987    20030517	2.00080929E7
2987    20030520	2.00090967E7
2987    20030819	2.00101104E7
2987    20040312	2.001144E7
2987    20040317	2.00127671E7
2987    20040526	2.0014091133333333E7
2987    20040728	2.00154217E7
2987    20040903	2.0016755E7
2987    20040907	2.0018084633333333E7
2987    20041119	2.0019418333333332E7
2987    20050125	2.0021052033333335E7
2987    20050321	2.0022692066666666E7
2987    20050322	6.0077916333333336E7
2987    20050401	4.0060143733333334E7
2987    20050410	2.0032531133333333E7
2987    20050412	2.0033874833333332E7
2987    20050422	2.0035208833333332E7
2987    20050516	2.00365386E7
2987    20050603	2.0037868133333333E7
2987    20050723	2.00391984E7
2987    20051006	2.00405313E7
2987    20051110	2.00418611E7
2987    20060203	2.00431945E7
2987    20060215	2.00445212E7
2987    20060418	2.0045854533333335E7
2987    20060518	2.0046861566666666E7
2987    20060609	2.0047868233333334E7
2987    20060731	2.0048875366666667E7
2987    20060814	2.0049885166666668E7
2987    20061229	4.01024949E7
2987    20070708	2.00526091E7
2987    20080618	2.00539455E7
2987    20080711	2.0055278266666666E7
2987    20080810	2.00566085E7
2987    20081129	2.0057949233333334E7
2987    20091015	2.0059612433333334E7
2987    20091107	2.00609785E7
2987    20100327	2.0062645366666667E7
2987    20110127	2.0064638866666667E7
2987    20110306	2.0066638333333332E7
2987    20110901	2.0068657633333333E7
2987    20111017	2.0070678166666668E7
2987    20120622	2.0073018866666667E7
2987    20120628	2.0075359466666665E7
2987    20120808	2.0077706E7
2987    20121127	2.0080062833333332E7
2987    20130218	2.0082719566666666E7
2987    20130424	2.0085380266666666E7
2987    20141206	2.0088396366666667E7
2987    20150611	2.0091716533333335E7
2987    20151205	2.0095053033333335E7
2987    20160507	2.00983965E7
2987    20160816	2.0101749866666667E7
