2997    20001201	1.99985394E7
2997    20001214	1.9998878833333332E7
2997    20010122	1.9999512533333335E7
2997    20010314	2.00001526E7
2997    20010505	2.00007985E7
2997    20010609	2.00014449E7
2997    20010621	2.00020913E7
2997    20010626	2.0002737833333332E7
2997    20010815	6.00103285E7
2997    20011019	2.00041451E7
2997    20011216	2.0004502E7
2997    20020117	2.0005155233333334E7
2997    20020203	2.0005811E7
2997    20021002	2.0006491E7
2997    20021210	2.0007177566666666E7
2997    20021228	2.0007861733333334E7
2997    20030207	2.0008844266666666E7
2997    20030303	2.00098274E7
2997    20030307	2.00108075E7
2997    20030308	2.0011784366666667E7
2997    20030409	2.0012764333333332E7
2997    20030730	2.0013754733333334E7
2997    20030913	2.0014747866666667E7
2997    20031114	2.0015747666666668E7
2997    20031230	2.0016751333333332E7
2997    20040114	2.0018051133333333E7
2997    20040306	2.0019357333333332E7
2997    20040526	2.0020670633333333E7
2997    20040726	2.0021988133333333E7
2997    20040903	2.00233111E7
2997    20041010	2.00243407E7
2997    20041027	2.0025364466666665E7
2997    20050110	2.0026684633333333E7
2997    20050129	2.0028001966666665E7
2997    20050320	2.0029325266666666E7
2997    20050322	2.0030648466666665E7
2997    20050323	2.00319654E7
2997    20050426	2.0033285766666666E7
2997    20050923	2.00346227E7
2997    20051023	2.0035956166666668E7
2997    20060130	2.0037586633333333E7
2997    20060203	2.0038922833333332E7
2997    20060220	2.0040256733333334E7
2997    20060305	2.0041566833333332E7
2997    20060411	2.0042873533333335E7
2997    20060418	2.0044179866666667E7
2997    20060526	2.00451905E7
2997    20060724	2.0046204533333335E7
2997    20060813	2.00472214E7
2997    20060821	2.00482385E7
2997    20061112	2.0049261933333334E7
2997    20061229	4.0101567666666664E7
2997    20070228	2.00525929E7
2997    20080618	2.0054239166666668E7
2997    20080810	2.00555957E7
2997    20081028	2.00569531E7
2997    20081226	2.0058309766666666E7
2997    20090313	2.0059962666666668E7
2997    20090414	2.0061613033333335E7
2997    20091023	2.0063280133333333E7
2997    20091228	2.00649535E7
2997    20100430	2.0066630833333332E7
2997    20100512	2.0068310266666666E7
2997    20100629	2.0069987233333334E7
2997    20100918	2.0071673766666666E7
2997    20110127	2.0073667233333334E7
2997    20110222	2.0075660433333334E7
2997    20110306	4.0157255833333336E7
2997    20110429	2.00812926E7
2997    20110604	2.0082972633333333E7
2997    20110901	2.0084662E7
2997    20111015	2.0086352333333332E7
2997    20111027	2.0088039533333335E7
2997    20120502	2.0090042333333332E7
2997    20120628	2.0092045733333334E7
2997    20120805	2.0094048433333334E7
2997    20130218	2.0096361933333334E7
2997    20130621	2.00986886E7
2997    20130902	2.0101014933333334E7
2997    20140126	2.0103644833333332E7
2997    20140823	2.0106297966666665E7
2997    20150224	2.01089645E7
2997    20150701	2.01113006E7
2997    20150714	2.0113630733333334E7
2997    20150715	2.0115953633333333E7
2997    20150720	2.01182701E7
2997    20150814	2.01202868E7
2997    20160410	2.012262E7
2997    20160524	2.01249367E7
2997    20160608	2.0127249366666667E7
2997    20160723	2.0129259133333333E7
2997    20160801	2.0131268766666666E7
2997    20160816	2.0133275E7
