3    19970623	1.9966884533333335E7
3    19970708	1.9967221333333332E7
3    19980101	1.99678675E7
3    19991226	1.99688812E7
3    20000318	1.9970197466666665E7
3    20000504	1.9971516933333334E7
3    20000731	1.9972841066666666E7
3    20001104	1.9974177566666666E7
3    20001121	1.99755143E7
3    20001209	1.9976847333333332E7
3    20010122	1.99784773E7
3    20010606	1.99801232E7
3    20010623	1.99814737E7
3    20011016	1.99828373E7
3    20020418	1.9984513866666667E7
3    20030406	1.9986523366666667E7
3    20050129	1.9989190266666666E7
3    20050211	1.99918598E7
3    20050322	1.9994532933333334E7
3    20050327	1.9997203666666668E7
3    20050401	1.99998736E7
3    20050608	2.0002549933333334E7
3    20060322	2.0005549866666667E7
3    20061112	2.0008575966666665E7
3    20081129	2.0012266633333333E7
3    20090124	2.0016257E7
3    20110127	2.00209137E7
3    20120118	2.0025900333333332E7
3    20120622	2.0030900366666667E7
3    20160816	2.0037240133333333E7
