300    19960902	1.99606362E7
300    19960909	1.9960652766666666E7
300    19960910	1.99606693E7
300    19960921	1.9960682966666665E7
300    19961003	1.9960699333333332E7
300    19961015	1.9960716033333335E7
300    19961019	1.9960732833333332E7
300    19961103	1.9960752333333332E7
300    19961106	3.9921563266666666E7
300    19961116	1.9960811133333333E7
300    19961120	1.9960830966666665E7
300    19961124	1.9960850766666666E7
300    19970121	1.9961167733333334E7
300    19970205	1.99614875E7
300    19970303	1.9961810433333334E7
300    19970713	1.9962146966666665E7
300    19971114	1.99624968E7
300    19980201	1.9963149466666665E7
300    19980402	1.99638086E7
300    19980814	1.9964478866666667E7
300    19990928	1.9965486166666668E7
300    19991007	1.9966495833333332E7
300    19991009	1.9967505166666668E7
300    19991012	1.9968512166666668E7
300    19991201	1.99695251E7
300    19991213	3.99420897E7
300    19991229	1.9972564666666668E7
300    20000107	1.9973871533333335E7
300    20000122	1.9975178866666667E7
300    20000131	1.9976486266666666E7
300    20000401	1.9977802633333333E7
300    20000425	1.9979119433333334E7
300    20000509	1.99804363E7
300    20000703	1.9981759233333334E7
300    20001124	1.9983096066666666E7
300    20001209	1.9984432933333334E7
300    20010130	1.9986067066666666E7
300    20020418	1.9988044133333333E7
300    20030516	1.9990357466666665E7
300    20030531	1.9992671166666668E7
300    20030827	1.99949946E7
300    20031230	1.9997031566666666E7
300    20040423	1.9999372166666668E7
300    20040726	2.00017196E7
300    20041010	2.0004062833333332E7
300    20041115	2.00063962E7
300    20060131	2.0009060533333335E7
300    20060203	2.0011720566666666E7
300    20060411	2.00143738E7
300    20060518	2.0016693466666665E7
300    20060609	2.0019013533333335E7
300    20061229	2.00213542E7
300    20080810	2.0024347466666665E7
300    20101118	2.0028011366666667E7
300    20110127	2.0031975166666668E7
300    20121111	2.00363051E7
300    20130218	2.0040938066666666E7
300    20131121	2.00453052E7
300    20141206	2.0050008E7
