3006    20050403	2.0013391966666665E7
3006    20050820	2.00153817E7
3006    20060130	2.0017679E7
3006    20060418	2.0019985833333332E7
3006    20060526	2.0021999033333335E7
3006    20080623	2.0024672333333332E7
3006    20080816	2.0027352033333335E7
3006    20091116	2.0030372433333334E7
3006    20100624	2.0033709366666667E7
3006    20110127	2.0037362933333334E7
3006    20120414	2.0041356666666668E7
3006    20120522	2.0045350633333333E7
3006    20120731	2.0049350633333333E7
3006    20130109	2.0053660633333333E7
3006    20151104	2.0058664033333335E7
3006    20160816	2.0063987233333334E7
