3033    20051110	2.0021322933333334E7
3033    20060131	2.0023623366666667E7
3033    20060203	2.00259225E7
3033    20060322	2.00279263E7
3033    20060411	2.00299327E7
3033    20060418	2.00319361E7
3033    20060821	2.0033952866666667E7
3033    20061108	2.0035972866666667E7
3033    20061223	2.0037989266666666E7
3033    20061226	2.0039992766666666E7
3033    20070301	2.0042295433333334E7
3033    20080711	2.0044632266666666E7
3033    20080810	2.00469719E7
3033    20081030	2.0048999533333335E7
3033    20091015	2.0051352833333332E7
3033    20100327	2.0054016466666665E7
3033    20110127	2.00569999E7
3033    20110307	2.00599692E7
3033    20111015	2.00626628E7
3033    20120520	2.00656699E7
3033    20121221	2.0068693466666665E7
3033    20140303	2.00723467E7
3033    20141024	2.0075687233333334E7
3033    20150701	2.00793496E7
3033    20151205	2.0083026333333332E7
3033    20160216	2.0087002566666666E7
3033    20160410	2.0090982566666666E7
3033    20160717	2.00946624E7
3033    20160816	2.0098342633333333E7
