3039    20050322	4.003451546666667E7
3039    20050414	2.0020217833333332E7
3039    20050423	2.00221914E7
3039    20060203	2.0024194E7
3039    20060924	2.0026217966666665E7
3039    20061226	2.00282517E7
3039    20061229	2.00302824E7
3039    20110308	2.00339458E7
3039    20121123	2.0037966433333334E7
3039    20121223	2.0041990233333334E7
3039    20130109	2.0046309833333332E7
3039    20130218	2.0050616766666666E7
3039    20140202	2.00552528E7
3039    20140303	2.00598893E7
3039    20150714	2.0064572966666665E7
3039    20160626	2.0069573133333333E7
3039    20160801	2.0074578966666665E7
3039    20160816	2.0079259333333332E7
