3052    20040903	2.00094211E7
3052    20040929	2.0011081566666666E7
3052    20041121	2.0012748333333332E7
3052    20041202	2.0014414733333334E7
3052    20050127	2.0016378466666665E7
3052    20050211	2.00180347E7
3052    20050322	2.0019691733333334E7
3052    20050401	2.0021348333333332E7
3052    20050413	2.00230044E7
3052    20050423	2.00246482E7
3052    20050505	2.0026294433333334E7
3052    20050518	2.0027941033333335E7
3052    20050703	2.00295938E7
3052    20050723	2.00312443E7
3052    20051023	2.0032607933333334E7
3052    20051110	2.00339742E7
3052    20060128	2.00356408E7
3052    20060215	2.0037301066666666E7
3052    20060217	2.0038958133333333E7
3052    20060220	2.0040611466666665E7
3052    20060305	2.0042267633333333E7
3052    20060418	2.0043921333333332E7
3052    20060526	2.0045578366666667E7
3052    20060718	2.0047235E7
3052    20060802	2.0048887866666667E7
3052    20060924	2.00502453E7
3052    20061211	2.0051272033333335E7
3052    20061229	2.00522892E7
3052    20070228	2.00535997E7
3052    20070708	2.00546161E7
3052    20080414	2.0055933133333333E7
3052    20080810	2.00572625E7
3052    20090124	2.0058895933333334E7
3052    20090314	2.0060533E7
3052    20090414	2.00618759E7
3052    20091014	2.0063236E7
3052    20110127	2.00652295E7
3052    20110222	2.0067223533333335E7
3052    20110307	2.006922E7
3052    20110901	2.0071235933333334E7
3052    20120805	2.0073579266666666E7
3052    20120808	2.0075922266666666E7
3052    20130218	2.0078572766666666E7
3052    20130304	2.0081225466666665E7
3052    20141206	2.0084231566666666E7
3052    20150720	2.00875519E7
3052    20151002	2.0090581033333335E7
3052    20160507	2.00939241E7
3052    20160801	2.00972769E7
3052    20160816	2.01006301E7
