30707    20091213	2.00659391E7
30707    20100430	2.0067612633333333E7
30707    20100511	2.0069288766666666E7
30707    20101006	2.0070974633333333E7
30707    20101207	2.00726644E7
30707    20110127	2.00746482E7
30707    20110307	2.00766311E7
30707    20110711	2.00786242E7
30707    20111106	2.0080317566666666E7
30707    20120501	2.00823241E7
30707    20120609	2.0084330466666665E7
30707    20120719	2.00863377E7
30707    20121005	2.0088354E7
30707    20130902	2.0090700166666668E7
30707    20140202	2.0093356033333335E7
30707    20141116	2.0096036533333335E7
30707    20141206	2.00987195E7
30707    20141219	2.0101402833333332E7
30707    20150126	2.0104376866666667E7
30707    20150203	2.0107346566666666E7
30707    20150308	2.01103166E7
30707    20150709	2.0113003066666666E7
30707    20150711	2.0115685833333332E7
30707    20150714	2.0118038766666666E7
30707    20150715	2.01203685E7
30707    20150720	2.0122684966666665E7
30707    20150901	2.01247012E7
30707    20150902	2.0126711133333333E7
30707    20151104	2.0128727633333333E7
30707    20151107	2.01307439E7
30707    20151230	2.0132744466666665E7
30707    20160214	2.0134737266666666E7
30707    20160215	2.01367274E7
30707    20160415	2.01387077E7
30707    20160508	2.01406844E7
30707    20160729	2.0142371133333333E7
