30793    20111027	2.0074713666666668E7
30793    20120622	2.0077043633333333E7
30793    20120626	2.0079363766666666E7
30793    20120804	2.00816869E7
30793    20120805	2.0084006866666667E7
30793    20140303	2.0086679366666667E7
30793    20150610	2.00896924E7
30793    20150913	2.0092711933333334E7
30793    20150926	2.0095728866666667E7
30793    20150927	2.00987422E7
30793    20151109	2.01017549E7
30793    20160215	2.0105068433333334E7
30793    20160216	2.01083719E7
30793    20160415	2.01116781E7
30793    20160416	2.0114685166666668E7
30793    20160507	2.0117694466666665E7
30793    20160519	2.0120701666666668E7
30793    20160801	2.0123701266666666E7
