3081    20041027	2.0012087766666666E7
3081    20041128	2.00137544E7
3081    20041216	2.0015421166666668E7
3081    20050322	2.0017391366666667E7
3081    20051023	2.00193845E7
3081    20051110	2.00210777E7
3081    20060311	2.0023074666666668E7
3081    20060418	2.00250716E7
3081    20060526	2.0027071466666665E7
3081    20060728	2.00290723E7
3081    20060924	2.0031076133333333E7
3081    20061111	2.0033083033333335E7
3081    20061226	2.0035089966666665E7
3081    20070228	2.00373941E7
3081    20080414	2.0040037233333334E7
3081    20080810	2.0042693566666666E7
3081    20090414	2.0045370533333335E7
3081    20091013	2.0048057566666666E7
3081    20120805	2.00517304E7
3081    20130218	2.0055713833333332E7
3081    20140303	2.0060016733333334E7
3081    20160330	2.00646806E7
3081    20161015	2.0069350133333333E7
