3101    20041121	2.00113686E7
3101    20050127	2.00133354E7
3101    20050317	2.0015305533333335E7
3101    20050322	4.0036521233333334E7
3101    20050416	2.0020921866666667E7
3101    20050518	2.0022598933333334E7
3101    20050829	2.0024286266666666E7
3101    20060203	2.0026285733333334E7
3101    20060418	2.0028288833333332E7
3101    20081130	2.0030973066666666E7
3101    20090131	2.0033954033333335E7
3101    20091019	2.0036960466666665E7
3101    20100624	2.0040277266666666E7
3101    20110509	2.00439207E7
3101    20120520	2.0047897733333334E7
3101    20120622	2.0051581066666666E7
3101    20121123	2.0055278366666667E7
3101    20130127	2.0059255433333334E7
3101    20130218	2.00632257E7
