3114    20011019	2.0001670666666668E7
3114    20011216	2.00023375E7
3114    20020201	2.0003303833333332E7
3114    20020413	2.0004277166666668E7
3114    20020418	2.0005250566666666E7
3114    20020929	2.0005944333333332E7
3114    20030307	2.0006950666666668E7
3114    20030308	2.0007956833333332E7
3114    20030406	2.0008966266666666E7
3114    20030513	2.0009979E7
3114    20030919	2.00110021E7
3114    20030929	4.00250625E7
3114    20031230	2.0014067433333334E7
3114    20040216	2.0015391166666668E7
3114    20040306	2.0016717366666667E7
3114    20040808	2.0018057566666666E7
3114    20041021	2.00193982E7
3114    20041027	2.00207321E7
3114    20041128	2.0022065766666666E7
3114    20050110	2.0023698766666666E7
3114    20050128	2.0025332366666667E7
3114    20050207	2.00269659E7
3114    20050224	2.00285998E7
3114    20050305	2.0029938966666665E7
3114    20050310	2.0031269233333334E7
3114    20050321	2.0032596233333334E7
3114    20050322	4.00691636E7
3114    20050401	2.00365631E7
3114    20050403	2.00378759E7
3114    20050409	2.0039182333333332E7
3114    20050412	2.0040189366666667E7
3114    20050723	2.00411997E7
3114    20051204	2.00422259E7
3114    20060131	2.0043532633333333E7
3114    20060203	2.0044529166666668E7
3114    20060220	2.0045526233333334E7
3114    20060418	2.0046526633333333E7
3114    20060517	2.0047526766666666E7
3114    20060518	2.00485134E7
3114    20060526	2.0049499966666665E7
3114    20060813	2.00504961E7
3114    20060821	2.0051482466666665E7
3114    20060924	2.0052172733333334E7
3114    20061109	4.010640903333333E7
3114    20061112	2.0054212566666666E7
3114    20061229	2.0054885966666665E7
3114    20070228	2.0055855966666665E7
3114    20070511	2.0056536E7
3114    20080711	2.0057555433333334E7
3114    20080714	2.0058572333333332E7
3114    20080810	2.0059591866666667E7
3114    20081028	2.0060615966666665E7
3114    20081129	2.0061643266666666E7
3114    20081130	2.0062670233333334E7
3114    20090125	2.0063997E7
3114    20090209	2.0065326566666666E7
3114    20090413	2.00666603E7
3114    20090422	2.0067994266666666E7
3114    20090927	2.0069344866666667E7
3114    20091107	2.0070701366666667E7
3114    20100430	2.0072358266666666E7
3114    20100519	2.00740021E7
3114    20100829	2.00753587E7
3114    20110127	2.0077022833333332E7
3114    20110429	2.0078696466666665E7
3114    20110509	2.0080366166666668E7
3114    20110807	2.00820425E7
3114    20110901	2.0083721933333334E7
3114    20111016	2.0085404933333334E7
3114    20120310	2.0087388166666668E7
3114    20121014	2.00893946E7
3114    20130218	2.00917044E7
3114    20130304	2.00940109E7
3114    20130424	2.00963214E7
3114    20130620	2.0098638333333332E7
3114    20130621	2.01009514E7
3114    20140721	2.0103301166666668E7
3114    20150105	2.01059543E7
3114    20150424	2.0108278066666666E7
3114    20150902	2.0110617666666668E7
3114    20151107	2.01129609E7
3114    20151119	2.0115297266666666E7
3114    20151121	2.0117630333333332E7
3114    20151129	2.0119963633333333E7
3114    20151230	2.0122000466666665E7
3114    20160115	2.0124330666666668E7
3114    20160427	2.0126664466666665E7
3114    20160507	2.0129000633333333E7
3114    20160524	2.0131320533333335E7
3114    20160626	4.02692822E7
3114    20160721	2.01376511E7
3114    20160816	2.0139650666666668E7
