3147    20030929	2.00057908E7
3147    20031022	2.0007117666666668E7
3147    20031114	2.0008447133333333E7
3147    20040526	2.00097939E7
3147    20040808	2.0011149833333332E7
3147    20040903	2.0012505966666665E7
3147    20040929	2.0013859666666668E7
3147    20050210	2.0015519166666668E7
3147    20050211	2.0017176033333335E7
3147    20050309	2.0018836033333335E7
3147    20050322	6.0066439166666664E7
3147    20050403	2.0025452866666667E7
3147    20050409	2.0027105633333333E7
3147    20050412	2.00287559E7
3147    20050419	2.0030403133333333E7
3147    20050426	2.00320472E7
3147    20050815	2.00337037E7
3147    20050923	2.00353603E7
3147    20051023	2.00370201E7
3147    20051110	2.0038363333333332E7
3147    20060130	2.0040007166666668E7
3147    20060224	2.0041650966666665E7
3147    20060322	2.0043294633333333E7
3147    20060418	2.00449347E7
3147    20060517	2.0046577566666666E7
3147    20060527	2.0047907666666668E7
3147    20060731	2.00489185E7
3147    20061111	2.0049928233333334E7
3147    20061229	2.0050938233333334E7
3147    20080126	2.0052575033333335E7
3147    20080627	2.0054225466666665E7
3147    20080711	2.0055564966666665E7
3147    20080810	2.0056898366666667E7
3147    20090116	2.00585388E7
3147    20090413	2.0060188266666666E7
3147    20090414	2.00615284E7
3147    20091102	2.0062891433333334E7
3147    20100420	2.00645618E7
3147    20100430	2.0066232066666666E7
3147    20100516	2.00679052E7
3147    20101207	2.0069601366666667E7
3147    20101215	2.00712951E7
3147    20110127	2.00732857E7
3147    20110307	2.00752822E7
3147    20110319	2.0077278866666667E7
3147    20110703	2.00792881E7
3147    20110901	2.0081290966666665E7
3147    20111027	2.0083294433333334E7
3147    20111106	2.00852972E7
3147    20120310	2.0087603866666667E7
3147    20120731	2.00896239E7
3147    20121104	2.0091653233333334E7
3147    20121203	2.00936826E7
3147    20121208	2.0095708933333334E7
3147    20130902	2.00980551E7
3147    20150219	2.0101044833333332E7
3147    20150306	2.0104030666666668E7
3147    20150611	2.0107014E7
3147    20150709	2.0109996666666668E7
3147    20150714	2.01123496E7
3147    20150727	2.0114686266666666E7
3147    20150926	2.0117026766666666E7
3147    20151103	2.0119369866666667E7
3147    20151104	2.01214028E7
3147    20151108	2.0123425966666665E7
3147    20160115	2.0125749333333332E7
3147    20160207	2.0128052833333332E7
3147    20160330	2.0130049833333332E7
3147    20160507	2.01320524E7
3147    20160510	2.01340522E7
3147    20160608	2.0136032233333334E7
3147    20160728	2.0138016E7
