316    19960816	1.9960610566666666E7
316    19960826	1.99606243E7
316    19960906	1.99606407E7
316    19960909	1.9960653966666665E7
316    19960910	1.9960667233333334E7
316    19960920	1.9960680733333334E7
316    19960924	1.9960694233333334E7
316    19960925	1.9960707666666668E7
316    19961003	1.9960723666666668E7
316    19961007	1.9960739733333334E7
316    19961012	1.9960755866666667E7
316    19961015	1.99607695E7
316    19961016	1.9960783033333335E7
316    19961017	1.9960796533333335E7
316    19961019	1.9960810033333335E7
316    19961020	1.9960823533333335E7
316    19961023	1.9960837066666666E7
316    19961026	1.99608507E7
316    19961027	1.99608643E7
316    19961106	3.992177713333333E7
316    19961107	1.99609126E7
316    19961108	1.9960928566666666E7
316    19961110	1.9960942033333335E7
316    19961115	1.9960955366666667E7
316    19961116	1.99609687E7
316    19961120	3.992197746666667E7
316    19961122	1.9961008433333334E7
316    19961125	1.99610192E7
316    19961129	1.9961029633333333E7
316    19961216	1.9961042633333333E7
316    19961229	1.99610534E7
316    19970121	3.992302796666667E7
316    19970131	1.9961974533333335E7
316    19970205	1.99622839E7
316    19970303	3.9925503E7
316    19970623	1.9963227033333335E7
316    19970708	1.9963550233333334E7
316    19980814	1.99642102E7
316    19981002	1.99648764E7
316    19981207	1.99655494E7
316    19990928	1.9966546366666667E7
316    19991012	1.99675461E7
316    19991111	1.9968549033333335E7
316    19991215	1.9969555333333332E7
316    19991216	1.9970561633333333E7
316    20000208	1.9971865033333335E7
316    20000316	1.9973172033333335E7
316    20000318	1.9974479066666666E7
316    20000406	1.9975789E7
316    20000425	1.99770995E7
316    20000602	1.9978415733333334E7
316    20000731	1.9979736233333334E7
316    20000803	1.9981059E7
316    20001108	1.9982391933333334E7
316    20001128	1.9983725466666665E7
316    20001206	1.99850615E7
316    20011019	1.99867245E7
316    20020405	1.9988697466666665E7
316    20020731	1.9990680866666667E7
316    20020908	1.9992373766666666E7
316    20021228	1.9994077333333332E7
316    20030207	1.9996079866666667E7
316    20030415	1.9998086866666667E7
316    20030514	2.00000939E7
316    20030520	2.0002101133333333E7
316    20030827	2.0004107933333334E7
316    20040526	2.00064352E7
316    20040830	2.0008435733333334E7
316    20040903	2.0010432433333334E7
316    20041110	2.00124292E7
316    20041128	2.0014102533333335E7
316    20041202	2.0015775533333335E7
316    20050310	2.0017748833333332E7
316    20050321	2.0019719033333335E7
316    20050331	2.0021689533333335E7
316    20050412	2.0023363E7
316    20050423	2.0025033233333334E7
316    20051023	2.00267234E7
316    20060203	2.0028716633333333E7
316    20060311	2.0030712833333332E7
316    20060418	2.00327067E7
316    20060518	2.00346996E7
316    20060526	2.0036690366666667E7
316    20061109	2.00386904E7
316    20061113	2.00406899E7
316    20061208	2.0042689966666665E7
316    20061211	2.0044363033333335E7
316    20070302	2.0046026266666666E7
316    20080701	2.0048025266666666E7
316    20090124	2.0050332466666665E7
316    20090402	2.0052638266666666E7
316    20090414	2.0054645166666668E7
316    20090528	2.0056648933333334E7
316    20091020	2.00586658E7
316    20091107	2.0060685366666667E7
316    20100516	2.0063008333333332E7
316    20101207	2.0065031033333335E7
316    20110127	2.0067340933333334E7
316    20110222	2.0069651566666666E7
316    20120502	2.0072297966666665E7
316    20130205	2.00752672E7
316    20130218	2.00782344E7
316    20130414	2.0080904533333335E7
316    20150105	2.0084230666666668E7
316    20150306	2.0087563166666668E7
316    20150611	2.0090903133333333E7
316    20150813	2.0094249466666665E7
316    20151020	2.00975827E7
316    20151107	2.0100612833333332E7
316    20160507	2.01039527E7
316    20160721	2.0107296133333333E7
316    20160801	2.01106389E7
