3160    20040726	2.00077941E7
3160    20041010	2.0009157433333334E7
3160    20050309	2.0010830533333335E7
3160    20050323	2.0012501166666668E7
3160    20050327	2.0014165133333333E7
3160    20050403	2.00158313E7
3160    20050426	2.0017498E7
3160    20050904	2.0019177466666665E7
3160    20050923	2.0020854833333332E7
3160    20060217	2.0022838633333333E7
3160    20060526	2.0024829466666665E7
3160    20060821	2.0026823466666665E7
3160    20080711	2.0029480433333334E7
3160    20090414	2.00324603E7
3160    20091017	2.00354602E7
3160    20100328	2.0038767166666668E7
3160    20110104	2.0042399966666665E7
3160    20110604	2.0046049433333334E7
3160    20120622	2.0050032833333332E7
3160    20120731	2.0054019866666667E7
3160    20120805	2.0058009133333333E7
3160    20130620	2.00623231E7
3160    20150224	2.00669734E7
3160    20150701	2.0071636266666666E7
3160    20151102	2.0076299133333333E7
3160    20160115	2.00809287E7
3160    20160626	2.0085272633333333E7
3160    20160816	2.0089616066666666E7
