317    19970121	1.9961102066666666E7
317    19970708	1.99614452E7
317    19991215	1.9962471733333334E7
317    19991216	1.9963494966666665E7
317    20000317	1.9964821266666666E7
317    20000318	1.9966145E7
317    20000406	1.9967471533333335E7
317    20000508	1.99688014E7
317    20000731	1.99701386E7
317    20001117	1.99714886E7
317    20001121	1.9972838666666668E7
317    20010606	1.9974504833333332E7
317    20010618	1.9976168566666666E7
317    20010708	1.99778352E7
317    20011019	1.9979511966666665E7
317    20020201	1.9981494766666666E7
317    20030406	1.99838175E7
317    20030827	1.9986151666666668E7
317    20030903	1.99884879E7
317    20031204	1.9990833833333332E7
317    20040726	1.9993491133333333E7
317    20040820	1.99961513E7
317    20050327	1.9999128233333334E7
317    20050412	2.0002107733333334E7
317    20050422	2.0005084933333334E7
317    20060418	2.0008395333333332E7
317    20061226	2.00117326E7
317    20061229	2.0015069733333334E7
317    20070228	2.0018706666666668E7
317    20070511	2.0022352966666665E7
317    20080714	2.00260394E7
317    20080810	2.0029709466666665E7
317    20081210	2.00327093E7
317    20081227	2.0035709666666668E7
317    20090809	2.0038726066666666E7
317    20110127	2.0042386366666667E7
317    20110901	2.0046069533333335E7
317    20130218	2.00503932E7
317    20130620	2.0054722833333332E7
317    20160507	2.0060035833333332E7
317    20160816	2.0065359E7
