3175    20011217	2.0004118733333334E7
3175    20020405	2.0004794666666668E7
3175    20020418	2.0005464633333333E7
3175    20020425	2.0006128133333333E7
3175    20020624	2.0006798133333333E7
3175    20030207	2.0007787366666667E7
3175    20030409	2.00087776E7
3175    20030730	2.00097785E7
3175    20040217	2.00110947E7
3175    20040728	2.0012425533333335E7
3175    20040823	2.0013756166666668E7
3175    20040903	2.00150862E7
3175    20050125	2.00167231E7
3175    20050130	2.0018356766666666E7
3175    20050321	2.00199968E7
3175    20050403	2.0021639566666666E7
3175    20050505	2.00232855E7
3175    20050530	2.00249296E7
3175    20051006	2.0026589533333335E7
3175    20060203	2.0028555833333332E7
3175    20060418	2.0030529066666666E7
3175    20060905	2.0032222533333335E7
3175    20070228	2.0034226533333335E7
3175    20070708	2.0036246066666666E7
3175    20090817	2.0038919766666666E7
3175    20091015	2.0041596666666668E7
3175    20091213	2.0044279866666667E7
3175    20100327	2.00472636E7
3175    20101207	2.0050273266666666E7
3175    20110127	2.0053576466666665E7
3175    20110429	2.0056883533333335E7
3175    20121123	2.00602408E7
3175    20130218	2.00639008E7
3175    20141206	2.0067926833333332E7
3175    20160507	2.00725896E7
3175    20160801	2.0076942733333334E7
