3176    20020908	2.0002737633333333E7
3176    20030308	2.0004040266666666E7
3176    20030406	2.00050502E7
3176    20030409	2.0006059933333334E7
3176    20030516	2.0007073166666668E7
3176    20030520	2.00080864E7
3176    20030730	2.00091064E7
3176    20030819	2.00101264E7
3176    20030926	2.00111431E7
3176    20031114	2.0012163266666666E7
3176    20040312	2.00134836E7
3176    20040601	2.0014813533333335E7
3176    20040808	2.0016150133333333E7
3176    20040903	2.00174892E7
3176    20040907	2.00188258E7
3176    20041119	2.0020166333333332E7
3176    20041121	2.00215069E7
3176    20050127	2.00231444E7
3176    20050129	2.0024778533333335E7
3176    20050410	2.0026421566666666E7
3176    20050505	2.0028067733333334E7
3176    20051110	2.0029734033333335E7
3176    20060131	2.0031700933333334E7
3176    20060224	2.0033668366666667E7
3176    20060526	2.00356456E7
3176    20060616	2.0037625166666668E7
3176    20060821	2.00393058E7
3176    20061112	2.0040982366666667E7
3176    20080205	2.0043282E7
3176    20080810	2.00453051E7
3176    20081130	2.00473125E7
3176    20090125	2.00493064E7
3176    20110319	2.0051970166666668E7
3176    20110509	2.0054640166666668E7
3176    20120622	2.00576437E7
3176    20150714	2.0061650166666668E7
3176    20151102	2.0065662566666666E7
