318    19960816	1.99606013E7
318    19960819	1.99606176E7
318    19960826	1.99606314E7
318    19960901	1.9960647633333333E7
318    19960902	1.99606639E7
318    19960905	1.9960677033333335E7
318    19960906	1.9960690166666668E7
318    19960909	1.9960703333333332E7
318    19960910	1.99607164E7
318    19960919	1.9960729733333334E7
318    19960920	1.9960743E7
318    19960921	1.9960756266666666E7
318    19960924	1.9960769566666666E7
318    19960926	1.9960782833333332E7
318    19961003	1.99607986E7
318    19961007	1.9960811766666666E7
318    19961012	1.9960824933333334E7
318    19961023	1.99608384E7
318    19961103	1.99608545E7
318    19961106	1.9960870566666666E7
318    19961108	1.9960886566666666E7
318    19961110	1.9960900033333335E7
318    19961116	1.99609136E7
318    19961120	3.992186756666667E7
318    19961122	1.9960953766666666E7
318    19961124	1.9960966933333334E7
318    19961216	1.9960980733333334E7
318    19961229	1.99609946E7
318    19970121	1.99613048E7
318    19970131	1.99616153E7
318    19970205	1.9961928166666668E7
318    19970303	1.9962244066666666E7
318    19970417	1.9962561266666666E7
318    19971114	1.9962901666666668E7
318    19980101	1.9963541533333335E7
318    19980201	1.99641847E7
318    19980402	1.9964834466666665E7
318    19980613	1.9965491233333334E7
318    19981007	1.9966160833333332E7
318    19981207	1.9966837066666666E7
318    19990929	1.9967837333333332E7
318    19991001	1.99688399E7
318    19991003	1.9969842466666665E7
318    19991007	1.99708426E7
318    19991012	1.9971842766666666E7
318    19991101	1.9972845733333334E7
318    19991116	1.9973848833333332E7
318    19991204	1.99748522E7
318    19991211	3.9952714833333336E7
318    19991212	1.9977862533333335E7
318    19991213	5.99396066E7
318    19991217	1.9981875133333333E7
318    19991229	1.9982878633333333E7
318    20000106	1.9984174966666665E7
318    20000108	1.9985470933333334E7
318    20000110	1.9986470566666666E7
318    20000122	1.9987470266666666E7
318    20000419	1.99884774E7
318    20000424	1.9989481433333334E7
318    20000425	1.99904817E7
318    20000505	1.99914614E7
318    20000602	1.9992144766666666E7
318    20000703	1.9992828166666668E7
318    20000731	3.99876822E7
318    20000803	1.9994836266666666E7
318    20001010	1.9995496366666667E7
318    20001104	1.9995835533333335E7
318    20001114	1.9996172633333333E7
318    20001116	1.9996509733333334E7
318    20001117	1.9996846733333334E7
318    20001120	1.9997183666666668E7
318    20001127	1.9997517866666667E7
318    20001209	1.99978543E7
318    20001224	1.99981883E7
318    20010101	1.9998817966666665E7
318    20010130	1.99994486E7
318    20010225	2.0000082366666667E7
318    20010620	2.0000729266666666E7
318    20010626	2.0001376366666667E7
318    20010715	2.0002026433333334E7
318    20010815	2.00026797E7
318    20011019	2.0003339366666667E7
318    20011128	2.0003706766666666E7
318    20011216	2.0004077033333335E7
318    20020201	2.0004746733333334E7
318    20021228	2.0005450266666666E7
318    20030224	2.0006443766666666E7
318    20030409	2.0007443266666666E7
318    20030827	2.0008456666666668E7
318    20030929	2.00094708E7
318    20031022	2.00104848E7
318    20031230	2.0011502366666667E7
318    20040301	2.0012821366666667E7
318    20040312	2.0014140733333334E7
318    20040423	2.00154614E7
318    20040603	2.0016781166666668E7
318    20040728	2.0018101966666665E7
318    20040921	2.0019428866666667E7
318    20040929	2.0020755966666665E7
318    20041010	2.0022085733333334E7
318    20041027	2.0023415966666665E7
318    20041110	2.0024748733333334E7
318    20041128	2.0026079366666667E7
318    20041202	2.0027411966666665E7
318    20050110	2.00287456E7
318    20050128	2.0030078866666667E7
318    20050129	2.0031409E7
318    20050207	2.0032728566666666E7
318    20050309	2.0034051333333332E7
318    20050320	2.00353715E7
318    20050321	2.0036688366666667E7
318    20050322	8.015952436666666E7
318    20050323	2.0042582333333332E7
318    20050331	2.0043252566666666E7
318    20050401	2.0043918966666665E7
318    20050412	2.00445718E7
318    20050419	2.0045221466666665E7
318    20050426	2.0045868266666666E7
318    20050603	2.0046514033333335E7
318    20050923	2.00468681E7
318    20051022	2.00472251E7
318    20051023	2.0047578433333334E7
318    20060130	2.0048229333333332E7
318    20060203	2.00488785E7
318    20060215	2.0049521633333333E7
318    20060220	2.0050164666666668E7
318    20060310	2.0050808E7
318    20060411	2.0051454133333333E7
318    20060418	2.0052097733333334E7
318    20060517	2.0052744033333335E7
318    20060518	2.00533879E7
318    20060526	2.00537351E7
318    20060603	2.0054084266666666E7
318    20060606	2.00544335E7
318    20060616	2.0054780466666665E7
318    20060623	2.0055124266666666E7
318    20060725	2.00554711E7
318    20060801	2.0055820433333334E7
318    20060814	2.0056170166666668E7
318    20060924	2.0056523566666666E7
318    20061108	2.00568831E7
318    20061109	2.0057242666666668E7
318    20061113	2.0057602333333332E7
318    20061208	2.00579649E7
318    20061229	2.0058325833333332E7
318    20070106	2.00589823E7
318    20070206	2.0059641866666667E7
318    20070407	2.00603079E7
318    20070505	2.00609713E7
318    20070623	2.0061627966666665E7
318    20070703	2.0062284E7
318    20070919	2.00629472E7
318    20080126	2.0063613733333334E7
318    20080205	2.0064280466666665E7
318    20080308	2.0064950233333334E7
318    20080415	2.00656234E7
318    20080424	2.0066293866666667E7
318    20080623	2.00669676E7
318    20080711	2.0067644033333335E7
318    20080805	2.00683203E7
318    20080810	2.00689967E7
318    20080823	2.0069673266666666E7
318    20081005	2.0070353333333332E7
318    20081014	2.00710336E7
318    20081028	2.0071714E7
318    20081110	2.00723969E7
318    20081128	2.0073077E7
318    20081130	2.0073754633333333E7
318    20081210	2.00744345E7
318    20090125	2.0075407866666667E7
318    20090208	2.0076377866666667E7
318    20090414	2.00773547E7
318    20090531	2.00783353E7
318    20090609	2.0079315333333332E7
318    20090627	2.0080295266666666E7
318    20091013	2.0080992166666668E7
318    20091020	2.0081685966666665E7
318    20091107	2.0082375966666665E7
318    20100118	2.0083363066666666E7
318    20100316	2.0084352833333332E7
318    20100413	2.0085343166666668E7
318    20100420	2.0086326533333335E7
318    20100430	2.0087003333333332E7
318    20100510	2.0087680166666668E7
318    20100516	2.0088353766666666E7
318    20100920	2.0089037266666666E7
318    20101207	2.0089730033333335E7
318    20101215	2.0090416433333334E7
318    20110103	2.0091396166666668E7
318    20110127	2.0092373566666666E7
318    20110212	2.0093353633333333E7
318    20110227	2.0094333766666666E7
318    20110308	2.0095310533333335E7
318    20110319	2.0096287366666667E7
318    20110604	2.0097273233333334E7
318    20110630	2.0098257233333334E7
318    20110711	2.0099243333333332E7
318    20110901	2.01002357E7
318    20111106	2.0101232233333334E7
318    20120310	2.01022384E7
318    20120502	2.01032482E7
318    20120525	2.01042519E7
318    20120609	2.01052545E7
318    20120622	2.0106254933333334E7
318    20120719	2.0107258E7
318    20120724	2.0108248366666667E7
318    20120731	2.0109238733333334E7
318    20121111	2.0110238866666667E7
318    20121113	2.01109387E7
318    20121123	2.0111632266666666E7
318    20130204	2.01126253E7
318    20130205	2.0113618133333333E7
318    20130218	2.0114611066666666E7
318    20130404	2.0115607533333335E7
318    20130424	2.0116604466666665E7
318    20130601	2.0117593833333332E7
318    20130620	2.0118574266666666E7
318    20130629	2.0119554733333334E7
318    20130902	2.0120248033333335E7
318    20131212	2.0120950866666667E7
318    20140114	2.01219476E7
318    20140421	2.0122954066666666E7
318    20140721	2.0123967833333332E7
318    20140825	2.01249847E7
318    20140909	2.0125994866666667E7
318    20141116	2.0127011066666666E7
318    20141206	2.0128027566666666E7
318    20141219	2.0129038166666668E7
318    20150105	2.0130338133333333E7
318    20150203	2.0131334566666666E7
318    20150217	2.0132325066666666E7
318    20150219	2.0133314866666667E7
318    20150224	2.0134302033333335E7
318    20150330	2.01352923E7
318    20150501	2.0136285033333335E7
318    20150608	2.0137281166666668E7
318    20150609	2.01382771E7
318    20150611	2.0139260433333334E7
318    20150709	2.0140246966666665E7
318    20150711	2.0141233233333334E7
318    20150713	2.0141916866666667E7
318    20150714	2.01426005E7
318    20150715	2.0143283733333334E7
318    20150719	2.01439609E7
318    20150720	2.0144637433333334E7
318    20150823	2.01453115E7
318    20150902	2.0145987566666666E7
318    20150926	2.0146664133333333E7
318    20151010	2.01473344E7
318    20151103	4.0296361166666664E7
318    20151104	4.0297785766666666E7
318    20151108	2.01494087E7
318    20151121	2.01497491E7
318    20151123	2.0150082666666668E7
318    20151129	2.0150413433333334E7
318    20151205	2.01507463E7
318    20151228	2.0150783733333334E7
318    20151230	2.0150817966666665E7
318    20160115	2.01511479E7
318    20160330	2.0151484933333334E7
318    20160410	2.0151824466666665E7
318    20160427	2.0152161033333335E7
318    20160508	2.01524946E7
318    20160516	2.0152824866666667E7
318    20160519	2.01531552E7
318    20160608	2.0153488433333334E7
318    20160717	2.0153822033333335E7
318    20160728	2.0154155933333334E7
318    20160816	2.01544927E7
318    20160830	2.01548299E7
318    20160907	2.0155169633333333E7
318    20160913	2.0155509433333334E7
