32    19961108	1.9960795433333334E7
32    19961115	1.99608216E7
32    19961116	1.99608478E7
32    19961120	1.9960867966666665E7
32    19961122	1.9960887966666665E7
32    19961124	1.9960908E7
32    19961216	1.99609282E7
32    19961223	1.9960948566666666E7
32    19961228	1.9960968833333332E7
32    19961229	1.9960989066666666E7
32    19970108	1.9961302366666667E7
32    19970109	1.99616155E7
32    19970113	1.99619287E7
32    19970121	3.9924793733333334E7
32    19970122	1.9962862166666668E7
32    19970125	1.9963172466666665E7
32    19970205	1.99634851E7
32    19970206	1.9963797633333333E7
32    19970214	1.99641078E7
32    19970215	1.9964417966666665E7
32    19970221	1.9964727966666665E7
32    19970303	1.9965037966666665E7
32    19970317	1.99653483E7
32    19970318	1.99656586E7
32    19970324	1.99659691E7
32    19970329	1.9966279566666666E7
32    19970409	1.9966589766666666E7
32    19970417	1.9966900133333333E7
32    19970426	1.99672108E7
32    19970519	1.99675245E7
32    19970603	1.9967840766666666E7
32    19970623	3.99366321E7
32    19970708	1.9968793966666665E7
32    19970716	1.99691137E7
32    19970927	1.99694374E7
32    19970929	1.9969760933333334E7
32    19971114	1.9970090466666665E7
32    19971203	1.9970422933333334E7
32    19980201	1.9970759366666667E7
32    19980402	1.9971102466666665E7
32    19980417	1.9971445933333334E7
32    19981002	1.9971808633333333E7
32    19981207	1.9972178166666668E7
32    19990726	1.9972864966666665E7
32    19991001	1.9973560833333332E7
32    19991004	1.9974254133333333E7
32    19991007	1.99749475E7
32    19991009	1.9975640666666668E7
32    19991023	1.9976334266666666E7
32    19991111	1.99770306E7
32    19991115	1.9977724333333332E7
32    19991123	1.9978417866666667E7
32    19991213	1.9979114366666667E7
32    19991228	1.9979811166666668E7
32    19991229	1.9980507833333332E7
32    20000122	1.9981498266666666E7
32    20000130	1.99824887E7
32    20000219	1.99834818E7
32    20000407	1.9984478066666666E7
32    20000505	1.99854748E7
32    20000602	3.99739475E7
32    20000612	1.99884702E7
32    20000703	1.9989469766666666E7
32    20000731	1.9990463233333334E7
32    20000803	1.9991459033333335E7
32    20001104	1.99924587E7
32    20001108	1.9993455533333335E7
32    20001120	1.9994152833333332E7
32    20001128	1.99948437E7
32    20010102	1.99958332E7
32    20010204	1.99968066E7
32    20010225	1.9997773866666667E7
32    20010715	1.9998440166666668E7
32    20010815	1.9999100633333333E7
32    20020418	2.00000811E7
32    20020624	2.0001068333333332E7
32    20020908	2.0002064966666665E7
32    20021129	2.00030685E7
32    20030207	2.00043717E7
32    20030303	2.0005677966666665E7
32    20030307	2.00069841E7
32    20030415	2.0008290833333332E7
32    20030730	2.0009607566666666E7
32    20031230	2.0010940933333334E7
32    20040526	2.0012287733333334E7
32    20040929	2.00136477E7
32    20041010	2.00150074E7
32    20041027	2.00163614E7
32    20041121	2.0017715266666666E7
32    20041128	2.0019066133333333E7
32    20041202	2.0020419466666665E7
32    20050128	2.002207E7
32    20050207	2.0023720133333333E7
32    20050210	2.0025369433333334E7
32    20050304	2.0027019466666665E7
32    20050310	2.0028659666666668E7
32    20050321	2.00303001E7
32    20050322	4.006552013333333E7
32    20050331	2.0034920933333334E7
32    20050412	2.00362612E7
32    20050501	2.0037603733333334E7
32    20050529	2.0038930866666667E7
32    20050923	2.00402678E7
32    20051023	2.0041287966666665E7
32    20051110	2.0042304166666668E7
32    20060127	2.0043611466666665E7
32    20060130	2.00449115E7
32    20060215	2.0045911766666666E7
32    20060310	2.0046912E7
32    20060411	2.0047915466666665E7
32    20060418	2.0048915566666666E7
32    20060527	2.00499088E7
32    20060801	2.00508945E7
32    20060814	2.0051570766666666E7
32    20061108	2.00522434E7
32    20061208	2.0052916666666668E7
32    20061229	4.01078504E7
32    20070228	2.0055230333333332E7
32    20080628	2.0056544533333335E7
32    20081030	2.00575746E7
32    20090124	2.0058905166666668E7
32    20090402	2.00602449E7
32    20090926	2.0061598966666665E7
32    20091023	2.0062956066666666E7
32    20100430	2.0064626366666667E7
32    20100512	2.0066299366666667E7
32    20100516	2.00679725E7
32    20100625	2.0069648966666665E7
32    20100807	2.00713288E7
32    20110127	2.0073316333333332E7
32    20110222	2.00753061E7
32    20110306	2.0077285533333335E7
32    20110319	2.0079262066666666E7
32    20110617	2.0081245633333333E7
32    20110711	2.0082931766666666E7
32    20110901	2.0084624133333333E7
32    20120413	2.0086630733333334E7
32    20120502	2.0088637133333333E7
32    20120724	2.0090647566666666E7
32    20120731	2.0092658E7
32    20120805	2.0094667266666666E7
32    20121123	2.0096678E7
32    20121130	2.0098688533333335E7
32    20121204	2.0100691733333334E7
32    20130109	2.0102988433333334E7
32    20130218	2.0105288066666666E7
32    20130902	2.01076105E7
32    20140202	2.0109942966666665E7
32    20140823	2.0111949466666665E7
32    20141206	2.0113955333333332E7
32    20150105	2.01159547E7
32    20150611	2.0117961666666668E7
32    20150701	2.0119954166666668E7
32    20150711	2.0121943766666666E7
32    20150715	2.0123619933333334E7
32    20150726	2.0125293733333334E7
32    20151230	2.01269842E7
32    20160410	2.0128977033333335E7
32    20160416	2.0130964E7
32    20160507	2.0132643333333332E7
32    20160801	2.01343293E7
32    20160816	2.0136012966666665E7
