3210    20060216	2.0017279766666666E7
3210    20060418	2.00192896E7
3210    20060813	2.0021309866666667E7
3210    20060821	2.00233303E7
3210    20061229	2.0025363966666665E7
3210    20080711	2.00280408E7
3210    20080816	2.0030720533333335E7
3210    20081226	2.0033411133333333E7
3210    20091014	2.0036420566666666E7
3210    20100402	2.0039740333333332E7
3210    20100807	2.00430669E7
3210    20100822	2.0046390266666666E7
3210    20110127	2.00500236E7
3210    20110219	2.00536573E7
3210    20110306	2.0056997466666665E7
3210    20120622	2.00606808E7
3210    20121221	2.0064371333333332E7
3210    20130928	2.00683789E7
3210    20140607	2.0072691933333334E7
3210    20150720	2.00770217E7
3210    20160801	2.00813715E7
3210    20160804	2.00857173E7
3210    20160816	2.0090060133333333E7
