3253    20030307	2.0005676533333335E7
3253    20030409	2.00066863E7
3253    20030706	2.0007705466666665E7
3253    20030913	2.0008725633333333E7
3253    20031230	2.0009756066666666E7
3253    20040601	2.0011098833333332E7
3253    20040726	2.0012442833333332E7
3253    20040818	2.0013786633333333E7
3253    20040830	2.0015130533333335E7
3253    20041010	2.0016477466666665E7
3253    20050322	2.00181279E7
3253    20050423	2.0019775233333334E7
3253    20050505	2.0021421933333334E7
3253    20050608	2.00230716E7
3253    20050831	2.0024728666666668E7
3253    20050923	2.0026388766666666E7
3253    20051006	2.00280487E7
3253    20051110	2.0029712066666666E7
3253    20060116	2.0031675233333334E7
3253    20060130	2.0033342666666668E7
3253    20060203	2.0035011766666666E7
3253    20060411	2.0036678566666666E7
3253    20060418	2.0038338966666665E7
3253    20060814	2.00400124E7
3253    20060821	2.0041685766666666E7
3253    20070522	2.0043679266666666E7
3253    20080126	2.00459899E7
3253    20080711	2.0048319766666666E7
3253    20080810	2.0050652933333334E7
3253    20081210	2.0052652333333332E7
3253    20081227	2.0054349666666668E7
3253    20100327	2.0056680266666666E7
3253    20110127	2.0059327633333333E7
3253    20110503	2.0061980633333333E7
3253    20120609	2.0064959933333334E7
3253    20120805	2.00676334E7
3253    20121111	2.00703129E7
3253    20130218	2.00732929E7
3253    20130424	2.0076279366666667E7
3253    20140303	2.0079589133333333E7
3253    20150701	2.00829351E7
3253    20160410	2.0086601333333332E7
3253    20160626	2.0090272033333335E7
3253    20160730	2.0093942766666666E7
3253    20160816	2.0097608933333334E7
