3255    20030307	2.0006276033333335E7
3255    20040217	2.00076127E7
3255    20040601	2.00089619E7
3255    20040808	2.00103178E7
3255    20041010	2.00116779E7
3255    20050322	2.0013345033333335E7
3255    20050505	2.0015017966666665E7
3255    20050518	2.00166913E7
3255    20050723	2.00183679E7
3255    20051213	2.00200582E7
3255    20060215	2.00220484E7
3255    20060418	2.0024042233333334E7
3255    20060525	2.0026033033333335E7
3255    20061229	2.0028047233333334E7
3255    20080711	2.00307008E7
3255    20080810	2.0033357233333334E7
3255    20081210	2.00360269E7
3255    20090112	2.00389933E7
3255    20090414	2.0041966833333332E7
3255    20091013	2.00449603E7
3255    20100624	2.0047967533333335E7
3255    20110127	2.00512849E7
3255    20110306	2.0054607766666666E7
3255    20110506	2.00579372E7
3255    20110630	2.0061257566666666E7
3255    20120310	2.0064894033333335E7
3255    20160804	2.00695836E7
3255    20160816	2.0074270766666666E7
