3256    20050322	2.0012949233333334E7
3256    20050423	2.0014625933333334E7
3256    20050608	2.00163087E7
3256    20060606	2.00183216E7
3256    20061226	2.0020352066666666E7
3256    20080623	2.0023028966666665E7
3256    20080810	2.00257091E7
3256    20091020	2.0028728933333334E7
3256    20091116	2.0031746066666666E7
3256    20091201	2.0034762666666668E7
3256    20100625	2.0038092466666665E7
3256    20110506	2.00417493E7
3256    20110901	2.00454092E7
3256    20120611	2.0049392633333333E7
3256    20120808	2.0053382233333334E7
3256    20130225	2.0057685466666665E7
3256    20160507	2.00629954E7
3256    20160728	2.0068312033333335E7
3256    20160816	2.0073335466666665E7
