32587    20061108	2.0056637333333332E7
32587    20061207	2.0056997366666667E7
32587    20061229	4.01150761E7
32587    20070202	2.0058370533333335E7
32587    20070228	2.0059017466666665E7
32587    20080104	2.00599934E7
32587    20080424	2.0060977366666667E7
32587    20080628	2.0061967533333335E7
32587    20080810	2.0062960433333334E7
32587    20081110	2.0063960433333334E7
32587    20081224	2.0064963833333332E7
32587    20081226	2.0065963666666668E7
32587    20090124	2.0066963566666666E7
32587    20090209	2.0067966266666666E7
32587    20090314	2.00689724E7
32587    20090414	2.0069979E7
32587    20091014	2.00710055E7
32587    20100327	2.0072338833333332E7
32587    20100430	2.0073672566666666E7
32587    20101205	2.0075029333333332E7
32587    20101207	2.0076385666666668E7
32587    20110516	2.0078052266666666E7
32587    20110711	2.00797225E7
32587    20120501	2.0081719E7
32587    20120731	2.0083723066666666E7
32587    20120805	2.0085726E7
32587    20121005	2.00877328E7
32587    20121020	2.00897397E7
32587    20121104	2.0091745533333335E7
32587    20140202	2.0094382E7
32587    20140823	2.0097035866666667E7
32587    20141206	2.0099701766666666E7
32587    20150105	2.01026643E7
32587    20150217	2.0105331466666665E7
32587    20150306	2.0108000733333334E7
32587    20150424	2.0110344733333334E7
32587    20150609	2.0112684233333334E7
32587    20150714	2.0115020433333334E7
32587    20150715	2.01173506E7
32587    20150727	2.0119671166666668E7
32587    20150927	2.01219946E7
32587    20151103	2.0124323833333332E7
32587    20151109	2.0126356666666668E7
32587    20151205	2.0128389866666667E7
32587    20151212	2.01304198E7
32587    20160515	2.01327565E7
32587    20160721	2.0135080066666666E7
32587    20160723	2.0137093266666666E7
32587    20160801	2.0139105633333333E7
32587    20160816	2.0141092666666668E7
