329    19960830	1.9960618866666667E7
329    19960905	1.9960638033333335E7
329    19960906	1.9960651266666666E7
329    19960909	1.9960664533333335E7
329    19960910	1.99606778E7
329    19960919	1.99606913E7
329    19960920	1.99607048E7
329    19960921	1.9960718233333334E7
329    19961007	1.99607345E7
329    19961015	1.9960750933333334E7
329    19961016	1.99607674E7
329    19961017	1.9960783866666667E7
329    19961023	1.9960800466666665E7
329    19961026	1.9960817066666666E7
329    19961027	1.99608311E7
329    19961106	1.9960847633333333E7
329    19961108	1.9960864E7
329    19961110	1.9960880433333334E7
329    19961115	1.9960896866666667E7
329    19961116	1.9960913133333333E7
329    19961120	3.99218725E7
329    19961122	1.9960956533333335E7
329    19961124	1.99609701E7
329    19961125	1.9960983466666665E7
329    19961216	1.99609997E7
329    19961229	1.9961013966666665E7
329    19970121	3.99229585E7
329    19970205	1.9961946966666665E7
329    19970303	1.9962262733333334E7
329    19971114	1.9962603033333335E7
329    19980610	1.9963259833333332E7
329    19981002	1.99639296E7
329    19981207	1.9964606166666668E7
329    19991211	1.99656159E7
329    19991216	1.9966625766666666E7
329    20000205	1.9967935233333334E7
329    20000219	1.99692423E7
329    20000406	1.9970555333333332E7
329    20000424	1.9971868933333334E7
329    20000425	1.9973182533333335E7
329    20000731	1.9974506133333333E7
329    20000803	1.9975832033333335E7
329    20001121	1.99771685E7
329    20001128	1.9978502566666666E7
329    20001221	1.9979839666666668E7
329    20001228	1.9981176933333334E7
329    20010717	1.9982830333333332E7
329    20020316	1.9984803666666668E7
329    20020405	1.9986779833333332E7
329    20020425	1.9988756666666668E7
329    20030224	1.9991060066666666E7
329    20030415	1.9993369766666666E7
329    20030527	1.9995683166666668E7
329    20030730	1.99980003E7
329    20040808	2.0000652933333334E7
329    20040818	2.00030095E7
329    20040820	2.0005366133333333E7
329    20040830	2.00077203E7
329    20040929	2.00100745E7
329    20041202	2.0012410766666666E7
329    20050128	2.0014728033333335E7
329    20050211	2.0017035E7
329    20050321	2.00193388E7
329    20050412	2.0021312166666668E7
329    20060131	2.0023609333333332E7
329    20060418	2.0025616433333334E7
329    20061111	2.0027646166666668E7
329    20070228	2.0029973566666666E7
329    20070703	2.00323162E7
329    20080412	2.0034982433333334E7
329    20081130	2.00376624E7
329    20081210	2.0040342633333333E7
329    20090124	2.00433094E7
329    20090721	2.0046295833333332E7
329    20100516	2.0049605666666668E7
329    20110127	2.0053235633333333E7
329    20110429	2.0056559366666667E7
329    20130218	2.0060222766666666E7
329    20150226	2.0064550133333333E7
329    20151020	2.00689033E7
329    20151110	2.0072932833333332E7
329    20160816	2.0077279533333335E7
329    20160909	2.00816256E7
