33166    20091127	2.00682188E7
33166    20100327	2.0069879333333332E7
33166    20101214	2.0071549166666668E7
33166    20111124	2.0073249066666666E7
33166    20120207	2.0075248766666666E7
33166    20120501	2.0077255133333333E7
33166    20120609	2.00792647E7
33166    20120731	2.0081275433333334E7
33166    20120802	2.0083288233333334E7
33166    20140525	2.0085955166666668E7
33166    20141116	2.0088641466666665E7
33166    20141206	2.0091330766666666E7
33166    20150224	2.0094318033333335E7
33166    20150715	2.0097317966666665E7
33166    20151024	2.01003254E7
33166    20151109	2.0103335033333335E7
33166    20160608	2.0106661166666668E7
33166    20160804	2.0109990766666666E7
33166    20160816	2.0113314233333334E7
