333    20001117	1.99713958E7
333    20001120	1.9972752666666668E7
333    20020116	1.9974742733333334E7
333    20020224	1.99767329E7
333    20031022	1.9979083E7
333    20040726	1.9981756433333334E7
333    20050423	1.99847502E7
333    20050608	1.9987749966666665E7
333    20050926	1.9990756966666665E7
333    20060223	1.9994073533333335E7
333    20080711	1.9998072933333334E7
333    20080816	2.0002072466666665E7
333    20091015	2.00064059E7
333    20091116	2.00107391E7
333    20110127	2.0015705933333334E7
333    20110212	2.0020675533333335E7
333    20130601	2.00263217E7
333    20131212	2.00319878E7
333    20160730	2.0038341433333334E7
333    20160804	2.0044697433333334E7
333    20160816	2.0051051133333333E7
