33493    20080623	2.0059023133333333E7
33493    20080701	2.0060029066666666E7
33493    20080810	2.0061035966666665E7
33493    20080904	2.0062045966666665E7
33493    20090124	2.0063363166666668E7
33493    20090413	2.00646899E7
33493    20091015	2.0066036566666666E7
33493    20091020	2.0067383166666668E7
33493    20100327	2.0069036833333332E7
33493    20100516	2.0070687166666668E7
33493    20110127	2.00726573E7
33493    20110901	2.0074650633333333E7
33493    20111211	2.0076654E7
33493    20120502	2.0078966766666666E7
33493    20120622	2.0080983166666668E7
33493    20120628	2.0082997333333332E7
33493    20140126	2.0085654266666666E7
33493    20150203	2.00886438E7
33493    20150522	2.0091643666666668E7
33493    20150711	2.0094643433333334E7
33493    20150715	2.00976433E7
33493    20150913	2.0100649366666667E7
33493    20150917	2.0103649133333333E7
33493    20151112	2.0106652133333333E7
33493    20151119	2.0109652366666667E7
33493    20160215	2.01129519E7
33493    20160416	2.0115958166666668E7
33493    20160507	2.0118965E7
33493    20160511	2.0121634966666665E7
33493    20160608	2.01243013E7
33493    20160626	2.0126968066666666E7
33493    20160721	2.01296354E7
33493    20160723	2.0132299166666668E7
