3361    20041010	2.0009906166666668E7
3361    20050317	2.00115733E7
3361    20050413	2.00132434E7
3361    20060220	2.00152372E7
3361    20060305	2.0017233733333334E7
3361    20060821	2.0019246966666665E7
3361    20070228	2.0021573733333334E7
3361    20070407	2.0023903833333332E7
3361    20080816	2.0026580333333332E7
3361    20090107	2.00295638E7
3361    20091223	2.0032584466666665E7
3361    20110127	2.0036218433333334E7
3361    20120522	2.00401985E7
3361    20120622	2.00441819E7
3361    20160626	2.00494958E7
