33679    20140303	2.0079257366666667E7
33679    20150203	2.00825769E7
33679    20150714	2.0085906733333334E7
33679    20150715	2.00892267E7
33679    20150727	2.0092247266666666E7
33679    20150913	2.0095274033333335E7
33679    20150930	2.0098297566666666E7
33679    20151104	2.0101323733333334E7
33679    20151109	2.01043498E7
33679    20151129	2.0107369933333334E7
33679    20160215	2.0110690066666666E7
33679    20160216	2.01140065E7
33679    20160330	2.0117320033333335E7
33679    20160410	2.0120629966666665E7
33679    20160416	2.01239362E7
33679    20160507	2.0126949533333335E7
33679    20160508	2.0129956433333334E7
33679    20160519	2.0132616933333334E7
33679    20160729	2.01352841E7
33679    20160816	2.0137950766666666E7
