337    19970131	1.9961378633333333E7
337    19970205	1.99617078E7
337    19970303	1.99620375E7
337    19970417	1.9962370933333334E7
337    19971114	1.9962724333333332E7
337    19981007	1.9963407433333334E7
337    19991213	3.99298839E7
337    19991217	1.99664737E7
337    20000122	1.99677907E7
337    20000131	1.99691079E7
337    20000401	1.9970433966666665E7
337    20000418	1.99717605E7
337    20000425	1.99730872E7
337    20000505	1.9974413833333332E7
337    20000509	1.99757403E7
337    20000602	1.99770698E7
337    20000612	1.99783968E7
337    20000703	1.9979726666666668E7
337    20000801	1.9981056633333333E7
337    20000811	1.9982386666666668E7
337    20001002	1.9983719833333332E7
337    20001010	1.99850531E7
337    20001108	1.99863894E7
337    20001121	1.99877261E7
337    20001209	1.9989062833333332E7
337    20010620	1.9990712966666665E7
337    20020104	1.9992679033333335E7
337    20020117	1.99946424E7
337    20020201	1.9996311733333334E7
337    20030516	1.9998324566666666E7
337    20031230	2.0000358733333334E7
337    20040823	2.00027094E7
337    20050207	2.0005369066666666E7
337    20050323	2.0008009366666667E7
337    20050723	2.0010333233333334E7
337    20060118	2.0012630066666666E7
337    20060203	2.0014929733333334E7
337    20060215	2.0017229666666668E7
337    20060220	2.0019232933333334E7
337    20060224	2.0021236033333335E7
337    20060418	2.00232366E7
337    20060526	2.00252402E7
337    20060820	2.0027253366666667E7
337    20080711	2.00299269E7
337    20080810	2.00326036E7
337    20081210	2.0035290533333335E7
337    20090414	2.0038283933333334E7
337    20090501	2.00412772E7
337    20100925	2.0044614666666668E7
337    20110127	2.0048258533333335E7
337    20110509	2.0051908766666666E7
337    20120622	2.0055895833333332E7
337    20120630	2.00598799E7
337    20141206	2.00645494E7
337    20150714	4.01437356E7
337    20160115	2.0078869733333334E7
337    20160713	2.0083556266666666E7
