33794    20061207	2.0056083933333334E7
33794    20061229	2.0056437633333333E7
33794    20070228	2.0057091166666668E7
33794    20070302	2.0057746933333334E7
33794    20080126	2.0058727766666666E7
33794    20080424	2.00597177E7
33794    20080618	2.0060711E7
33794    20080627	2.0061704566666666E7
33794    20080701	2.0062697033333335E7
33794    20080714	2.0063686733333334E7
33794    20080816	2.0064679833333332E7
33794    20080910	2.0065673166666668E7
33794    20081028	2.0066670266666666E7
33794    20090124	2.00679702E7
33794    20090209	2.0069269866666667E7
33794    20090414	2.00702769E7
33794    20091020	2.00713007E7
33794    20091023	2.0072324066666666E7
33794    20091107	2.0073350066666666E7
33794    20100126	2.00746739E7
33794    20100420	2.00760073E7
33794    20100430	2.00773376E7
33794    20100517	2.00786706E7
33794    20101006	2.0080017266666666E7
33794    20101207	2.0081366933333334E7
33794    20101215	2.0082714066666666E7
33794    20110127	2.0084357833333332E7
33794    20110429	2.00860112E7
33794    20110901	2.00876771E7
33794    20111120	2.0089344166666668E7
33794    20120120	2.0091307933333334E7
33794    20120501	2.0093283666666668E7
33794    20120626	2.00949636E7
33794    20120731	2.0096644566666666E7
33794    20120818	2.0098000966666665E7
33794    20120824	2.0099347633333333E7
33794    20121113	2.0100697466666665E7
33794    20121114	2.0102047033333335E7
33794    20121123	2.0103394433333334E7
33794    20130127	2.0105041533333335E7
33794    20130218	2.0106688266666666E7
33794    20130310	2.0108334933333334E7
33794    20130419	2.01099813E7
33794    20130927	2.01113414E7
33794    20140202	2.0113007833333332E7
33794    20140825	2.01146882E7
33794    20141115	2.0116358033333335E7
33794    20141206	2.01180308E7
33794    20150203	2.0120000666666668E7
33794    20150217	2.0121670366666667E7
33794    20150304	2.0123333166666668E7
33794    20150306	2.01249957E7
33794    20150424	2.0126659266666666E7
33794    20150522	2.01283098E7
33794    20150823	2.0129963666666668E7
33794    20150913	2.0131620266666666E7
33794    20150917	2.0132979933333334E7
33794    20150927	2.0134329866666667E7
33794    20150930	2.0135664166666668E7
33794    20151104	2.0136996966666665E7
33794    20151109	2.0138029933333334E7
33794    20151129	2.0139050866666667E7
33794    20151205	4.028115613333333E7
33794    20160123	2.0142396133333333E7
33794    20160416	2.0143715866666667E7
33794    20160427	2.0145026333333332E7
33794    20160507	2.0146339433333334E7
33794    20160608	2.01476556E7
33794    20160626	4.029835806666667E7
33794    20160721	2.0150699533333335E7
33794    20160723	2.0151709666666668E7
33794    20160804	2.0152705566666666E7
33794    20160907	2.0153395733333334E7
33794    20161006	2.0154068433333334E7
