339    19960909	1.9960649766666666E7
339    19960921	1.9960669466666665E7
339    19960926	1.9960686533333335E7
339    19961003	1.9960706166666668E7
339    19961007	1.9960725766666666E7
339    19961019	1.9960742433333334E7
339    19961106	3.9921543233333334E7
339    19961107	1.9960800733333334E7
339    19961108	1.99608175E7
339    19961115	1.9960834466666665E7
339    19961120	1.9960851466666665E7
339    19961122	1.9960868466666665E7
339    19961216	1.9960888433333334E7
339    19970127	1.9961205433333334E7
339    19970205	1.9961524966666665E7
339    19970623	1.9961858366666667E7
339    19971114	1.99622079E7
339    19991012	1.99632181E7
339    19991101	1.9964230933333334E7
339    19991216	1.9965247566666666E7
339    20000131	1.9966561133333333E7
339    20000504	1.9967887066666666E7
339    20000602	1.9969213733333334E7
339    20000605	1.9970540333333332E7
339    20001104	1.9971883366666667E7
339    20001114	1.9973226666666668E7
339    20001120	1.9974569933333334E7
339    20001121	1.99759131E7
339    20001209	1.9977256433333334E7
339    20010606	1.9978913E7
339    20010620	1.9980569633333333E7
339    20010715	1.9982229266666666E7
339    20020201	1.9984202533333335E7
339    20020316	1.99861795E7
339    20020412	1.9988159266666666E7
339    20030409	1.9990469366666667E7
339    20030827	1.99927934E7
339    20040526	1.99954407E7
339    20040726	1.9998094633333333E7
339    20041010	2.00007578E7
339    20041013	2.00034209E7
339    20041110	2.0006087166666668E7
339    20050104	2.00090501E7
339    20050110	2.00117162E7
339    20050125	2.00143802E7
339    20050322	4.003671393333333E7
339    20050723	2.0021667466666665E7
339    20050728	2.0023655033333335E7
339    20051101	2.00256512E7
339    20051116	2.00273507E7
339    20060130	2.0029338233333334E7
339    20060203	2.0031324933333334E7
339    20060215	2.0033311933333334E7
339    20060418	2.0035289066666666E7
339    20060721	2.0037275966666665E7
339    20061111	2.0039275666666668E7
339    20061229	2.0041279266666666E7
339    20080126	2.0043909833333332E7
339    20080810	2.0046249966666665E7
339    20090414	2.0048909766666666E7
339    20100430	2.0051900266666666E7
339    20110127	2.00548978E7
339    20110307	2.00578975E7
339    20110509	2.0060900733333334E7
339    20110901	2.00635838E7
339    20120622	2.0066576966666665E7
339    20130621	2.0069580133333333E7
339    20150814	2.0073249733333334E7
339    20160330	2.0077227066666666E7
339    20160507	2.00812102E7
