34    19961019	1.9960750166666668E7
34    19961026	1.9960773366666667E7
34    19961106	3.9921613E7
34    19961116	1.9960836466666665E7
34    19961120	1.9960856366666667E7
34    19961122	1.9960876266666666E7
34    19961125	1.9960896166666668E7
34    19961216	1.99609165E7
34    19961229	1.9960937066666666E7
34    19970109	1.99612534E7
34    19970121	3.99234529E7
34    19970131	1.9962196566666666E7
34    19970205	1.996251E7
34    19980101	1.9963152933333334E7
34    19980201	1.9963799133333333E7
34    19981007	1.9964472166666668E7
34    19990928	1.99654758E7
34    19991001	1.9966481633333333E7
34    19991002	1.9967487366666667E7
34    19991003	1.9968490733333334E7
34    19991004	1.99694939E7
34    19991007	3.994199713333333E7
34    19991012	1.9972503033333335E7
34    19991023	1.9973506333333332E7
34    19991024	1.9974507033333335E7
34    19991101	1.9975510166666668E7
34    19991123	1.9976513866666667E7
34    19991211	1.9977520266666666E7
34    19991216	1.99785266E7
34    20000104	1.9979826533333335E7
34    20000107	1.9981126566666666E7
34    20000117	1.99824266E7
34    20000131	1.9983726966666665E7
34    20000207	3.9971362333333336E7
34    20000402	1.9987638733333334E7
34    20000424	1.9988945233333334E7
34    20000425	1.9989955766666666E7
34    20000505	1.9990968566666666E7
34    20000602	3.99849849E7
34    20000731	1.9994017833333332E7
34    20001002	1.9994714533333335E7
34    20001104	1.99954113E7
34    20001114	1.9996081533333335E7
34    20001117	1.9996421166666668E7
34    20001118	1.99967584E7
34    20001120	5.9992298666666664E7
34    20001208	1.9998110133333333E7
34    20010122	1.99987473E7
34    20010130	1.9999384566666666E7
34    20010225	2.0000024633333333E7
34    20010715	2.0000681E7
34    20010815	2.0001338133333333E7
34    20020201	2.00023074E7
34    20021204	2.0003307166666668E7
34    20021228	2.0004307566666666E7
34    20030303	2.00053142E7
34    20030307	2.0006320866666667E7
34    20030827	2.0007344533333335E7
34    20030929	2.0008371133333333E7
34    20031101	2.0009400933333334E7
34    20031204	2.0010434166666668E7
34    20040808	2.0011781033333335E7
34    20040903	2.0013130333333332E7
34    20041027	2.0014483733333334E7
34    20050110	2.0016137233333334E7
34    20050128	2.00177881E7
34    20050305	2.0019444866666667E7
34    20050310	2.00210975E7
34    20050321	2.0022741466666665E7
34    20050328	2.0024382266666666E7
34    20050331	2.0026022833333332E7
34    20050723	2.0027676366666667E7
34    20060203	2.0029645866666667E7
34    20060418	2.0031622466666665E7
34    20060518	2.00336024E7
34    20060721	2.00355891E7
34    20061111	2.0037585866666667E7
34    20061221	2.0039289166666668E7
34    20061229	2.0040992466666665E7
34    20070303	2.0042995066666666E7
34    20070703	2.0044994666666668E7
34    20080711	2.0047324533333335E7
34    20080714	2.0049341633333333E7
34    20080810	2.00513285E7
34    20081028	2.0053321833333332E7
34    20081128	2.0055016E7
34    20081210	2.0056712766666666E7
34    20090402	2.00586986E7
34    20090422	2.00606817E7
34    20091015	2.0062678833333332E7
34    20100430	2.0064986366666667E7
34    20100807	2.0066986333333332E7
34    20101001	2.00689896E7
34    20110127	2.0071292933333334E7
34    20110429	2.0073303566666666E7
34    20110509	2.0075316266666666E7
34    20110901	2.0077336133333333E7
34    20111124	2.0079363266666666E7
34    20111211	2.0081392933333334E7
34    20120629	2.00837363E7
34    20120808	2.0086085533333335E7
34    20130404	2.0088741566666666E7
34    20130424	2.0091082266666666E7
34    20130620	2.0093422333333332E7
34    20150611	2.0096425433333334E7
34    20150614	2.0099421866666667E7
34    20151129	2.0102422466666665E7
34    20151230	2.0105422766666666E7
34    20160115	2.0108718966666665E7
34    20160507	2.0111725766666666E7
34    20160524	2.01147198E7
34    20160816	2.0117389966666665E7
