3408    20020921	2.0007607133333333E7
3408    20020929	2.0008291E7
3408    20030307	2.0009287066666666E7
3408    20030308	2.00102804E7
3408    20030406	2.0011276966666665E7
3408    20030424	2.00122739E7
3408    20030520	2.00132739E7
3408    20030819	2.0014283833333332E7
3408    20031022	2.00152978E7
3408    20040306	2.00166209E7
3408    20040317	2.00179347E7
3408    20040526	2.0019255433333334E7
3408    20040726	2.00205796E7
3408    20040802	2.0021905833333332E7
3408    20041027	2.0023239366666667E7
3408    20050110	2.0024872366666667E7
3408    20050305	2.0026509166666668E7
3408    20050320	2.0027845566666666E7
3408    20050322	2.0029178733333334E7
3408    20050403	2.00305121E7
3408    20050410	2.00318388E7
3408    20050423	2.0033165566666666E7
3408    20050923	2.0034502366666667E7
3408    20051110	4.007269786666667E7
3408    20051116	2.0037899E7
3408    20060131	2.0039232633333333E7
3408    20060215	2.0040565766666666E7
3408    20060322	2.00418998E7
3408    20060418	2.0043233266666666E7
3408    20060523	2.0044553333333332E7
3408    20060525	2.00458732E7
3408    20060821	2.0046890333333332E7
3408    20061112	2.0047917133333333E7
3408    20061211	2.0048943966666665E7
3408    20061229	2.00499708E7
3408    20070707	2.0051310366666667E7
3408    20080126	2.0052953933333334E7
3408    20080810	2.0054613533333335E7
3408    20081210	2.0055977E7
3408    20090201	2.00576398E7
3408    20090414	2.0059302733333334E7
3408    20110509	2.0061628833333332E7
3408    20110901	2.0063965466666665E7
3408    20120622	2.0066618633333333E7
3408    20120629	2.0068969266666666E7
3408    20130620	2.0071646433333334E7
3408    20140303	2.0074645866666667E7
3408    20150523	2.00779859E7
3408    20150610	2.0081326133333333E7
3408    20150720	2.00846698E7
3408    20150727	2.0088013266666666E7
3408    20150814	2.0091342966666665E7
3408    20150926	2.0094670166666668E7
3408    20160507	2.0098316733333334E7
3408    20160729	2.01019705E7
