3418    20040820	2.0010249266666666E7
3418    20041010	2.00116061E7
3418    20050322	2.0013273233333334E7
3418    20050410	2.0014943266666666E7
3418    20050426	2.00166138E7
3418    20050518	2.00182842E7
3418    20060224	2.0020277533333335E7
3418    20070708	2.00226203E7
3418    20080126	2.0025276933333334E7
3418    20081128	2.00279644E7
3418    20081210	2.0030651333333332E7
3418    20090414	2.0033645066666666E7
3418    20110307	2.0037301866666667E7
3418    20120122	2.0041272266666666E7
3418    20120622	2.0045256066666666E7
3418    20150814	2.0050245866666667E7
