342    20000703	1.99740638E7
342    20001121	1.9975420766666666E7
342    20001201	1.9976776833333332E7
342    20001209	1.9978133066666666E7
342    20010407	1.99797959E7
342    20010620	1.99814627E7
342    20010720	1.99831328E7
342    20030307	1.9985455566666666E7
342    20030714	1.9987789166666668E7
342    20030929	1.9990123166666668E7
342    20031022	1.9992457133333333E7
342    20031230	1.9994797733333334E7
342    20040114	1.9997434233333334E7
342    20050129	2.0000401666666668E7
342    20050228	2.00033724E7
342    20050305	2.0006345366666667E7
342    20050321	2.0009318666666668E7
342    20050322	2.0011992033333335E7
342    20050419	2.0014635533333335E7
342    20050420	2.0016969466666665E7
342    20061226	2.00196631E7
342    20080810	2.00230031E7
342    20110506	2.0026995766666666E7
342    20130109	2.0031632333333332E7
342    20130218	2.0036266133333333E7
342    20140421	2.0041239633333333E7
342    20160626	2.0046589766666666E7
