3421    20031021	2.0008976066666666E7
3421    20031230	2.00100068E7
3421    20040601	2.0011349866666667E7
3421    20040921	2.0012703433333334E7
3421    20041021	2.0014057266666666E7
3421    20050211	2.0015717433333334E7
3421    20050322	2.00173807E7
3421    20050323	2.0019043966666665E7
3421    20050401	2.00207072E7
3421    20050426	2.00223707E7
3421    20051006	2.0024050833333332E7
3421    20060411	2.0026044433333334E7
3421    20060418	2.0028037866666667E7
3421    20060813	2.0030027833333332E7
3421    20060821	2.0032017866666667E7
3421    20061108	2.00340173E7
3421    20061223	2.00360205E7
3421    20061229	2.00380212E7
3421    20080810	2.0040378166666668E7
3421    20081210	2.0042747766666666E7
3421    20090207	2.00453977E7
3421    20091020	2.00480715E7
3421    20110429	2.00513786E7
3421    20111015	2.0054408533333335E7
3421    20120724	2.00577593E7
3421    20140202	2.00617521E7
3421    20160410	2.00663923E7
3421    20160626	2.0070732866666667E7
3421    20160801	2.0075062466666665E7
3421    20160816	2.0079392533333335E7
