344    19960716	1.99605737E7
344    19960717	1.99605866E7
344    19960729	1.99605971E7
344    19960801	1.996061E7
344    19960802	1.9960622766666666E7
344    19960807	1.9960632533333335E7
344    19960813	1.9960642466666665E7
344    19960815	1.9960652333333332E7
344    19960816	1.9960662233333334E7
344    19960826	1.9960672366666667E7
344    19960830	1.9960682633333333E7
344    19960902	1.9960695266666666E7
344    19960905	1.9960707833333332E7
344    19960906	1.9960717866666667E7
344    19960909	1.9960727966666665E7
344    19960910	1.9960737966666665E7
344    19960919	1.99607482E7
344    19960920	1.9960758466666665E7
344    19960921	1.99607687E7
344    19960924	1.9960779E7
344    19960926	1.99607893E7
344    19961007	1.99608023E7
344    19961012	1.99608154E7
344    19961015	1.9960828566666666E7
344    19961016	1.99608417E7
344    19961017	1.9960854666666668E7
344    19961019	1.9960867666666668E7
344    19961020	1.9960878133333333E7
344    19961023	1.99608886E7
344    19961027	1.9960899E7
344    19961106	3.992183696666667E7
344    19961107	1.9960937566666666E7
344    19961108	1.99609478E7
344    19961110	1.9960958066666666E7
344    19961115	1.9960968333333332E7
344    19961120	1.9960978566666666E7
344    19961122	1.99609888E7
344    19970121	1.9961298966666665E7
344    19970124	1.99616089E7
344    19970127	1.99619188E7
344    19970205	1.99622289E7
344    19970303	1.9962542166666668E7
344    19970603	1.99628654E7
344    19991012	1.9963868833333332E7
344    19991116	1.99648757E7
344    19991210	1.99658854E7
344    19991216	1.9966895266666666E7
344    19991226	1.9967905433333334E7
344    19991229	1.99689156E7
344    20000131	1.9970222433333334E7
344    20000317	1.9971532766666666E7
344    20000508	1.99728493E7
344    20000602	1.9974168866666667E7
344    20000615	1.9975488833333332E7
344    20000731	1.9976812633333333E7
344    20001002	1.99781454E7
344    20001117	1.9979481966666665E7
344    20001120	1.9980818533333335E7
344    20001125	1.9982155133333333E7
344    20001209	1.99834919E7
344    20010110	1.9985125366666667E7
344    20010122	1.99867592E7
344    20010620	1.99884096E7
344    20010623	1.9990060033333335E7
344    20010706	1.9991713066666666E7
344    20010806	1.9993369266666666E7
344    20020418	1.99953458E7
344    20020923	1.99970392E7
344    20040214	1.9999375533333335E7
344    20040216	2.0001711833333332E7
344    20040820	2.0004065666666668E7
344    20040903	2.0006419E7
344    20041010	2.00087659E7
344    20041110	2.0010435833333332E7
344    20041115	2.0012102466666665E7
344    20041128	2.00137664E7
344    20041202	2.00154326E7
344    20050110	2.00173954E7
344    20050128	2.00193587E7
344    20050309	2.00210313E7
344    20050322	2.0022698133333333E7
344    20050331	2.00243589E7
344    20050412	2.0026019233333334E7
344    20050416	2.0027679266666666E7
344    20050419	2.0029335533333335E7
344    20050518	2.0030986066666666E7
344    20051023	2.00326496E7
344    20051122	2.0034316333333332E7
344    20060217	2.0036286066666666E7
344    20060224	2.0038253233333334E7
344    20060418	2.0039930166666668E7
344    20060526	2.00416103E7
344    20060720	2.00432803E7
344    20060924	2.0044957E7
344    20061109	2.00466371E7
344    20061112	2.0048313966666665E7
344    20061123	2.00496708E7
344    20061229	2.0051014333333332E7
344    20070302	2.0052017266666666E7
344    20070627	2.0053030966666665E7
344    20070703	2.0054027066666666E7
344    20080126	2.00553345E7
344    20080618	2.0056654766666666E7
344    20080623	2.0057971866666667E7
344    20080711	2.0059291733333334E7
344    20080810	2.0060614466666665E7
344    20081028	2.0061942E7
344    20081129	2.0062975966666665E7
344    20081130	2.0064009366666667E7
344    20081210	2.00650394E7
344    20090124	2.0066366133333333E7
344    20090313	2.0067698866666667E7
344    20090402	2.0069031866666667E7
344    20090414	2.0070365133333333E7
344    20091013	2.0071718266666666E7
344    20091020	2.0073068333333332E7
344    20091107	2.0074404466666665E7
344    20100126	2.0076037933333334E7
344    20100327	2.0077374933333334E7
344    20100625	2.0078721633333333E7
344    20100626	2.00800619E7
344    20101001	2.0081411066666666E7
344    20101207	2.0082760633333333E7
344    20110127	2.0084400733333334E7
344    20110222	2.0086037833333332E7
344    20110429	2.0087681733333334E7
344    20110901	2.0089341E7
344    20111124	2.0091004166666668E7
344    20120611	2.0092681133333333E7
344    20120628	2.0094347833333332E7
344    20121111	2.00960281E7
344    20121123	2.0097394666666668E7
344    20130205	2.0099047566666666E7
344    20130218	2.0100700733333334E7
344    20130414	2.01023575E7
344    20130424	2.01040113E7
344    20131212	2.01056841E7
344    20140126	2.0107650666666668E7
344    20140202	2.0109619733333334E7
344    20150304	2.0111922866666667E7
344    20150609	2.0113939033333335E7
344    20150611	2.0115948966666665E7
344    20160115	2.0118272733333334E7
344    20160507	2.0120609166666668E7
344    20160816	2.0122935933333334E7
