3448    20050322	2.0012971933333334E7
3448    20050403	2.0014641766666666E7
3448    20050409	2.0016311766666666E7
3448    20050413	2.0017981733333334E7
3448    20050829	2.00196626E7
3448    20051023	2.0021349833333332E7
3448    20060128	2.0023339933333334E7
3448    20060130	2.0025327466666665E7
3448    20060203	2.0027317266666666E7
3448    20060609	2.0029317466666665E7
3448    20060820	2.0031320433333334E7
3448    20071026	2.0033657833333332E7
3448    20080816	2.0036314733333334E7
3448    20081128	2.0038981866666667E7
3448    20090131	2.00419489E7
3448    20090414	2.0044922433333334E7
3448    20090606	2.0047902333333332E7
3448    20091015	2.0050599266666666E7
3448    20110127	2.0053930033333335E7
3448    20110307	2.0057239633333333E7
3448    20120622	2.00605899E7
3448    20140501	2.00645999E7
3448    20150306	2.00689295E7
3448    20150609	2.0073259766666666E7
