345    20010402	1.9984124133333333E7
345    20010407	1.9985786866666667E7
345    20030926	1.99881306E7
345    20040114	1.99907739E7
345    20040317	1.99934174E7
345    20040921	1.9996078E7
345    20041010	1.9998741466666665E7
345    20041121	2.00014083E7
345    20041202	2.0004074066666666E7
345    20050129	2.0006741E7
345    20050317	2.00094114E7
345    20050410	2.0012081633333333E7
345    20050426	2.0014725366666667E7
345    20050518	2.0017035733333334E7
345    20060526	2.0019362366666667E7
345    20061226	2.0021703133333333E7
345    20080810	2.0024696566666666E7
345    20090414	2.0028009966666665E7
345    20120122	2.0032313233333334E7
