3471    20040526	2.00109511E7
3471    20040531	2.00122917E7
3471    20040830	2.0013642E7
3471    20040903	2.0014994733333334E7
3471    20041027	2.0016348733333334E7
3471    20050129	2.0018006066666666E7
3471    20050322	2.0019669333333332E7
3471    20050331	2.0021332866666667E7
3471    20050403	2.00229929E7
3471    20050627	2.0024660366666667E7
3471    20051023	2.0026336766666666E7
3471    20060418	2.0028323933333334E7
3471    20060518	2.0030304266666666E7
3471    20060526	2.0032284466666665E7
3471    20060718	2.00342677E7
3471    20060905	2.0036257033333335E7
3471    20070708	2.0038277266666666E7
3471    20100126	2.0041278066666666E7
3471    20100329	2.0044284966666665E7
3471    20101207	2.0047301566666666E7
3471    20101215	2.0050314966666665E7
3471    20110127	2.00536188E7
3471    20110319	2.0056925766666666E7
3471    20110429	2.0059926133333333E7
3471    20110509	2.0062912833333332E7
3471    20110901	2.00659091E7
3471    20120622	2.0068922366666667E7
3471    20121111	2.0071925333333332E7
3471    20130218	2.00749288E7
3471    20150715	2.00786091E7
3471    20150720	2.0082282233333334E7
3471    20160410	2.00862782E7
3471    20160507	2.0090267433333334E7
