3481    20030409	2.0006798633333333E7
3481    20030517	2.0007802466666665E7
3481    20030730	2.0008812666666668E7
3481    20030922	2.0009829233333334E7
3481    20031114	2.0010849433333334E7
3481    20031230	2.0011873233333334E7
3481    20040114	2.0013190266666666E7
3481    20040306	2.0014513366666667E7
3481    20040423	2.0015827433333334E7
3481    20040526	2.00171449E7
3481    20040726	2.0018468433333334E7
3481    20040921	2.00197982E7
3481    20041010	2.00211279E7
3481    20041027	2.0022458133333333E7
3481    20050305	2.0024097633333333E7
3481    20050320	2.00257374E7
3481    20050322	2.0027377133333333E7
3481    20050323	2.00290143E7
3481    20050426	2.0030654633333333E7
3481    20050831	2.00320123E7
3481    20060128	2.0033679733333334E7
3481    20060130	2.0035343933333334E7
3481    20060203	2.0036996666666668E7
3481    20060215	2.0038643333333332E7
3481    20060418	2.00402834E7
3481    20060527	2.00419266E7
3481    20060718	2.0043273333333332E7
3481    20060814	2.0044603033333335E7
3481    20060821	2.0045923466666665E7
3481    20061207	2.00472561E7
3481    20061229	2.0048283433333334E7
3481    20070101	2.00496029E7
3481    20080205	2.0051252066666666E7
3481    20080910	2.0052918333333332E7
3481    20081210	2.00545882E7
3481    20090414	2.0056561E7
3481    20090621	2.0058244566666666E7
3481    20100829	2.0060262E7
3481    20100902	2.0062277966666665E7
3481    20110222	2.0064601166666668E7
3481    20110429	2.00669246E7
3481    20110901	2.0069257266666666E7
3481    20111108	2.0071593866666667E7
3481    20120502	2.0074243033333335E7
3481    20120622	2.0076586933333334E7
3481    20120731	2.0078933966666665E7
3481    20120925	2.00812874E7
3481    20121020	2.0083643966666665E7
3481    20121123	2.0086000533333335E7
3481    20150224	2.0089313633333333E7
3481    20150304	2.00923195E7
3481    20150609	2.0095335466666665E7
3481    20150701	2.0098352066666666E7
3481    20160216	2.0101685433333334E7
3481    20160416	2.01050187E7
3481    20160427	2.01083487E7
3481    20160524	2.0111675566666666E7
3481    20160724	2.01150059E7
3481    20160816	2.0118339066666666E7
