349    19960813	1.9960606433333334E7
349    19960815	1.99606198E7
349    19960816	1.99606332E7
349    19960819	1.9960646533333335E7
349    19960826	1.9960657333333332E7
349    19960830	1.9960667933333334E7
349    19960906	1.9960680966666665E7
349    19960909	1.9960693966666665E7
349    19960910	1.99607069E7
349    19960919	1.99607201E7
349    19960924	1.99607334E7
349    19960926	1.9960746666666668E7
349    19961007	1.9960762566666666E7
349    19961012	1.99607761E7
349    19961016	1.9960789633333333E7
349    19961019	1.99608032E7
349    19961023	1.9960816833333332E7
349    19961026	1.9960830533333335E7
349    19961106	3.99217099E7
349    19961107	1.9960879266666666E7
349    19961108	1.9960892666666668E7
349    19961110	1.9960906033333335E7
349    19961115	1.9960919366666667E7
349    19961120	1.9960932833333332E7
349    19961122	1.9960946333333332E7
349    19961125	1.99609597E7
349    19961216	1.9960976033333335E7
349    19970205	1.99612919E7
349    19970303	1.9961608633333333E7
349    19970623	1.9961935633333333E7
349    19971114	1.9962278933333334E7
349    19980616	1.9962938933333334E7
349    19980814	1.9963605433333334E7
349    19981002	1.9964277966666665E7
349    19991012	1.9965284033333335E7
349    19991215	1.9966294333333332E7
349    19991228	1.9967304966666665E7
349    19991229	1.99683156E7
349    20000107	1.9969621866666667E7
349    20000122	1.9970928466666665E7
349    20000205	1.9972237766666666E7
349    20000314	1.9973548E7
349    20000423	1.99748617E7
349    20000425	1.9976175333333332E7
349    20000602	1.9977494766666666E7
349    20000731	1.9978818366666667E7
349    20001104	1.99801543E7
349    20001120	1.99814881E7
349    20001128	1.9982822166666668E7
349    20001209	1.99841589E7
349    20010107	1.99857922E7
349    20010708	1.9987445466666665E7
349    20010717	1.9989098866666667E7
349    20010815	1.9990755366666667E7
349    20020201	1.9992724666666668E7
349    20020418	1.99947011E7
349    20030429	1.99970082E7
349    20040808	1.9999361633333333E7
349    20040830	2.0001712533333335E7
349    20041014	2.00040589E7
349    20041122	2.00063925E7
349    20050310	2.0008715633333333E7
349    20050321	2.0011032533333335E7
349    20050322	2.00133432E7
349    20050405	2.0015322966666665E7
349    20050423	2.0017296566666666E7
349    20050608	2.00192759E7
349    20060203	2.0021575033333335E7
349    20060418	2.00235854E7
349    20060905	2.00256115E7
349    20061109	2.0027641633333333E7
349    20070302	2.0029974566666666E7
349    20070703	2.0032317233333334E7
349    20080205	2.0034976566666666E7
349    20080711	2.0037646866666667E7
349    20081129	2.00403268E7
349    20091020	2.0043324E7
349    20100516	2.00466372E7
349    20110127	2.00502705E7
349    20110901	2.00539269E7
349    20120502	2.0057606733333334E7
349    20130218	2.00615904E7
349    20160216	2.00665737E7
349    20160507	2.0071563433333334E7
349    20160907	2.0076253633333333E7
