3499    20060820	2.00259811E7
3499    20060827	2.0027997966666665E7
3499    20081030	2.0030688266666666E7
3499    20100430	2.00340223E7
3499    20100624	2.00373623E7
3499    20110127	2.00410128E7
3499    20110308	2.00446663E7
3499    20110413	2.0048322366666667E7
3499    20110624	2.0051983133333333E7
3499    20111108	2.00556494E7
3499    20121123	2.00596495E7
3499    20130218	2.00639498E7
3499    20140303	2.0068585866666667E7
3499    20140811	2.00729419E7
3499    20150609	2.0077622066666666E7
3499    20160816	2.00826221E7
