350    19961122	1.9960832133333333E7
350    19961216	1.9960855266666666E7
350    19970121	1.99611752E7
350    19970127	1.9961495166666668E7
350    19970131	1.9961812666666668E7
350    19970205	1.99621325E7
350    19970303	1.9962455433333334E7
350    19971114	1.9962805266666666E7
350    19980610	1.9963471566666666E7
350    19981002	1.99641481E7
350    19981007	1.9964824466666665E7
350    19991008	1.9965834166666668E7
350    19991014	1.9966843833333332E7
350    19991023	1.9967853633333333E7
350    20000122	1.99691643E7
350    20000406	1.9970484E7
350    20000425	1.9971803966666665E7
350    20000612	1.997313E7
350    20001002	1.9974466666666668E7
350    20001114	1.9975806833333332E7
350    20001121	1.9977146733333334E7
350    20001209	1.9978486933333334E7
350    20010122	1.9980123933333334E7
350    20020201	1.9982096666666668E7
350    20020924	1.9984093466666665E7
350    20030406	1.9986403566666666E7
350    20030429	1.9988714333333332E7
350    20030826	1.9991038333333332E7
350    20031204	1.9993374866666667E7
350    20041013	1.9996037966666665E7
350    20050322	1.99990113E7
350    20050426	2.0001984966666665E7
350    20050603	2.00046677E7
350    20051116	2.0007367333333332E7
350    20060202	2.00103697E7
350    20060220	2.00133702E7
350    20060322	2.0016370833333332E7
350    20060418	2.0019347633333333E7
350    20060517	2.00220112E7
350    20090414	2.0025658266666666E7
350    20091213	2.00293318E7
