3527    20051023	2.0017717366666667E7
3527    20051111	2.0019407533333335E7
3527    20060116	2.0021397766666666E7
3527    20060203	2.0023387733333334E7
3527    20060411	2.0025383766666666E7
3527    20060418	2.0027377633333333E7
3527    20060717	2.0029377166666668E7
3527    20060814	2.00313776E7
3527    20070708	2.0033707766666666E7
3527    20070909	2.0036034466666665E7
3527    20080628	2.00386848E7
3527    20080711	2.0041337833333332E7
3527    20090413	2.0044314E7
3527    20100822	2.0047634033333335E7
3527    20101206	2.0050670866666667E7
3527    20101215	2.0053691166666668E7
3527    20110127	2.0057008166666668E7
3527    20111124	2.0060355066666666E7
3527    20130218	2.00640051E7
3527    20140303	2.0067984933333334E7
3527    20160115	2.00726145E7
3527    20160410	2.00769546E7
3527    20160608	2.0081294566666666E7
3527    20160816	2.0085637966666665E7
