353    20000316	1.9967078666666668E7
353    20000527	1.9968412266666666E7
353    20000602	1.9969748233333334E7
353    20000731	1.99710856E7
353    20001104	1.9972435333333332E7
353    20001120	1.9973785433333334E7
353    20010122	1.99754356E7
353    20010606	1.99771018E7
353    20010617	1.99787683E7
353    20010717	1.9980435333333332E7
353    20011019	1.9982109266666666E7
353    20020624	1.99841024E7
353    20030207	1.99864123E7
353    20030409	1.99887257E7
353    20040726	1.9991382833333332E7
353    20040820	1.9994042833333332E7
353    20040830	1.9996703066666666E7
353    20040903	1.9999362966666665E7
353    20041011	2.0002026166666668E7
353    20050129	2.0004993133333333E7
353    20060131	2.0008293433333334E7
353    20060203	2.0011593E7
353    20060215	2.0014596133333333E7
353    20060322	2.00176025E7
353    20060525	2.0020613166666668E7
353    20060606	2.0023623266666666E7
353    20060813	2.0026283633333333E7
353    20061110	2.0028947066666666E7
353    20061229	2.0031280833333332E7
353    20070611	2.0033630166666668E7
353    20080126	2.00362905E7
353    20080711	2.00389633E7
353    20090414	2.0041957033333335E7
353    20091014	2.0044966466666665E7
353    20101207	2.0048303233333334E7
353    20110901	2.00519626E7
353    20140303	2.0056301966666665E7
353    20160801	2.0061308466666665E7
