3535    20060526	2.00236386E7
3535    20070107	2.00259612E7
3535    20080512	2.0028628033333335E7
3535    20080816	2.0031304566666666E7
3535    20090131	2.0034291566666666E7
3535    20100329	2.0037615366666667E7
3535    20100430	2.00409396E7
3535    20110121	2.00445836E7
3535    20120413	2.0048563366666667E7
3535    20120808	2.0052552966666665E7
3535    20140327	2.00571932E7
3535    20141206	2.0061563066666666E7
3535    20150224	2.00662299E7
3535    20150611	2.00709001E7
3535    20150714	2.00755699E7
3535    20150715	2.0080233233333334E7
3535    20150917	2.0084583366666667E7
3535    20150930	2.0088933833333332E7
3535    20151109	2.00932632E7
3535    20160115	2.0097590133333333E7
3535    20160717	2.0101933833333332E7
3535    20160723	2.0105931E7
