3552    20070301	2.0029690533333335E7
3552    20070919	2.0032040966666665E7
3552    20071215	2.0034397866666667E7
3552    20080816	2.0037074633333333E7
3552    20081129	2.0039761466666665E7
3552    20090609	2.0042758333333332E7
3552    20100625	2.0046078833333332E7
3552    20110127	2.00497124E7
3552    20110219	2.00533461E7
3552    20110308	2.0056982733333334E7
3552    20110422	2.0060326766666666E7
3552    20110630	2.00636609E7
3552    20111205	2.0066993866666667E7
3552    20120622	2.0070341233333334E7
3552    20121127	2.0073681366666667E7
3552    20130218	2.0077008333333332E7
3552    20140721	2.0080345666666668E7
3552    20150609	2.00840019E7
3552    20150720	2.0087661566666666E7
3552    20160216	2.00913284E7
3552    20160410	2.0094998E7
3552    20160613	2.0098674366666667E7
3552    20160626	2.0102348533333335E7
3552    20160730	2.0106025766666666E7
3552    20160816	2.0109698733333334E7
