356    19960815	1.99606601E7
356    19960816	1.99606699E7
356    19960819	1.9960679766666666E7
356    19960825	1.9960689766666666E7
356    19960826	1.99606997E7
356    19960830	3.992142686666667E7
356    19960902	1.99607269E7
356    19960905	1.9960736666666668E7
356    19960909	3.99215028E7
356    19960910	1.99607661E7
356    19960919	1.9960776166666668E7
356    19960921	5.988238906666667E7
356    19960924	1.99608165E7
356    19960926	1.9960826433333334E7
356    19961003	1.9960836333333332E7
356    19961007	1.9960846266666666E7
356    19961012	1.9960856166666668E7
356    19961015	1.9960866133333333E7
356    19961016	1.99608761E7
356    19961017	1.9960885866666667E7
356    19961019	1.9960895633333333E7
356    19961020	1.9960905333333332E7
356    19961023	1.9960912733333334E7
356    19961026	1.99609202E7
356    19961027	1.9960927533333335E7
356    19961103	1.99609372E7
356    19961106	5.98828696E7
356    19961107	1.9960975533333335E7
356    19961108	1.9960984933333334E7
356    19961110	1.9960994266666666E7
356    19961115	1.9961003766666666E7
356    19961120	3.9922029233333334E7
356    19961122	1.99610253E7
356    19961124	1.9961032466666665E7
356    19961125	1.9961039633333333E7
356    19961129	1.9961046633333333E7
356    19961216	1.9961056466666665E7
356    19961229	1.9961066733333334E7
356    19970109	1.9961373E7
356    19970121	3.992366563333333E7
356    19970127	1.99622902E7
356    19970131	1.9962594333333332E7
356    19970205	1.9962900766666666E7
356    19970303	1.9963210366666667E7
356    19971114	1.9963546966666665E7
356    19971120	1.9963883733333334E7
356    19980201	1.9964523133333333E7
356    19980402	1.99651692E7
356    19980617	1.9965822333333332E7
356    19980814	1.9966481933333334E7
356    19981004	1.9967147833333332E7
356    19981007	1.99678113E7
356    19990726	1.9968798633333333E7
356    19990928	1.99697927E7
356    19991003	1.9970789266666666E7
356    19991004	1.9971785833333332E7
356    19991007	1.9972782466666665E7
356    19991009	1.99737791E7
356    19991012	1.9974775666666668E7
356    19991023	1.9975772433333334E7
356    19991024	1.9976769233333334E7
356    19991101	1.9977768533333335E7
356    19991115	1.9978768233333334E7
356    19991123	1.9979768166666668E7
356    19991210	1.9980770866666667E7
356    19991211	1.99817707E7
356    19991213	1.9982770166666668E7
356    19991216	1.9983473733333334E7
356    20000102	1.99844731E7
356    20000117	1.9985472966666665E7
356    20000131	1.99864731E7
356    20000207	3.9975951333333336E7
356    20000308	1.9989475866666667E7
356    20000314	1.99904492E7
356    20000318	1.9991422466666665E7
356    20000402	1.9992095833333332E7
356    20000406	1.9992762633333333E7
356    20000425	1.99934229E7
356    20000508	1.9994079366666667E7
356    20000602	1.9994732633333333E7
356    20000605	1.99953859E7
356    20000612	1.9995715433333334E7
356    20000731	3.9992408666666664E7
356    20001002	1.9996699733333334E7
356    20001010	1.9997033166666668E7
356    20001104	1.9997369666666668E7
356    20001109	1.9997706233333334E7
356    20001114	1.99980426E7
356    20001117	1.9998379033333335E7
356    20001118	3.99977593E7
356    20001120	3.999908953333333E7
356    20001128	2.00000405E7
356    20001208	2.0000373666666668E7
356    20001209	2.0000706766666666E7
356    20001214	2.0000743833333332E7
356    20001221	2.0000780633333333E7
356    20001228	2.00008172E7
356    20010130	2.0001147966666665E7
356    20010407	2.0001487966666665E7
356    20010606	2.0001831233333334E7
356    20010609	2.00021744E7
356    20010621	2.0002517833333332E7
356    20010717	2.0002861666666668E7
356    20010720	2.0003205466666665E7
356    20010722	2.00035487E7
356    20010806	2.0003891966666665E7
356    20011015	2.0004239066666666E7
356    20011019	2.00045862E7
356    20011216	2.0004939666666668E7
356    20020116	2.0005585833333332E7
356    20020201	2.0006234833333332E7
356    20020412	2.0006881833333332E7
356    20020418	2.0007528766666666E7
356    20020624	2.0008179433333334E7
356    20020908	2.00088394E7
356    20030307	2.00098125E7
356    20030406	2.00107888E7
356    20030409	2.0011765166666668E7
356    20030714	2.00127517E7
356    20030913	2.00137448E7
356    20030926	2.0014738333333332E7
356    20030929	2.00157317E7
356    20031230	2.0016732433333334E7
356    20040301	2.00180355E7
356    20040601	2.00193484E7
356    20040808	2.0020667966666665E7
356    20040903	2.0021990466666665E7
356    20040921	2.0023016833333332E7
356    20041010	2.0024036933333334E7
356    20041014	2.0025050533333335E7
356    20041027	2.0026064466666665E7
356    20041110	2.0027080766666666E7
356    20041121	2.0028094233333334E7
356    20041128	2.0029107833333332E7
356    20050128	2.0030421366666667E7
356    20050210	2.0031734833333332E7
356    20050302	2.00330444E7
356    20050309	2.0034354066666666E7
356    20050310	2.00356572E7
356    20050321	2.0036664033333335E7
356    20050322	6.0115995E7
356    20050331	2.00406521E7
356    20050403	2.0041635266666666E7
356    20050416	2.0042305566666666E7
356    20050419	2.0042972666666668E7
356    20050501	2.00436424E7
356    20050505	2.00443021E7
356    20050518	2.00449556E7
356    20050603	2.00456115E7
356    20050608	2.0046267466666665E7
356    20050723	2.0046917233333334E7
356    20050923	2.00472713E7
356    20051023	2.00476187E7
356    20051110	2.00479621E7
356    20051116	2.0048302533333335E7
356    20060130	2.0048942833333332E7
356    20060203	2.00495826E7
356    20060215	2.0050222633333333E7
356    20060322	2.00508658E7
356    20060418	2.00515094E7
356    20060517	2.0052155933333334E7
356    20060518	2.0052802266666666E7
356    20060527	2.00531489E7
356    20060606	2.0053495433333334E7
356    20060731	4.010803353333333E7
356    20060821	2.0054540833333332E7
356    20061108	2.00549004E7
356    20061112	2.0055260066666666E7
356    20061113	2.0055619766666666E7
356    20061207	2.00559826E7
356    20061229	4.01130526E7
356    20070228	2.0057367133333333E7
356    20070302	2.00580299E7
356    20070416	2.0058693733333334E7
356    20070627	2.0059364466666665E7
356    20070703	2.00600373E7
356    20071110	2.0060720866666667E7
356    20080126	2.00617048E7
356    20080205	2.0062687533333335E7
356    20080412	2.00636705E7
356    20080618	2.0064657E7
356    20080623	2.0065640766666666E7
356    20080711	2.0066627266666666E7
356    20080814	2.0067316733333334E7
356    20080825	2.0068004133333333E7
356    20080904	2.0068693766666666E7
356    20081028	2.0069383966666665E7
356    20081128	2.00700743E7
356    20081130	2.00707614E7
356    20081208	2.0071451066666666E7
356    20081210	2.00721405E7
356    20090124	2.0073124433333334E7
356    20090314	2.0074110533333335E7
356    20090402	2.0075099566666666E7
356    20090413	2.0076085966666665E7
356    20090414	2.0077062833333332E7
356    20090527	2.0078043333333332E7
356    20090609	2.0079026533333335E7
356    20091017	2.00800202E7
356    20091020	2.0081013233333334E7
356    20100413	2.0082319366666667E7
356    20100420	2.0083325766666666E7
356    20100516	2.00843329E7
356    20100807	2.0085345933333334E7
356    20100829	2.0086352666666668E7
356    20100916	2.0087359766666666E7
356    20101207	2.0088363E7
356    20110104	2.0089362266666666E7
356    20110127	2.0090359666666668E7
356    20110227	2.00913535E7
356    20110306	2.00923431E7
356    20110319	2.0093332966666665E7
356    20110429	2.0094323566666666E7
356    20110711	2.0095320133333333E7
356    20110901	2.0096322666666668E7
356    20111015	2.0097326366666667E7
356    20111027	2.0098326333333332E7
356    20120221	2.0099629433333334E7
356    20120310	2.0100935433333334E7
356    20120501	2.01022452E7
356    20120611	2.0103558566666666E7
356    20120622	2.0104575166666668E7
356    20120719	2.0105588666666668E7
356    20120731	2.0106599633333333E7
356    20120818	2.0107613133333333E7
356    20121104	2.0108636133333333E7
356    20121111	2.01096556E7
356    20121123	2.0110672733333334E7
356    20130204	2.0111978966666665E7
356    20130218	2.0113285566666666E7
356    20130404	2.0114285266666666E7
356    20130424	2.01152854E7
356    20130621	2.01162889E7
356    20130902	2.0117292066666666E7
356    20130926	2.01182953E7
356    20140123	2.01196022E7
356    20140202	2.0120902033333335E7
356    20140421	2.01219126E7
356    20140607	2.01229286E7
356    20140823	2.0123948466666665E7
356    20140910	2.01249686E7
356    20141012	2.01259917E7
356    20141116	2.01270146E7
356    20141206	2.01280311E7
356    20141219	2.01290417E7
356    20150219	2.01303485E7
356    20150224	2.0131655066666666E7
356    20150306	2.01326579E7
356    20150330	2.0133658566666666E7
356    20150424	2.0134656E7
356    20150522	2.0135653033333335E7
356    20150523	2.0136649733333334E7
356    20150609	2.0137646066666666E7
356    20150611	2.0138642066666666E7
356    20150626	2.0139635666666668E7
356    20150701	2.0140622233333334E7
356    20150709	2.0141608833333332E7
356    20150711	2.01425951E7
356    20150713	2.0143278733333334E7
356    20150714	2.0143961933333334E7
356    20150715	2.0144638966666665E7
356    20150719	2.0145315466666665E7
356    20150720	2.0145985433333334E7
356    20150726	2.0146646233333334E7
356    20150731	2.01473064E7
356    20150823	2.0147663066666666E7
356    20150902	2.0148019733333334E7
356    20150913	2.0148369466666665E7
356    20151002	2.0148715966666665E7
356    20151013	2.0149055633333333E7
356    20151103	2.01493954E7
356    20151104	2.01497318E7
356    20151107	2.0150064833333332E7
356    20151108	2.01503949E7
356    20151121	2.0150724966666665E7
356    20151129	2.01507553E7
356    20151230	2.0150788833333332E7
356    20160115	2.01511158E7
356    20160330	4.030322846666667E7
356    20160410	2.0152108933333334E7
356    20160427	2.0152439066666666E7
356    20160507	2.0152769E7
356    20160508	2.01530989E7
356    20160510	2.0153428366666667E7
356    20160519	2.0153755633333333E7
356    20160524	2.01540828E7
356    20160608	2.01544127E7
356    20160626	2.0154743133333333E7
356    20160722	2.0155076733333334E7
356    20160728	2.01554105E7
356    20160816	2.0155747066666666E7
356    20160818	2.0156083666666668E7
356    20160907	2.0156423033333335E7
356    20161006	2.0156765533333335E7
356    20161014	2.0157105233333334E7
