357    19961027	1.99607898E7
357    19961103	1.9960809133333333E7
357    19961106	5.988254013333333E7
357    19961107	1.99608805E7
357    19961116	1.9960897133333333E7
357    19961120	3.992184413333333E7
357    19961122	1.9960946966666665E7
357    19961124	1.99609609E7
357    19961216	1.99609778E7
357    19961229	1.99609949E7
357    19970121	1.9961308366666667E7
357    19970205	1.9961624233333334E7
357    19970303	1.9961940933333334E7
357    19970623	1.9962268133333333E7
357    19971114	1.9962611433333334E7
357    19980402	1.9963263966666665E7
357    19980617	1.9963921166666668E7
357    19981007	1.9964591333333332E7
357    19990928	1.9965591966666665E7
357    19991007	1.99665952E7
357    19991012	1.9967598233333334E7
357    19991024	1.9968601533333335E7
357    19991201	1.9969608E7
357    19991210	1.99706146E7
357    19991211	1.9971621E7
357    19991213	1.9972627433333334E7
357    19991229	1.99736343E7
357    20000207	1.99749403E7
357    20000317	1.9976247433333334E7
357    20000402	1.99775573E7
357    20000406	1.99788673E7
357    20000425	1.9980177933333334E7
357    20000504	1.9981491166666668E7
357    20000510	1.99828043E7
357    20000602	3.99695568E7
357    20000731	1.9986756733333334E7
357    20001002	1.9988086E7
357    20001117	1.9989416033333335E7
357    20001119	1.99907457E7
357    20001121	1.9991779033333335E7
357    20001127	1.9992809766666666E7
357    20001209	1.9993839966666665E7
357    20001216	1.9994859733333334E7
357    20010122	1.999616E7
357    20010618	1.99971672E7
357    20010720	1.9998170633333333E7
357    20020201	1.99994771E7
357    20020418	2.00004601E7
357    20020701	2.00014499E7
357    20030409	2.0002763133333333E7
357    20030714	2.0004086133333333E7
357    20030913	2.0005409866666667E7
357    20031230	2.0006743866666667E7
357    20040526	2.00083877E7
357    20040808	2.0010040866666667E7
357    20041013	2.0011700333333332E7
357    20041031	2.0013061133333333E7
357    20041110	2.00144209E7
357    20050110	2.0016077833333332E7
357    20050321	2.0017741666666668E7
357    20050405	2.0019407666666668E7
357    20050501	2.0021074233333334E7
357    20050505	2.0022740733333334E7
357    20051006	2.0024420866666667E7
357    20051116	2.0026104666666668E7
357    20060202	2.0028087033333335E7
357    20060220	2.0030060966666665E7
357    20061223	2.00320645E7
357    20061226	2.0034068066666666E7
357    20061229	2.0036071666666668E7
357    20070303	2.0038377533333335E7
357    20070407	2.0040684133333333E7
357    20080126	2.0043314466666665E7
357    20080810	2.0045670733333334E7
357    20090112	2.0048320533333335E7
357    20090124	2.0050967333333332E7
357    20090414	2.0053307766666666E7
357    20100430	2.0055974833333332E7
357    20110127	2.00589557E7
357    20110222	2.0061616133333333E7
357    20110429	2.00642733E7
357    20110509	2.00669265E7
357    20110901	2.00695822E7
357    20120502	2.0072248066666666E7
357    20130424	2.0075235266666666E7
357    20150523	2.00788856E7
357    20150610	2.0082538233333334E7
357    20160330	2.0086512233333334E7
357    20160507	2.0090192133333333E7
