3578    20011216	2.0004436166666668E7
3578    20020127	2.0005089866666667E7
3578    20020301	2.0005749233333334E7
3578    20020412	2.0006412266666666E7
3578    20020414	2.0007072666666668E7
3578    20020418	2.0007732833333332E7
3578    20020624	2.0008396866666667E7
3578    20020929	2.00090704E7
3578    20021129	2.0009750333333332E7
3578    20030307	2.00107338E7
3578    20030308	2.0011713933333334E7
3578    20030406	2.0012694066666666E7
3578    20030424	2.0013674266666666E7
3578    20030517	2.0014654166666668E7
3578    20030819	2.0015643866666667E7
3578    20030929	2.0016634666666668E7
3578    20040216	4.0037169733333334E7
3578    20040312	2.0020538033333335E7
3578    20040317	2.0021840966666665E7
3578    20040531	2.00228553E7
3578    20040726	2.0023876133333333E7
3578    20040903	2.0024902733333334E7
3578    20040929	2.00259203E7
3578    20041010	2.00269333E7
3578    20041110	2.00279496E7
3578    20041115	2.00289634E7
3578    20050110	2.00302768E7
3578    20050129	4.006449163333333E7
3578    20050207	2.00342008E7
3578    20050211	2.00352036E7
3578    20050304	2.00362037E7
3578    20050322	6.0114592766666666E7
3578    20050403	4.00813566E7
3578    20050412	2.0042145633333333E7
3578    20050419	2.0042816033333335E7
3578    20050529	2.0043490066666666E7
3578    20050923	2.0044173966666665E7
3578    20050926	2.0044857366666667E7
3578    20051006	2.0045540333333332E7
3578    20051023	2.00462138E7
3578    20051110	2.00468865E7
3578    20051116	2.0047249833333332E7
3578    20060203	2.0047916066666666E7
3578    20060215	2.00485795E7
3578    20060224	2.0049243066666666E7
3578    20060411	2.0049905733333334E7
3578    20060418	2.0050562133333333E7
3578    20060502	2.0051215433333334E7
3578    20060516	2.0051868333333332E7
3578    20060517	2.0052518566666666E7
3578    20060527	2.00531658E7
3578    20060721	2.0053819333333332E7
3578    20060731	2.0054173366666667E7
3578    20060813	2.00545295E7
3578    20061108	2.0054895466666665E7
3578    20061207	2.0055262133333333E7
3578    20061229	2.00556294E7
3578    20070228	2.0056293533333335E7
3578    20070302	2.0056959533333335E7
3578    20070627	2.0057636366666667E7
3578    20071110	2.00583293E7
3578    20080126	2.0059320066666666E7
3578    20080205	2.0060313466666665E7
3578    20080412	2.0061313466666665E7
3578    20080415	2.0062313333333332E7
3578    20080623	2.0063316466666665E7
3578    20080711	2.00643094E7
3578    20080810	2.0065305533333335E7
3578    20081129	2.0066309633333333E7
3578    20081204	2.0067315666666668E7
3578    20090413	2.0068625766666666E7
3578    20090414	2.00699357E7
3578    20091014	2.0070962733333334E7
3578    20091023	2.0071989666666668E7
3578    20091107	2.00730191E7
3578    20100421	2.0074352766666666E7
3578    20100430	2.00756865E7
3578    20100516	2.00770203E7
3578    20100807	2.0078363333333332E7
3578    20100829	2.0079707066666666E7
3578    20101207	2.0081063066666666E7
3578    20110119	2.0082709666666668E7
3578    20110516	2.0084369166666668E7
3578    20110604	2.0086028866666667E7
3578    20110901	2.0087688633333333E7
3578    20120501	2.00896651E7
3578    20120622	2.0091644866666667E7
3578    20120719	2.00933279E7
3578    20120731	2.0095008866666667E7
3578    20121020	2.0096688633333333E7
3578    20121104	2.00983551E7
3578    20130218	2.0100024833333332E7
3578    20130404	2.0101698133333333E7
3578    20130902	2.0103381133333333E7
3578    20140126	2.01053715E7
3578    20140202	2.0107357466666665E7
3578    20140721	2.01093578E7
3578    20140910	2.0111361133333333E7
3578    20141115	2.0113360666666668E7
3578    20141206	2.0115360733333334E7
3578    20150203	2.0117353733333334E7
3578    20150304	2.0119350066666666E7
3578    20150306	2.0121326466666665E7
3578    20150424	2.01233065E7
3578    20150522	2.0125287E7
3578    20150608	2.01269599E7
3578    20150610	2.0128632566666666E7
3578    20150715	2.0130305866666667E7
3578    20150720	2.0131969633333333E7
3578    20150823	2.01336361E7
3578    20150917	2.01352931E7
3578    20151104	4.027467146666667E7
3578    20151107	2.01393623E7
3578    20151121	2.0140702966666665E7
3578    20151129	2.01417239E7
3578    20151230	2.0142744166666668E7
3578    20160215	2.01440607E7
3578    20160410	2.0145383333333332E7
3578    20160415	2.01466965E7
3578    20160416	2.01480069E7
3578    20160427	2.0149013866666667E7
3578    20160507	2.01500173E7
3578    20160728	2.01510115E7
3578    20160816	2.0151701166666668E7
3578    20161005	2.01523946E7
3578    20161014	2.0153071033333335E7
