35836    20110901	2.0079768266666666E7
35836    20111015	2.0081768E7
35836    20121221	2.0084101133333333E7
35836    20140202	2.0086767366666667E7
35836    20140303	2.00894302E7
35836    20140712	2.0092103133333333E7
35836    20141206	2.0094786066666666E7
35836    20150203	2.0097768533333335E7
35836    20150424	2.0100755533333335E7
35836    20150714	2.0103751966666665E7
35836    20150913	2.0106745333333332E7
35836    20150927	2.0109735266666666E7
35836    20151111	2.0112435133333333E7
35836    20151121	2.0115131566666666E7
35836    20151129	2.01178155E7
35836    20151230	2.0120166066666666E7
35836    20160410	2.0122806066666666E7
35836    20160519	2.0125449166666668E7
35836    20160626	2.0127789566666666E7
35836    20160729	2.0130129633333333E7
35836    20160730	2.0132453466666665E7
35836    20160816	2.01347768E7
