36    19970215	1.9963994633333333E7
36    19970221	1.99643216E7
36    19970303	1.99646508E7
36    19970324	1.9964977633333333E7
36    19970409	1.9965301066666666E7
36    19970413	1.9965624333333332E7
36    19970417	1.9965947666666668E7
36    19970426	1.99662678E7
36    19970506	1.9966587933333334E7
36    19970928	1.9966921866666667E7
36    19971108	1.99672585E7
36    19971114	1.9967595333333332E7
36    19971203	1.99679348E7
36    19980201	1.99685713E7
36    19990928	1.9969565366666667E7
36    19990929	1.9970559133333333E7
36    19991001	1.9971555166666668E7
36    19991003	1.9972550966666665E7
36    19991009	1.9973544366666667E7
36    19991213	1.9974543866666667E7
36    19991215	1.99755434E7
36    19991223	1.9976247233333334E7
36    19991229	1.9976951233333334E7
36    19991230	1.99776552E7
36    20000102	1.9978654833333332E7
36    20000103	1.9979654233333334E7
36    20000209	1.9980657166666668E7
36    20000424	1.9981667233333334E7
36    20000425	1.9982674566666666E7
36    20000602	1.9983687766666666E7
36    20000603	1.99847007E7
36    20000703	1.9985716766666666E7
36    20000803	1.9986733433333334E7
36    20001002	1.9987756033333335E7
36    20001104	1.99887792E7
36    20001114	1.9989802566666666E7
36    20001120	3.998267513333333E7
36    20001209	1.9992872566666666E7
36    20010101	1.9994178333333332E7
36    20010122	1.99954788E7
36    20010130	1.9996779333333332E7
36    20010225	1.9998080066666666E7
36    20020114	1.99994105E7
36    20020127	2.00003838E7
36    20020201	2.0001359533333335E7
36    20020413	2.0002339933333334E7
36    20020601	2.0003326533333335E7
36    20020929	2.0004323866666667E7
36    20031002	2.0005650166666668E7
36    20031114	2.0006980133333333E7
36    20040808	2.0008632966666665E7
36    20040823	2.00102861E7
36    20041031	2.0011946133333333E7
36    20041115	2.0013313233333334E7
36    20050128	2.0014980733333334E7
36    20050829	2.0016668066666666E7
36    20050923	2.0018351366666667E7
36    20051022	2.0020037933333334E7
36    20060203	2.0022024633333333E7
36    20060311	2.00240149E7
36    20060418	2.00260054E7
36    20061229	2.00280196E7
36    20080126	2.0030657066666666E7
36    20080810	2.0033313933333334E7
36    20081129	2.00359811E7
36    20090414	2.0038957566666666E7
36    20100624	2.0042274366666667E7
36    20100807	2.00455943E7
36    20100829	2.0048618566666666E7
36    20120615	2.0052301666666668E7
36    20121025	2.0055998166666668E7
36    20130218	2.0059997933333334E7
36    20141206	2.0064034333333332E7
36    20161006	2.00687303E7
