3623    20040728	2.0012360933333334E7
3623    20040903	2.00137069E7
3623    20040907	2.00150504E7
3623    20041121	2.0016396733333334E7
3623    20050207	2.0018043533333335E7
3623    20050210	2.0019689766666666E7
3623    20050305	2.0021336466666665E7
3623    20050309	2.0022980033333335E7
3623    20050322	6.00787907E7
3623    20050419	2.0029544033333335E7
3623    20050608	2.0030893866666667E7
3623    20051110	2.0032254066666666E7
3623    20060118	2.0033911266666666E7
3623    20060131	2.0035561633333333E7
3623    20060203	2.0037211466666665E7
3623    20060310	2.00388613E7
3623    20060411	2.0040507833333332E7
3623    20060523	2.00421514E7
3623    20060717	2.0043801266666666E7
3623    20061022	2.00451652E7
3623    20061118	2.0046532166666668E7
3623    20070228	2.0048192633333333E7
3623    20070303	2.0049855466666665E7
3623    20080810	2.00518515E7
3623    20081030	2.0053542266666666E7
3623    20090124	2.0055536133333333E7
3623    20091015	2.0057555833333332E7
3623    20100610	2.00598822E7
3623    20100829	2.0061885566666666E7
3623    20101205	2.0063895633333333E7
3623    20110127	2.0066202966666665E7
3623    20110222	2.0068506333333332E7
3623    20110429	2.0070513733333334E7
3623    20110901	2.0072536766666666E7
3623    20120122	2.0074864E7
3623    20130218	2.0077527633333333E7
3623    20140202	2.0080523633333333E7
3623    20150203	2.0083853E7
3623    20150424	2.0087189733333334E7
3623    20150727	2.0090533333333332E7
3623    20150910	2.0093876733333334E7
3623    20151109	2.0097210033333335E7
3623    20151129	2.0100243733333334E7
3623    20160115	2.0103576533333335E7
3623    20160207	2.010691E7
3623    20160416	2.0110246866666667E7
3623    20160608	2.0113586766666666E7
3623    20160721	2.01169267E7
3623    20160818	2.01202634E7
3623    20161006	2.01235962E7
