364    19960826	1.9960651266666666E7
364    19960830	3.99213343E7
364    19960902	1.9960685E7
364    19960906	1.9960697766666666E7
364    19960909	1.9960710566666666E7
364    19960910	1.99607233E7
364    19960920	1.99607363E7
364    19960921	3.9921504166666664E7
364    19960924	1.99607678E7
364    19960925	1.9960778233333334E7
364    19961007	1.99607914E7
364    19961015	1.9960804733333334E7
364    19961017	1.9960818066666666E7
364    19961019	1.99608314E7
364    19961020	1.9960844733333334E7
364    19961023	1.9960858133333333E7
364    19961026	1.99608714E7
364    19961106	3.99217823E7
364    19961108	1.9960910733333334E7
364    19961115	1.9960924E7
364    19961116	1.9960937066666666E7
364    19961120	3.992191343333333E7
364    19961122	1.99609739E7
364    19961124	1.99609842E7
364    19961216	1.9960997533333335E7
364    19961229	1.99610111E7
364    19970121	1.9961320933333334E7
364    19970131	1.9961630966666665E7
364    19970205	1.9961943466666665E7
364    19970303	1.9962256833333332E7
364    19970603	1.9962580066666666E7
364    19970708	1.99629067E7
364    19971120	1.9963247033333335E7
364    19980616	1.9963903566666666E7
364    19980814	1.9964566666666668E7
364    19981207	1.9965242866666667E7
364    19991003	1.99662455E7
364    19991101	1.9967251366666667E7
364    19991111	1.9968254833333332E7
364    19991210	1.9969261333333332E7
364    19991211	1.99702678E7
364    19991215	1.9971274333333332E7
364    19991216	1.9972280866666667E7
364    19991228	1.99732877E7
364    19991229	1.9974294466666665E7
364    20000117	1.9975594833333332E7
364    20000125	1.9976895466666665E7
364    20000207	1.9978198766666666E7
364    20000321	1.9979505633333333E7
364    20000505	1.99808186E7
364    20000802	1.9982141333333332E7
364    20000805	1.9983464166666668E7
364    20001104	1.99847969E7
364    20001120	1.99861301E7
364    20010102	1.9987759633333333E7
364    20010204	1.9989392133333333E7
364    20010618	1.9990742033333335E7
364    20010620	1.9992091666666668E7
364    20010717	1.9993442066666666E7
364    20010815	1.9994792466666665E7
364    20011019	1.9996139666666668E7
364    20011216	1.9997489933333334E7
364    20020201	1.9999125966666665E7
364    20020701	2.0000462133333333E7
364    20030406	2.00021152E7
364    20030513	2.0003758733333334E7
364    20030610	2.0005078966666665E7
364    20030730	2.0006399933333334E7
364    20031204	2.0007736366666667E7
364    20031225	2.00090702E7
364    20040728	2.0010720766666666E7
364    20040903	2.0012377033333335E7
364    20041017	2.0014037066666666E7
364    20041110	2.00156998E7
364    20041115	2.0017362666666668E7
364    20041121	2.0018729466666665E7
364    20041202	2.00200987E7
364    20050128	2.0021762733333334E7
364    20050304	2.0023428833333332E7
364    20050309	2.0025088966666665E7
364    20050321	2.00267396E7
364    20050322	2.0028390166666668E7
364    20050331	2.0030031066666666E7
364    20050423	2.00316745E7
364    20050501	2.0033021133333333E7
364    20050723	2.0034371766666666E7
364    20051023	2.00357186E7
364    20051223	2.0037072033333335E7
364    20060128	2.0038719066666666E7
364    20060203	2.0040365333333332E7
364    20060207	2.0042004933333334E7
364    20060215	2.0043638233333334E7
364    20060411	2.0044978566666666E7
364    20060418	2.0046302466666665E7
364    20060518	2.00473062E7
364    20060731	2.0048313466666665E7
364    20061109	2.00493301E7
364    20061112	2.0050342833333332E7
364    20061123	2.0051340133333333E7
364    20061229	4.01053639E7
364    20070228	2.0054001133333333E7
364    20070302	2.00549773E7
364    20070518	2.0055957566666666E7
364    20070703	2.0056943833333332E7
364    20080126	2.0058244E7
364    20080205	2.00595441E7
364    20080627	2.0060560733333334E7
364    20080714	2.00615744E7
364    20080810	2.00625911E7
364    20081028	2.0063614666666668E7
364    20081030	2.0064638266666666E7
364    20081129	2.0065664866666667E7
364    20081130	2.0066688433333334E7
364    20081210	2.0067712066666666E7
364    20090124	2.0069025433333334E7
364    20090314	2.0070335133333333E7
364    20090402	2.00716411E7
364    20090413	2.00726506E7
364    20090414	2.0073657633333333E7
364    20090422	2.00746648E7
364    20091020	2.0075691633333333E7
364    20091107	2.0076714833333332E7
364    20100327	2.0078045133333333E7
364    20100430	2.0079375533333335E7
364    20100516	2.00807017E7
364    20100626	2.0082018933333334E7
364    20100830	2.0083342866666667E7
364    20100924	2.0084669566666666E7
364    20110127	2.00862995E7
364    20110222	2.00879326E7
364    20110422	2.00892724E7
364    20110429	2.0090609966666665E7
364    20110509	2.0091943E7
364    20110901	2.0093282933333334E7
364    20111027	2.0094312966666665E7
364    20120609	2.0095659766666666E7
364    20120622	2.0096992933333334E7
364    20120630	2.0098323466666665E7
364    20121111	2.0099666833333332E7
364    20130127	2.0101303466666665E7
364    20130218	2.0102943066666666E7
364    20130404	2.0104585566666666E7
364    20130424	2.01062287E7
364    20130619	2.0107875666666668E7
364    20130620	2.0109225533333335E7
364    20140115	2.0110885566666666E7
364    20140202	2.0112545566666666E7
364    20140421	2.01142125E7
364    20140524	2.0115882833333332E7
364    20140721	2.0117559466666665E7
364    20140910	2.0119222466666665E7
364    20150304	2.01211957E7
364    20150306	2.0122861666666668E7
364    20150609	2.01245343E7
364    20150720	2.0126207766666666E7
364    20150727	2.01278778E7
364    20151119	2.01295541E7
364    20151230	2.0131230966666665E7
364    20160115	2.0132897233333334E7
364    20160216	2.01345637E7
364    20160410	2.0136229966666665E7
364    20160507	2.0137899233333334E7
364    20160510	2.0139565933333334E7
364    20160721	2.01412266E7
364    20160801	2.0142885733333334E7
364    20160816	2.0144225966666665E7
