367    19960921	3.99214996E7
367    19960924	1.9960769633333333E7
367    19961012	1.9960783166666668E7
367    19961015	1.99607966E7
367    19961017	1.9960810066666666E7
367    19961020	1.9960823566666666E7
367    19961026	1.99608372E7
367    19961027	1.9960850766666666E7
367    19961106	3.992175E7
367    19961107	1.9960899033333335E7
367    19961108	1.9960912433333334E7
367    19961115	1.9960925733333334E7
367    19961120	1.9960939166666668E7
367    19961122	1.9960952433333334E7
367    19961216	1.9960968666666668E7
367    19961229	1.99609829E7
367    19970124	1.9961293466666665E7
367    19970127	1.9961603866666667E7
367    19970205	1.9961916833333332E7
367    19970709	1.99622464E7
367    19971120	1.9962589533333335E7
367    19990727	1.99635861E7
367    19990928	1.9964586966666665E7
367    19991210	1.9965597E7
367    19991213	1.9966607133333333E7
367    19991216	1.9967617366666667E7
367    19991226	1.99686279E7
367    19991228	1.9969638166666668E7
367    20000131	1.9970945166666668E7
367    20000206	1.9972254666666668E7
367    20000317	1.9973567766666666E7
367    20000406	1.99748809E7
367    20000504	1.99761972E7
367    20000520	1.9977513966666665E7
367    20000602	1.9978833366666667E7
367    20001002	1.99801659E7
367    20001104	1.99815018E7
367    20001117	1.99828355E7
367    20001120	1.99841693E7
367    20001128	1.9985503333333332E7
367    20010606	1.9987153266666666E7
367    20010620	1.9988803433333334E7
367    20010717	1.9990456666666668E7
367    20011019	1.99921199E7
367    20020418	1.99940933E7
367    20020624	1.9996073133333333E7
367    20030207	1.99980759E7
367    20030307	2.00000819E7
367    20030406	2.00020886E7
367    20040726	2.00044225E7
367    20040903	2.00067486E7
367    20040929	2.0008422E7
367    20041010	2.00100914E7
367    20041031	2.00117521E7
367    20041110	2.0013415333333332E7
367    20041122	2.0015078866666667E7
367    20050110	2.0017041666666668E7
367    20050321	2.0019011433333334E7
367    20050322	2.0020684466666665E7
367    20050331	2.00223553E7
367    20050412	2.0024025133333333E7
367    20050416	2.0025692133333333E7
367    20050423	2.00273561E7
367    20051023	2.0029039533333335E7
367    20051116	2.0030723333333332E7
367    20060131	2.00326943E7
367    20060203	2.0034664266666666E7
367    20060215	2.00366342E7
367    20060217	2.00386041E7
367    20060411	2.00405802E7
367    20060418	2.00422406E7
367    20060720	2.00439106E7
367    20060813	2.0045580466666665E7
367    20061110	2.0047250166666668E7
367    20061112	2.0048606633333333E7
367    20061113	2.0049956266666666E7
367    20061229	2.0050990333333332E7
367    20070228	2.0052321033333335E7
367    20070303	2.0053650933333334E7
367    20070627	2.0054647633333333E7
367    20070703	2.0055640966666665E7
367    20080126	2.0056947533333335E7
367    20080205	2.0058254033333335E7
367    20080412	2.0059566733333334E7
367    20080618	2.0060883666666668E7
367    20080627	2.00622005E7
367    20080711	2.0063220533333335E7
367    20080810	2.0064236833333332E7
367    20080823	2.0065253533333335E7
367    20081028	2.0066276766666666E7
367    20081129	2.0067300666666668E7
367    20081130	2.0068324466666665E7
367    20081210	2.00693507E7
367    20090124	2.0070654066666666E7
367    20090402	2.00719636E7
367    20090609	2.0072979533333335E7
367    20091019	2.0074006733333334E7
367    20100430	2.0075347233333334E7
367    20100610	2.0076693666666668E7
367    20100807	2.00780402E7
367    20101207	2.0079399833333332E7
367    20110127	2.0081046733333334E7
367    20110222	2.00826937E7
367    20110306	2.0084333566666666E7
367    20110630	2.0085984166666668E7
367    20110901	2.0087643766666666E7
367    20111124	2.0089306933333334E7
367    20120502	2.0090982733333334E7
367    20120801	2.0092666E7
367    20130205	2.0094651933333334E7
367    20130218	2.0096635766666666E7
367    20130414	2.0098312033333335E7
367    20130723	2.0099995966666665E7
367    20131212	2.01016893E7
367    20140126	2.01036729E7
367    20140202	2.0105658733333334E7
367    20140826	2.0107662566666666E7
367    20141115	2.0109672733333334E7
367    20150304	2.0111988766666666E7
367    20150614	2.01143083E7
367    20151230	2.0116645E7
367    20160311	2.0119284366666667E7
367    20160507	2.01219276E7
367    20160801	2.01242835E7
367    20160816	2.0126630633333333E7
367    20161015	2.01289775E7
