3671    20050328	2.0016004633333333E7
3671    20050426	2.0017668133333333E7
3671    20050518	2.00193346E7
3671    20060418	2.0021331066666666E7
3671    20060606	2.00233312E7
3671    20060609	2.0025331433333334E7
3671    20060814	2.0027338466666665E7
3671    20060821	2.00293454E7
3671    20061109	2.0031361933333334E7
3671    20061208	2.0033377833333332E7
3671    20061219	2.0035381133333333E7
3671    20061229	2.0037384633333333E7
3671    20070228	2.0039688E7
3671    20071106	2.0042017933333334E7
3671    20071231	2.0044352E7
3671    20080816	2.0046709166666668E7
3671    20081129	2.0049076566666666E7
3671    20091015	2.0051773E7
3671    20091213	2.0054439566666666E7
3671    20100327	2.0057110433333334E7
3671    20100625	2.0059784E7
3671    20110127	2.0062444833333332E7
3671    20110429	2.0065101466666665E7
3671    20110630	2.0067759066666666E7
3671    20120622	2.00707464E7
3671    20121214	2.0073745866666667E7
3671    20130218	2.0076729733333334E7
3671    20150105	2.0080366133333333E7
3671    20150203	2.00836955E7
3671    20150720	2.00870421E7
3671    20160626	2.00907187E7
3671    20160710	2.0094394833333332E7
3671    20160730	2.0098068566666666E7
