368    19991216	1.9965827033333335E7
368    20000316	1.99671533E7
368    20000318	1.9968477033333335E7
368    20000406	1.9969803566666666E7
368    20000425	1.99711305E7
368    20000508	1.99724569E7
368    20000602	1.99737864E7
368    20000731	1.9975116933333334E7
368    20001104	1.9976459533333335E7
368    20001121	1.9977802566666666E7
368    20001128	3.99596323E7
368    20010606	1.9982142666666668E7
368    20010617	1.9983796166666668E7
368    20010708	1.9985452466666665E7
368    20020413	1.9987432233333334E7
368    20040601	1.9990082166666668E7
368    20040726	1.9992736133333333E7
368    20040903	1.9995395733333334E7
368    20041010	1.9998058733333334E7
368    20050125	2.00010255E7
368    20050322	4.0010664666666664E7
368    20050401	2.0009344766666666E7
368    20050412	2.00120208E7
368    20050603	2.0014697466666665E7
368    20060203	2.00176671E7
368    20060305	2.00203234E7
368    20060322	2.0022960566666666E7
368    20060418	2.0025267333333332E7
368    20060924	2.0027590933333334E7
368    20061226	2.0029621266666666E7
368    20070301	2.0031954033333335E7
368    20080711	2.0034630866666667E7
368    20080810	2.0037310366666667E7
368    20110127	2.0040964333333332E7
368    20110509	2.00446279E7
368    20110901	2.0048300233333334E7
368    20160310	2.00536071E7
368    20160507	2.0058919966666665E7
368    20160801	2.00642424E7
368    20160816	2.0069565333333332E7
