370    20000603	1.99687823E7
370    20000731	1.9970122566666666E7
370    20000904	1.9971465466666665E7
370    20001002	1.9972811533333335E7
370    20010620	1.9974478166666668E7
370    20020916	1.9976484833333332E7
370    20030903	1.9978824366666667E7
370    20040214	1.99814713E7
370    20040216	1.9984118E7
370    20040726	1.9986781366666667E7
370    20040903	1.9989450466666665E7
370    20041110	1.9992123833333332E7
370    20041115	1.9994797E7
370    20050129	1.99977705E7
370    20050211	2.0000746666666668E7
370    20050228	2.00037207E7
370    20050322	2.0006697466666665E7
370    20050327	2.0009674366666667E7
370    20050401	2.0012653633333333E7
370    20050608	2.0015637033333335E7
370    20050728	2.0018623966666665E7
370    20060130	2.0021924233333334E7
370    20060215	2.0024927166666668E7
370    20060418	2.0027931E7
370    20060606	2.0030927566666666E7
370    20060820	2.0033581333333332E7
370    20060821	2.00359053E7
370    20070101	2.0038231433333334E7
370    20070228	2.00405588E7
370    20080810	2.0043235533333335E7
370    20090124	2.0046219566666666E7
370    20101215	4.0102481766666666E7
370    20110901	2.0056576033333335E7
370    20140202	2.0060895433333334E7
370    20151129	2.0065235866666667E7
370    20151205	2.0069245933333334E7
370    20160816	2.0073266E7
