3717    20070228	2.00256622E7
3717    20070512	2.00279885E7
3717    20080126	2.00306326E7
3717    20080816	2.0033296333333332E7
3717    20081210	2.0035966E7
3717    20100327	2.0039269433333334E7
3717    20100511	2.0042578833333332E7
3717    20100624	2.0045596266666666E7
3717    20110127	2.0048929766666666E7
3717    20111124	2.0052292966666665E7
3717    20120214	2.0055953366666667E7
3717    20120520	2.00596167E7
3717    20120522	2.0063279933333334E7
3717    20120609	2.00669433E7
3717    20130531	2.00709371E7
3717    20130902	2.0074939566666666E7
3717    20140126	2.0079243266666666E7
3717    20140303	2.00832499E7
3717    20150424	2.0087560033333335E7
3717    20150522	2.00915639E7
3717    20150727	2.00955678E7
3717    20151111	2.00992514E7
3717    20160416	2.0102918266666666E7
3717    20160427	2.0106579066666666E7
3717    20160507	2.01102291E7
3717    20160508	2.01138755E7
3717    20160816	2.01172317E7
