3751    20030307	2.0007750633333333E7
3751    20030308	2.000874E7
3751    20030424	2.00097307E7
3751    20030612	2.0010726733333334E7
3751    20030619	2.00117206E7
3751    20030929	2.0012724133333333E7
3751    20031002	2.00137274E7
3751    20031230	2.0014735E7
3751    20040216	2.0016037966666665E7
3751    20040306	2.0017343933333334E7
3751    20040808	2.0018664133333333E7
3751    20040903	2.00199874E7
3751    20040921	2.00213112E7
3751    20041027	2.0022638233333334E7
3751    20050128	2.0024268466666665E7
3751    20050129	2.0025602733333334E7
3751    20050224	2.0026939466666665E7
3751    20050228	2.00282736E7
3751    20050305	2.00296096E7
3751    20050321	2.0030942633333333E7
3751    20050322	2.00322733E7
3751    20050403	4.0068525833333336E7
3751    20050501	2.0036252533333335E7
3751    20050518	2.0037575966666665E7
3751    20050723	2.0038899433333334E7
3751    20051110	4.0081481733333334E7
3751    20060220	2.0042579233333334E7
3751    20060411	4.0088781333333336E7
3751    20060418	2.0045896066666666E7
3751    20060518	2.00468992E7
3751    20060523	2.0047896233333334E7
3751    20060821	2.0048902966666665E7
3751    20061110	2.0049909E7
3751    20061204	2.0050915733333334E7
3751    20061229	2.00519157E7
3751    20070303	2.00529186E7
3751    20070522	2.00539258E7
3751    20080618	2.00552528E7
3751    20080714	2.0056579833333332E7
3751    20080810	2.0057909466666665E7
3751    20081129	2.00592462E7
3751    20081210	2.0060282266666666E7
3751    20090313	2.0061621733333334E7
3751    20090414	2.00629614E7
3751    20090603	2.0064307233333334E7
3751    20091015	2.0065664233333334E7
3751    20100327	2.00673311E7
3751    20100829	2.0069014666666668E7
3751    20110127	2.0071005466666665E7
3751    20110429	2.0073006333333332E7
3751    20110509	2.00750066E7
3751    20110711	2.0077013033333335E7
3751    20110901	2.0079018966666665E7
3751    20110924	2.0081012766666666E7
3751    20120611	2.0083329466666665E7
3751    20120921	2.0085352833333332E7
3751    20130218	2.0087679733333334E7
3751    20150226	2.0090673566666666E7
3751    20150304	2.0093669766666666E7
3751    20150610	2.0096672833333332E7
3751    20150711	2.00996791E7
3751    20150902	2.01026818E7
3751    20151111	2.0105681833333332E7
3751    20160416	2.01089889E7
3751    20160507	2.0112298166666668E7
3751    20160721	2.01153121E7
3751    20160830	2.0118322366666667E7
