3752    20091015	2.0027032966666665E7
3752    20091213	2.00300525E7
3752    20120118	2.0034035533333335E7
3752    20120626	2.0038029633333333E7
3752    20120719	2.0042023466666665E7
3752    20120925	2.0046020366666667E7
3752    20140202	2.0050656433333334E7
3752    20140303	2.0054996066666666E7
3752    20150424	2.0059663466666665E7
3752    20150614	2.0064329933333334E7
3752    20151111	2.0069009733333334E7
3752    20151230	2.0073690233333334E7
3752    20160115	2.0078666766666666E7
3752    20160816	2.0083660133333333E7
