3753    20040903	2.0013656133333333E7
3753    20041021	2.0014999633333333E7
3753    20050110	2.0016643266666666E7
3753    20050210	2.0018290166666668E7
3753    20050323	2.0019940166666668E7
3753    20050404	2.00215869E7
3753    20050419	2.00232341E7
3753    20050603	2.0024883533333335E7
3753    20060217	2.0026853433333334E7
3753    20060224	2.0028823533333335E7
3753    20060319	2.0030794E7
3753    20060327	2.0032763933333334E7
3753    20060418	2.0034441166666668E7
3753    20060526	2.00361216E7
3753    20060802	2.0037810933333334E7
3753    20060821	2.0039497366666667E7
3753    20061112	2.00411877E7
3753    20070708	2.0043190633333333E7
3753    20080711	2.0045524066666666E7
3753    20080810	2.0047860766666666E7
3753    20090414	2.00505007E7
3753    20091015	2.00528644E7
3753    20101207	2.0055567066666666E7
3753    20120808	2.0058913566666666E7
3753    20130127	2.0062547133333333E7
3753    20130620	2.00658876E7
3753    20140303	2.0069550533333335E7
3753    20150203	2.0073216766666666E7
3753    20150424	2.0076890333333332E7
3753    20150715	2.00805608E7
3753    20150917	2.0084227933333334E7
3753    20151111	2.00878976E7
3753    20151230	2.0091268266666666E7
3753    20160427	2.0094942166666668E7
3753    20160508	2.0098615E7
3753    20160816	2.01022954E7
