3755    20060315	2.00186211E7
3755    20060330	2.0020608666666668E7
3755    20060418	2.00225985E7
3755    20061229	2.00246127E7
3755    20070320	2.00269233E7
3755    20070407	2.0029232833333332E7
3755    20071110	2.0031565566666666E7
3755    20080126	2.0034195833333332E7
3755    20081210	2.00368619E7
3755    20090414	2.00398347E7
3755    20091017	2.00425319E7
3755    20100327	2.0045539433333334E7
3755    20100402	2.00485492E7
3755    20100510	2.0051562433333334E7
3755    20110127	2.0054895933333334E7
3755    20120118	2.0058545866666667E7
3755    20120122	2.0062193E7
3755    20120611	2.0065839E7
3755    20140115	2.0069839366666667E7
3755    20141115	2.00738726E7
3755    20151102	2.0078228733333334E7
3755    20151230	2.0082262833333332E7
3755    20160216	2.0086589833333332E7
3755    20160416	2.00909229E7
