376    19991012	1.9969465E7
376    20000316	1.9970791433333334E7
376    20001104	1.9972141366666667E7
376    20001120	1.9973491233333334E7
376    20001209	1.99748372E7
376    20020418	1.99768208E7
376    20030929	1.9979144333333332E7
376    20031204	1.9981476833333332E7
376    20040820	1.99838339E7
376    20050110	1.9986500633333333E7
376    20050125	1.9989167833333332E7
376    20050410	1.9991844133333333E7
376    20051101	1.9994543433333334E7
376    20060224	1.9997546666666668E7
376    20060418	2.0000556333333332E7
376    20091020	2.00045835E7
376    20110127	2.0009247266666666E7
376    20130601	2.0014593466666665E7
