377    19960921	5.9882186333333336E7
377    19960924	1.9960755066666666E7
377    19961003	1.99607683E7
377    19961007	1.9960781533333335E7
377    19961015	1.9960794966666665E7
377    19961016	1.9960808333333332E7
377    19961019	1.9960821733333334E7
377    19961020	1.99608351E7
377    19961023	1.9960848533333335E7
377    19961027	1.9960862066666666E7
377    19961106	5.9882674733333334E7
377    19961107	1.99609182E7
377    19961108	1.99609313E7
377    19961115	1.99609446E7
377    19961120	3.9921929266666666E7
377    19961122	1.9960981933333334E7
377    19961124	1.9960992666666668E7
377    19961216	1.9961006033333335E7
377    19961229	1.99610198E7
377    19970121	3.992296936666667E7
377    19970205	1.99619521E7
377    19970623	1.9962276133333333E7
377    19980617	1.9962933066666666E7
377    19981002	1.9963602833333332E7
377    19981207	1.9964279033333335E7
377    19990928	1.9965279266666666E7
377    19991012	1.99662823E7
377    19991015	1.9967285333333332E7
377    19991115	1.9968289066666666E7
377    19991215	1.9969296E7
377    19991216	1.99703027E7
377    19991229	1.99713098E7
377    20000107	1.9972612733333334E7
377    20000219	1.9973919366666667E7
377    20000316	1.9975229133333333E7
377    20000402	1.9976541633333333E7
377    20000406	1.9977851633333333E7
377    20000425	1.9979162266666666E7
377    20000504	1.9980475533333335E7
377    20000602	1.9981792033333335E7
377    20000703	1.9983111866666667E7
377    20000731	3.9970185166666664E7
377    20001002	1.9987082166666668E7
377    20001104	1.99884149E7
377    20001108	1.99897477E7
377    20001118	1.9991077766666666E7
377    20001120	3.9985848233333334E7
377    20001121	1.99944741E7
377    20001128	1.9995504866666667E7
377    20001209	1.99965244E7
377    20001229	1.9997211466666665E7
377    20010130	1.99981824E7
377    20010618	1.9999162766666666E7
377    20010620	1.9999819166666668E7
377    20010720	2.00004761E7
377    20010813	2.0001136033333335E7
377    20020405	2.0002112366666667E7
377    20020418	2.00030858E7
377    20020921	2.0004075966666665E7
377    20020929	2.0005065966666665E7
377    20030324	2.00060732E7
377    20030406	2.0007079433333334E7
377    20030409	2.0008082533333335E7
377    20040601	2.00094225E7
377    20040726	2.00107665E7
377    20040830	2.0012113333333332E7
377    20041010	2.0013463533333335E7
377    20041014	2.00148106E7
377    20041031	2.0016154866666667E7
377    20041110	2.0017500833333332E7
377    20041128	2.00188474E7
377    20050110	2.0020484333333332E7
377    20050128	2.0022118466666665E7
377    20050309	2.00237585E7
377    20050310	2.0025398233333334E7
377    20050320	2.0027038233333334E7
377    20050321	2.0028678266666666E7
377    20050322	4.00622764E7
377    20050331	2.00335955E7
377    20050405	2.00352347E7
377    20050412	2.0036577433333334E7
377    20050423	2.0037904266666666E7
377    20050723	2.0039241033333335E7
377    20050923	2.0040581133333333E7
377    20051023	2.0041921466666665E7
377    20051116	2.0042945166666668E7
377    20060128	2.0044268833333332E7
377    20060202	2.00455782E7
377    20060203	2.0046887333333332E7
377    20060215	2.00478837E7
377    20060220	2.00488775E7
377    20060305	2.0049874033333335E7
377    20060322	2.00505314E7
377    20060418	2.00511878E7
377    20060721	2.0051850833333332E7
377    20060814	2.0052510966666665E7
377    20060821	2.00531712E7
377    20060827	2.0053831066666666E7
377    20061108	2.0054497666666668E7
377    20061112	2.00551638E7
377    20061229	4.01114389E7
377    20070228	2.0056568433333334E7
377    20070703	2.00572482E7
377    20080205	2.0058244366666667E7
377    20080810	2.0059260666666668E7
377    20081028	2.00602842E7
377    20081128	2.0061311066666666E7
377    20090125	2.0062637533333335E7
377    20090414	4.0129275733333334E7
377    20091020	4.0134658833333336E7
377    20100430	2.0069651266666666E7
377    20100516	2.0071301033333335E7
377    20100610	2.0072950833333332E7
377    20100924	2.00743107E7
377    20101220	2.0075677966666665E7
377    20110127	2.00773421E7
377    20110222	2.0079009E7
377    20110228	2.0080675933333334E7
377    20110509	2.00823494E7
377    20110603	2.0084025433333334E7
377    20110711	2.0085701866666667E7
377    20110901	2.0087374533333335E7
377    20120502	2.0089364133333333E7
377    20120731	2.0091361133333333E7
377    20121020	2.0093367566666666E7
377    20130205	2.00956708E7
377    20130218	2.0097974333333332E7
377    20130404	2.0100280166666668E7
377    20150306	2.01032494E7
377    20150609	2.0105928766666666E7
377    20150611	2.0108592366666667E7
377    20150727	2.01109431E7
377    20150813	2.0113276533333335E7
377    20151104	2.01156124E7
377    20160507	2.0118258366666667E7
377    20160519	2.0120604833333332E7
377    20160608	2.0122944633333333E7
377    20160816	2.0125291366666667E7
377    20160913	2.0127621133333333E7
