3793    20020419	2.0007343433333334E7
3793    20020624	2.0008006533333335E7
3793    20021228	2.0008689766666666E7
3793    20030207	2.00096723E7
3793    20030308	2.00106558E7
3793    20030415	2.0011642866666667E7
3793    20030610	2.0012635766666666E7
3793    20040306	2.00139492E7
3793    20040601	2.0015272433333334E7
3793    20040726	2.0016596566666666E7
3793    20040903	2.0017926266666666E7
3793    20041027	2.00192566E7
3793    20041110	2.00205896E7
3793    20041128	2.0021922866666667E7
3793    20050128	2.0023553766666666E7
3793    20050207	2.0025186366666667E7
3793    20050211	2.0026523366666667E7
3793    20050302	2.00278634E7
3793    20050309	2.0029203533333335E7
3793    20050322	6.0095642166666664E7
3793    20050412	2.00345409E7
3793    20050423	2.0035864733333334E7
3793    20050529	2.0037188533333335E7
3793    20050723	2.0038505433333334E7
3793    20050831	2.0039529666666668E7
3793    20051023	2.0040550266666666E7
3793    20051110	2.0041573466666665E7
3793    20060130	2.00428972E7
3793    20060203	2.0044223333333332E7
3793    20060215	2.0045543033333335E7
3793    20060220	2.0046842766666666E7
3793    20060305	2.0047846033333335E7
3793    20060310	2.00488461E7
3793    20060322	2.0049843E7
3793    20060418	2.00508366E7
3793    20060517	2.00515103E7
3793    20060718	2.0052180866666667E7
3793    20060721	2.0052847366666667E7
3793    20060814	2.0053511066666666E7
3793    20061108	2.0054180433333334E7
3793    20061229	2.0054851066666666E7
3793    20070228	2.0055821066666666E7
3793    20070302	2.0056493533333335E7
3793    20070627	2.00571742E7
3793    20080205	2.0058174E7
3793    20080627	2.0059184833333332E7
3793    20080701	2.00601979E7
3793    20080810	2.0061214166666668E7
3793    20081028	2.00622377E7
3793    20081210	2.00632673E7
3793    20081227	2.0064294466666665E7
3793    20090112	2.0065617433333334E7
3793    20090124	2.0066937266666666E7
3793    20090209	2.0068253466666665E7
3793    20090414	2.00695729E7
3793    20090527	2.00708897E7
3793    20091015	2.0072219866666667E7
3793    20091023	2.0073249633333333E7
3793    20091107	2.0074279766666666E7
3793    20100430	2.0075620266666666E7
3793    20100516	2.0076963466666665E7
3793    20100610	2.0078306966666665E7
3793    20101205	2.0079670133333333E7
3793    20110127	2.00813303E7
3793    20110222	2.0082990433333334E7
3793    20110901	2.00846699E7
3793    20111015	2.0086346466666665E7
3793    20120801	2.0088349133333333E7
3793    20121029	2.00903563E7
3793    20130218	2.0092659966666665E7
3793    20130404	2.00949658E7
3793    20140126	2.0097295733333334E7
3793    20140721	2.0099643033333335E7
3793    20140826	2.0101983E7
3793    20140917	2.0104006733333334E7
3793    20141206	2.0106026033333335E7
3793    20150105	2.01083395E7
3793    20150203	2.01106526E7
3793    20150304	2.01129618E7
3793    20150522	2.01152722E7
3793    20150813	2.0117591733333334E7
3793    20150823	2.0119615433333334E7
3793    20150927	2.01216422E7
3793    20150930	2.0123666233333334E7
3793    20151109	2.01256894E7
3793    20151230	2.0127712833333332E7
3793    20160115	2.0130016166666668E7
3793    20160123	2.01323195E7
3793    20160416	2.01346298E7
3793    20160427	2.01366297E7
3793    20160507	2.01386294E7
3793    20160608	2.0140629333333332E7
3793    20160626	2.0142610033333335E7
3793    20160723	2.0144296566666666E7
3793    20160907	2.0145986066666666E7
3793    20161005	2.01476562E7
