380    19960628	1.99605377E7
380    19960629	1.9960547666666668E7
380    19960706	1.99605602E7
380    19960709	1.9960570033333335E7
380    19960715	1.9960580066666666E7
380    19960716	1.9960589966666665E7
380    19960717	1.99605969E7
380    19960724	1.9960604E7
380    19960726	1.9960611133333333E7
380    19960729	1.99606183E7
380    19960802	1.9960627866666667E7
380    19960813	1.9960637666666668E7
380    19960815	1.9960647533333335E7
380    19960816	1.9960657333333332E7
380    19960819	1.99606672E7
380    19960826	1.9960677233333334E7
380    19960830	3.99213846E7
380    19960905	1.99607073E7
380    19960906	1.99607173E7
380    19960909	3.992146443333333E7
380    19960910	1.99607471E7
380    19960919	1.9960757266666666E7
380    19960921	1.9960767466666665E7
380    19960924	1.99607777E7
380    19960926	1.9960788E7
380    19961003	1.99608008E7
380    19961007	1.99608137E7
380    19961012	1.99608267E7
380    19961015	1.99608396E7
380    19961016	1.99608525E7
380    19961017	1.9960862866666667E7
380    19961019	1.99608732E7
380    19961023	1.9960883466666665E7
380    19961027	1.9960893833333332E7
380    19961106	5.988275853333333E7
380    19961107	1.99609448E7
380    19961108	1.9960955E7
380    19961110	1.99609649E7
380    19961115	1.99609749E7
380    19961120	3.99219801E7
380    19961122	1.9961004933333334E7
380    19961124	1.9961014733333334E7
380    19961125	1.9961024566666666E7
380    19961129	1.9961032033333335E7
380    19961216	1.9961042366666667E7
380    19961229	1.9961053033333335E7
380    19970109	1.99613597E7
380    19970121	3.99236402E7
380    19970205	1.9962282933333334E7
380    19970303	1.9962595566666666E7
380    19970623	1.99629188E7
380    19970708	1.99632423E7
380    19971114	1.99635792E7
380    19980814	1.9964239266666666E7
380    19980911	1.9964902466666665E7
380    19981007	1.9965568833333332E7
380    19990928	1.9966565866666667E7
380    19991012	1.9967565633333333E7
380    19991024	1.9968565666666668E7
380    19991123	1.9969568866666667E7
380    19991215	1.99705725E7
380    19991216	1.9971576166666668E7
380    19991226	1.9972580166666668E7
380    19991228	1.99735842E7
380    20000108	1.99748842E7
380    20000131	1.99761849E7
380    20000205	1.99774879E7
380    20000316	1.9978794433333334E7
380    20000424	1.9980104566666666E7
380    20000425	1.9981414666666668E7
380    20000504	1.9982727333333332E7
380    20000602	1.9984043233333334E7
380    20000627	1.9985359833333332E7
380    20001104	1.9986689433333334E7
380    20001120	3.997707196666667E7
380    20001128	1.99900864E7
380    20001209	1.9991122666666668E7
380    20010119	1.9992453133333333E7
380    20010606	1.9993796566666666E7
380    20010623	1.99951299E7
380    20010717	1.9996463533333335E7
380    20010815	1.99977869E7
380    20020413	1.9999106866666667E7
380    20020418	2.0000423766666666E7
380    20020624	2.0001744333333332E7
380    20021208	2.0002753666666668E7
380    20030307	2.00040635E7
380    20030406	2.0005376233333334E7
380    20030409	2.0006685766666666E7
380    20030827	2.0008006166666668E7
380    20040216	2.00096395E7
380    20040312	2.00112757E7
380    20040726	2.0012925633333333E7
380    20040830	2.0014283033333335E7
380    20040903	2.00156421E7
380    20041010	2.0017002266666666E7
380    20041014	2.0018358866666667E7
380    20041027	2.00197123E7
380    20041110	2.0021068466666665E7
380    20041115	2.0022422166666668E7
380    20041121	2.00237728E7
380    20041128	2.0025122833333332E7
380    20041202	2.0026459433333334E7
380    20050125	2.0028092933333334E7
380    20050310	2.00297326E7
380    20050321	2.0031372366666667E7
380    20050322	4.006735903333333E7
380    20050331	2.0035673733333334E7
380    20050405	2.00369998E7
380    20050412	2.0038322966666665E7
380    20050416	2.0039643E7
380    20050423	2.0040643333333332E7
380    20050505	2.0041646233333334E7
380    20051006	2.0042658966666665E7
380    20051023	2.00436528E7
380    20051116	2.0044346433333334E7
380    20060131	2.0045337266666666E7
380    20060215	2.00463308E7
380    20060411	2.0047316933333334E7
380    20060418	2.0047990333333332E7
380    20060518	2.0048663866666667E7
380    20060526	2.0049323866666667E7
380    20060606	2.0049983066666666E7
380    20060717	2.0050643533333335E7
380    20060802	2.0051303266666666E7
380    20061108	2.0051973066666666E7
380    20061211	2.0052645866666667E7
380    20061229	4.010730346666667E7
380    20070228	2.00549572E7
380    20070302	2.0055929666666668E7
380    20070703	2.0056913033333335E7
380    20071110	2.0057612533333335E7
380    20080126	2.00586064E7
380    20080205	2.0059602533333335E7
380    20080825	2.00606193E7
380    20081128	2.0061646166666668E7
380    20090402	2.0062981866666667E7
380    20090413	2.0064315466666665E7
380    20090414	2.0065648866666667E7
380    20091015	2.0067002166666668E7
380    20091020	2.00683554E7
380    20100430	2.0070019566666666E7
380    20110222	2.0071993433333334E7
380    20110306	2.0073969533333335E7
380    20110815	2.00759595E7
380    20110901	2.0077651833333332E7
380    20120502	2.00796614E7
380    20120622	2.0081668433333334E7
380    20121203	2.00836946E7
380    20130205	2.00860175E7
380    20141206	2.0088706833333332E7
380    20150609	2.0091706933333334E7
380    20150611	2.00947034E7
380    20151020	2.0097710666666668E7
380    20151129	2.0100711366666667E7
380    20151205	2.0103711166666668E7
380    20160507	2.0107020433333334E7
380    20160608	2.0110333066666666E7
380    20160816	2.0113352666666668E7
380    20160907	2.0116372833333332E7
