3897    20030409	2.00111185E7
3897    20030517	2.0012102333333332E7
3897    20030520	2.00130861E7
3897    20030616	2.0014072933333334E7
3897    20030730	2.0015063433333334E7
3897    20030819	2.00160567E7
3897    20030913	2.0017050166666668E7
3897    20030929	2.0018043833333332E7
3897    20031230	2.0019047366666667E7
3897    20040114	2.00203469E7
3897    20040306	2.00216499E7
3897    20040317	2.0022656966666665E7
3897    20040726	2.0023667766666666E7
3897    20041010	2.0024687633333333E7
3897    20041027	2.0025705033333335E7
3897    20041121	2.0026725366666667E7
3897    20050129	2.0028042666666668E7
3897    20050224	2.00293628E7
3897    20050228	2.0030679833333332E7
3897    20050322	6.009993956666667E7
3897    20050426	2.00359304E7
3897    20050501	2.00369432E7
3897    20051023	2.00379597E7
3897    20060103	2.0039265666666668E7
3897    20060130	2.00405657E7
3897    20060215	2.0041865266666666E7
3897    20060223	2.00428626E7
3897    20060225	2.0043856566666666E7
3897    20060418	2.0044856866666667E7
3897    20060514	2.0045856766666666E7
3897    20060518	2.00468567E7
3897    20060526	2.00478537E7
3897    20060813	2.0048856466666665E7
3897    20060821	2.0049856533333335E7
3897    20060828	2.00508537E7
3897    20061111	2.0051859766666666E7
3897    20061112	2.0052855833333332E7
3897    20080205	2.00541922E7
3897    20080627	2.0055536233333334E7
3897    20080711	2.00568827E7
3897    20080810	2.0058218833333332E7
3897    20081210	2.0059558833333332E7
3897    20081226	2.00608988E7
3897    20090414	2.00625419E7
3897    20090609	2.0063891233333334E7
3897    20091018	2.0065251033333335E7
3897    20100430	2.0066924433333334E7
3897    20100516	2.0068597566666666E7
3897    20100517	2.0070270733333334E7
3897    20110509	2.0072276966666665E7
3897    20110901	2.00742928E7
3897    20120501	2.0076626133333333E7
3897    20120622	2.00789461E7
3897    20120731	2.0080967033333335E7
3897    20121203	2.00830028E7
3897    20130620	2.0085349633333333E7
3897    20130928	2.0087706466666665E7
3897    20131212	2.00900727E7
3897    20141116	2.0092762633333333E7
3897    20141206	2.0095452366666667E7
3897    20150715	2.0098458933333334E7
3897    20150926	2.0101472266666666E7
3897    20151109	2.0104482133333333E7
3897    20160427	2.0107802333333332E7
3897    20160717	2.0111131966666665E7
3897    20160723	2.0114452366666667E7
3897    20160804	2.0117775433333334E7
3897    20160816	2.0120462466666665E7
