39    19961027	1.99607226E7
39    19961106	1.9960745666666668E7
39    19961107	1.99607686E7
39    19961108	1.9960788366666667E7
39    19961116	1.9960808266666666E7
39    19961120	1.9960828166666668E7
39    19961124	1.9960848033333335E7
39    19970119	1.9961165166666668E7
39    19970124	1.99614823E7
39    19970127	1.9961799466666665E7
39    19970205	1.9962119166666668E7
39    19970303	1.9962441966666665E7
39    19980616	1.9963108466666665E7
39    19990727	1.9964111766666666E7
39    19990928	1.9965119166666668E7
39    19991003	1.9966128966666665E7
39    19991004	1.99671386E7
39    19991012	1.9968148433333334E7
39    19991023	1.9969155833333332E7
39    19991024	1.9970163233333334E7
39    19991210	1.99711764E7
39    19991211	1.9972189566666666E7
39    19991216	1.99732027E7
39    19991229	1.9974216133333333E7
39    20000117	1.99755257E7
39    20000131	1.9976833333333332E7
39    20000317	1.9978146433333334E7
39    20000504	1.9979463E7
39    20000602	1.9980782666666668E7
39    20000731	1.9982106366666667E7
39    20000803	1.9983432233333334E7
39    20001104	1.99847655E7
39    20001108	1.9986098866666667E7
39    20001117	1.99874325E7
39    20001118	1.99887659E7
39    20001120	5.997399746666667E7
39    20001208	1.9993501933333334E7
39    20001209	1.9994538E7
39    20010122	1.9995868566666666E7
39    20010130	1.9997196133333333E7
39    20010606	1.99981958E7
39    20010618	1.9998858833333332E7
39    20010620	1.9999515233333334E7
39    20010720	2.0000172466666665E7
39    20011216	2.00008462E7
39    20020201	2.0001819166666668E7
39    20021228	2.0002826E7
39    20030302	2.0004135266666666E7
39    20030324	2.0005439066666666E7
39    20030406	2.0006745566666666E7
39    20030409	2.0008052E7
39    20040702	2.00097011E7
39    20040726	2.0011054733333334E7
39    20040820	2.0012411033333335E7
39    20041010	2.0013767466666665E7
39    20041031	2.0015118366666667E7
39    20041110	2.0016468633333333E7
39    20050423	2.0018125033333335E7
39    20060215	2.0020105433333334E7
39    20060817	2.0022095866666667E7
39    20060821	2.00240863E7
39    20061111	2.00260861E7
39    20061112	2.00280859E7
39    20061229	2.0030089533333335E7
39    20070204	2.0032392333333332E7
39    20070228	2.0034695933333334E7
39    20080810	2.0037349333333332E7
39    20081130	2.0040013366666667E7
39    20081210	2.0042382966666665E7
39    20090414	2.00450591E7
39    20091014	2.0047739366666667E7
39    20100516	2.0050735966666665E7
39    20100807	2.00537422E7
39    20110127	2.0057055766666666E7
39    20110222	2.0060355966666665E7
39    20110509	2.0063366233333334E7
39    20110901	2.0066355333333332E7
39    20120221	2.0069352633333333E7
39    20120629	2.00723628E7
39    20130218	2.0075689866666667E7
39    20130424	2.00790237E7
39    20130620	2.0082020966666665E7
39    20131212	2.0085037166666668E7
39    20150611	2.0088696866666667E7
39    20150714	2.0092353666666668E7
39    20160330	2.00963303E7
39    20160507	2.01003102E7
39    20160626	2.0103983633333333E7
39    20160816	2.0107337E7
