3911    20041027	2.0020163966666665E7
3911    20050305	2.00218074E7
3911    20050323	2.0023450566666666E7
3911    20050331	2.0025091E7
3911    20050403	2.00267336E7
3911    20050410	2.0028373633333333E7
3911    20050426	4.006137196666667E7
3911    20050608	2.0032694566666666E7
3911    20060203	2.00343476E7
3911    20060216	2.0036000766666666E7
3911    20060411	2.0037656933333334E7
3911    20060418	2.0039310366666667E7
3911    20060518	2.0040960333333332E7
3911    20060821	2.0042311E7
3911    20061211	2.0043653933333334E7
3911    20070228	2.0045287533333335E7
3911    20071106	2.0046950133333333E7
3911    20100430	2.0049287566666666E7
3911    20100510	2.0051624266666666E7
3911    20110127	2.0054277933333334E7
3911    20111208	2.0056967466666665E7
3911    20120802	2.0059970666666668E7
3911    20120925	2.0062977166666668E7
3911    20121014	2.00659801E7
3911    20121123	2.00689804E7
3911    20121223	2.0071980166666668E7
3911    20130620	2.00749739E7
3911    20151230	2.0078654133333333E7
3911    20160410	2.0082633766666666E7
