3948    20041012	2.00153736E7
3948    20041017	2.0016707E7
3948    20041027	2.0018040633333333E7
3948    20050211	2.00196772E7
3948    20050305	2.00213168E7
3948    20050310	2.0022956466666665E7
3948    20050322	2.0024596533333335E7
3948    20050410	2.0026239533333335E7
3948    20050413	2.0027879433333334E7
3948    20050423	2.0029223366666667E7
3948    20050501	2.00305666E7
3948    20050815	2.0031916766666666E7
3948    20060127	2.0033576666666668E7
3948    20060130	2.0035227E7
3948    20060305	2.0036879933333334E7
3948    20060322	2.00385203E7
3948    20060411	2.0040160133333333E7
3948    20060418	2.0041800033333335E7
3948    20060719	2.0043153866666667E7
3948    20060731	2.0044508033333335E7
3948    20060905	2.0045867966666665E7
3948    20061112	2.0047228333333332E7
3948    20061229	2.0048581833333332E7
3948    20070228	2.0050232733333334E7
3948    20070303	2.0051868566666666E7
3948    20080810	2.0053555433333334E7
3948    20081129	2.0055242633333333E7
3948    20081210	2.00569293E7
3948    20090124	2.00585929E7
3948    20090603	2.0060252733333334E7
3948    20091102	2.00619224E7
3948    20100327	2.00638994E7
3948    20100329	2.0065876133333333E7
3948    20100430	2.00675501E7
3948    20100624	2.00692274E7
3948    20101207	2.0070923966666665E7
3948    20110127	2.0072917466666665E7
3948    20110222	2.00749112E7
3948    20110503	2.00769142E7
3948    20110711	2.00789238E7
3948    20110901	2.0080937133333333E7
3948    20110929	2.0082940933333334E7
3948    20120629	2.0084957666666668E7
3948    20130218	2.0087293933333334E7
3948    20130424	2.0089631233333334E7
3948    20130621	2.0091974533333335E7
3948    20140202	2.0094634233333334E7
3948    20150203	2.0097627066666666E7
3948    20150304	2.0100613233333334E7
3948    20150609	2.0103609166666668E7
3948    20150927	2.01066099E7
3948    20151002	2.0109606233333334E7
3948    20151010	2.0112598933333334E7
3948    20151205	2.0115298166666668E7
3948    20160508	2.0118305E7
3948    20160519	2.0120961966666665E7
3948    20160524	2.0123608466666665E7
3948    20160729	2.01262591E7
3948    20160816	2.01286155E7
