3949    20061229	2.0041627633333333E7
3949    20080424	2.0044268366666667E7
3949    20080812	2.0046608733333334E7
3949    20081130	2.0048959333333332E7
3949    20081210	2.0051309166666668E7
3949    20091014	2.0053982466666665E7
3949    20100420	2.0056962733333334E7
3949    20100829	2.0059653133333333E7
3949    20101207	2.0062346066666666E7
3949    20110129	2.0064976033333335E7
3949    20110227	2.00673067E7
3949    20110307	2.0069639633333333E7
3949    20110516	2.0071965966666665E7
3949    20110604	2.0074292E7
3949    20110624	2.0076308533333335E7
3949    20120120	2.00786351E7
3949    20120731	2.00809819E7
3949    20120805	2.0083311933333334E7
3949    20121005	2.0085648E7
3949    20130902	2.0088310633333333E7
3949    20140712	2.00912973E7
3949    20141116	2.0093996933333334E7
3949    20141206	2.0096699533333335E7
3949    20141219	2.00994025E7
3949    20150224	2.01024028E7
3949    20150609	2.0105412933333334E7
3949    20150701	2.0108418766666666E7
3949    20150714	2.0111422366666667E7
3949    20150715	2.0114422266666666E7
3949    20150720	2.0117406033333335E7
3949    20150926	2.0120395933333334E7
3949    20151103	2.01227519E7
3949    20151104	2.0125094966666665E7
3949    20151205	2.01274308E7
3949    20160115	2.0130060966666665E7
3949    20160330	2.01323715E7
3949    20160427	2.0134371733333334E7
3949    20160518	2.0136361366666667E7
3949    20160723	2.0138345233333334E7
3949    20160816	2.01400348E7
