3967    20090112	2.0031300133333333E7
3967    20091018	2.0034296933333334E7
3967    20110127	2.0037930366666667E7
3967    20110603	2.0041577066666666E7
3967    20120501	2.0045553466666665E7
3967    20120611	2.0049237E7
3967    20120802	2.0052926333333332E7
3967    20120808	2.0056605633333333E7
3967    20130127	2.0060592833333332E7
3967    20130621	2.00645932E7
3967    20150224	2.0069246933333334E7
3967    20150610	2.0073906766666666E7
3967    20150926	2.0078260933333334E7
3967    20160416	2.00829181E7
