3977    20030610	2.0014310133333333E7
3977    20030717	2.00152967E7
3977    20030729	2.0016283533333335E7
3977    20040216	2.0017586466666665E7
3977    20040330	2.0018890333333332E7
3977    20040808	2.00202097E7
3977    20040903	2.0021236066666666E7
3977    20050129	2.0022569633333333E7
3977    20050305	2.0023906333333332E7
3977    20050322	8.010891066666667E7
3977    20050419	2.0030545266666666E7
3977    20050505	2.0031875133333333E7
3977    20050608	2.0033208166666668E7
3977    20050815	2.0034548E7
3977    20050923	2.00358885E7
3977    20051111	2.0037234966666665E7
3977    20060224	2.0038881933333334E7
3977    20060305	2.0040518233333334E7
3977    20060310	2.0041847933333334E7
3977    20060319	2.0043171866666667E7
3977    20060418	2.0044499E7
3977    20060724	2.0045819133333333E7
3977    20061109	2.00468492E7
3977    20061211	2.00478793E7
3977    20070228	2.00492067E7
3977    20070302	2.0050535966666665E7
3977    20080126	2.0052189733333334E7
3977    20080627	2.0053856966666665E7
3977    20080817	2.0055526966666665E7
3977    20081028	2.00572036E7
3977    20081129	2.0058567366666667E7
3977    20081210	2.0059930033333335E7
3977    20090603	2.0061589866666667E7
3977    20091015	2.0063260266666666E7
3977    20110127	2.00652602E7
3977    20110901	2.0067280066666666E7
3977    20120808	2.00696296E7
3977    20120809	2.0071979166666668E7
3977    20130218	2.0074642366666667E7
3977    20130424	2.0077312433333334E7
3977    20141116	2.0080335666666668E7
3977    20150304	2.00836623E7
3977    20150522	2.0086992766666666E7
3977    20150610	2.0090319266666666E7
3977    20151111	2.0093658866666667E7
3977    20160507	2.00973054E7
3977    20161006	2.01006648E7
