3994    20050128	2.00204367E7
3994    20050322	2.00220765E7
3994    20050403	2.0023718966666665E7
3994    20050405	2.0025358833333332E7
3994    20050923	2.0027015366666667E7
3994    20051110	2.00283822E7
3994    20060131	2.0030045733333334E7
3994    20060204	2.0031698533333335E7
3994    20060220	4.0068348233333334E7
3994    20060305	2.00366523E7
3994    20060418	2.0038308833333332E7
3994    20060525	2.0039965833333332E7
3994    20060526	2.0041613033333335E7
3994    20060813	2.0043266266666666E7
3994    20060905	2.0044625966666665E7
3994    20061229	2.0045986533333335E7
3994    20070228	2.0047637433333334E7
3994    20070708	2.0049304333333332E7
3994    20080126	2.0051284333333332E7
3994    20091015	2.0053613866666667E7
3994    20100327	2.00562505E7
3994    20110127	2.0058907766666666E7
3994    20120122	2.0061877766666666E7
3994    20120808	2.0064564166666668E7
3994    20141206	2.0067910766666666E7
3994    20150424	2.0071561466666665E7
3994    20150917	2.0075227733333334E7
3994    20151123	2.0078898166666668E7
3994    20160507	2.0082880833333332E7
3994    20160516	2.0086560433333334E7
3994    20160728	2.0090240633333333E7
3994    20160816	2.0093921066666666E7
