3996    20030409	2.0014579566666666E7
3996    20030513	2.00155561E7
3996    20030729	2.0016243333333332E7
3996    20030919	2.0016936833333332E7
3996    20030922	2.0017627533333335E7
3996    20031114	2.0018324533333335E7
3996    20031230	2.0019025033333335E7
3996    20040128	2.0020018933333334E7
3996    20040217	2.0021015766666666E7
3996    20040526	2.0022016466666665E7
3996    20040531	2.00230135E7
3996    20040808	2.0024019733333334E7
3996    20040823	2.0025026166666668E7
3996    20040903	2.00260328E7
3996    20040921	2.00270399E7
3996    20040929	2.00280437E7
3996    20040930	2.0029047533333335E7
3996    20041027	2.0030047933333334E7
3996    20050125	2.0031351566666666E7
3996    20050304	2.0032658033333335E7
3996    20050320	2.00339615E7
3996    20050321	2.00352646E7
3996    20050322	2.0036271433333334E7
3996    20050323	4.00755342E7
3996    20050403	4.007950003333333E7
3996    20050422	2.0040918533333335E7
3996    20050923	2.0041605733333334E7
3996    20051006	2.0042292466666665E7
3996    20051023	2.00429796E7
3996    20051110	4.00880117E7
3996    20060203	2.0045321666666668E7
3996    20060305	2.00463011E7
3996    20060411	2.0047277666666668E7
3996    20060418	2.00482506E7
3996    20060517	2.0048930233333334E7
3996    20060518	2.0049606933333334E7
3996    20060526	2.00502736E7
3996    20060801	2.0050949266666666E7
3996    20060814	2.0051616133333333E7
3996    20061108	2.00522923E7
3996    20061109	2.0052965833333332E7
3996    20061207	2.0053642033333335E7
3996    20061229	2.00543187E7
3996    20070228	2.00552953E7
3996    20080126	2.00565986E7
3996    20080415	2.0057608266666666E7
3996    20080623	2.00586189E7
3996    20080711	2.0059631933333334E7
3996    20080810	2.0060648233333334E7
3996    20081028	2.0061671766666666E7
3996    20090112	2.0062998066666666E7
3996    20090414	2.0064334433333334E7
3996    20091015	2.0065688166666668E7
3996    20100516	2.00673586E7
3996    20100610	2.0069031533333335E7
3996    20100807	2.0070694333333332E7
3996    20100923	2.0072358233333334E7
3996    20101006	2.0074024333333332E7
3996    20110119	2.00759913E7
3996    20110127	2.0077958533333335E7
3996    20110222	2.0079625833333332E7
3996    20110604	2.0081302466666665E7
3996    20110901	2.0082985466666665E7
3996    20120502	2.0084988266666666E7
3996    20120626	2.00869919E7
3996    20120921	2.0089005333333332E7
3996    20121203	2.00910279E7
3996    20130304	2.0093344666666668E7
3996    20130404	2.0095664333333332E7
3996    20130621	2.0097981433333334E7
3996    20150522	2.0100961866666667E7
3996    20150715	2.0103945466666665E7
3996    20150902	2.0106934566666666E7
3996    20150921	2.0109624333333332E7
3996    20151129	2.01119911E7
3996    20160416	2.01146578E7
3996    20160427	2.0117317933333334E7
3996    20160507	2.01199778E7
3996    20160608	2.0122637733333334E7
3996    20160721	2.0125294166666668E7
3996    20160816	2.0127650966666665E7
3996    20160907	2.0130000733333334E7
