4011    20060128	2.00309106E7
4011    20060130	2.00325748E7
4011    20060203	2.00342414E7
4011    20060321	2.0035911633333333E7
4011    20060502	2.0037587533333335E7
4011    20060517	2.0039250766666666E7
4011    20060606	2.0040914033333335E7
4011    20060609	2.0042577166666668E7
4011    20060717	2.0044243833333332E7
4011    20060801	2.00459104E7
4011    20060802	2.0047576633333333E7
4011    20060814	2.00489333E7
4011    20061108	2.0050299666666668E7
4011    20061207	2.0051665766666666E7
4011    20070204	2.00533049E7
4011    20070620	2.0054628166666668E7
4011    20080126	2.0056258033333335E7
4011    20080424	2.0057585466666665E7
4011    20080711	2.00589183E7
4011    20080815	2.0060251366666667E7
4011    20081028	2.0061584933333334E7
4011    20081128	2.0062921633333333E7
4011    20090103	2.0064247666666668E7
4011    20090124	2.0065574366666667E7
4011    20090906	2.0066924533333335E7
4011    20091014	2.00682779E7
4011    20091023	2.0069631133333333E7
4011    20100430	2.00712786E7
4011    20100516	2.0072925466666665E7
4011    20100610	2.00742749E7
4011    20100829	2.00756316E7
4011    20101207	2.0077000833333332E7
4011    20110307	2.0078670966666665E7
4011    20110524	2.00803444E7
4011    20110711	2.0082018033333335E7
4011    20110901	2.00836975E7
4011    20111015	2.00853778E7
4011    20111107	2.0087061066666666E7
4011    20120501	2.0089053866666667E7
4011    20120719	2.0091051133333333E7
4011    20120731	2.0093048766666666E7
4011    20120925	2.0095052466666665E7
4011    20121029	2.0097049833333332E7
4011    20121123	2.0099047033333335E7
4011    20130109	2.0101043866666667E7
4011    20130218	2.0103030466666665E7
4011    20130927	2.0104723833333332E7
4011    20140712	2.0106733433333334E7
4011    20150203	2.0109049833333332E7
4011    20150224	2.0111363466666665E7
4011    20150304	2.0113672666666668E7
4011    20150609	2.01159887E7
4011    20150701	2.0118008633333333E7
4011    20150713	2.0120028266666666E7
4011    20150714	2.0122021866666667E7
4011    20150715	2.01240119E7
4011    20150926	2.0126008666666668E7
4011    20151103	2.0127697766666666E7
4011    20160416	2.0129694433333334E7
4011    20160427	2.0131688333333332E7
4011    20160508	2.0133677633333333E7
4011    20160723	2.01356615E7
4011    20160728	2.01373422E7
4011    20160801	2.01390181E7
4011    20160816	2.0140688266666666E7
4011    20161005	2.01423584E7
