4014    20090313	2.0041260333333332E7
4014    20091014	2.0043957233333334E7
4014    20101207	2.0046990766666666E7
4014    20110127	2.0050321533333335E7
4014    20110509	2.0053664933333334E7
4014    20120622	2.0057341433333334E7
4014    20130620	2.0061331766666666E7
4014    20150614	2.0065985533333335E7
4014    20150714	2.0070642266666666E7
4014    20150715	2.0075291733333334E7
4014    20150814	2.0079642166666668E7
4014    20150902	2.00839918E7
4014    20160215	2.00883255E7
4014    20160330	2.00926596E7
4014    20160507	2.00969962E7
4014    20160728	2.0100986433333334E7
