4018    20100327	2.0041285933333334E7
4018    20110127	2.004462E7
4018    20110219	2.0047953833333332E7
4018    20110306	2.0051280333333332E7
4018    20120622	2.00549474E7
4018    20120808	2.0058620433333334E7
4018    20150610	2.0063286766666666E7
4018    20150727	2.0067954033333335E7
4018    20150927	2.00726245E7
4018    20151010	2.0076980966666665E7
4018    20151104	2.00813403E7
4018    20160427	2.0085997133333333E7
4018    20160507	2.0090340566666666E7
4018    20160508	2.0094673733333334E7
4018    20160816	2.0099006966666665E7
