4022    20031114	2.0015539666666668E7
4022    20040216	2.0016839233333334E7
4022    20040312	2.0017846266666666E7
4022    20040531	2.00188606E7
4022    20040726	2.00198813E7
4022    20040903	2.0020907833333332E7
4022    20040921	2.00219348E7
4022    20040929	2.0022961966666665E7
4022    20041027	2.0023992366666667E7
4022    20050110	2.0025325066666666E7
4022    20050129	2.0026655533333335E7
4022    20050320	2.0027989066666666E7
4022    20050322	2.0029319733333334E7
4022    20050608	2.0030652666666668E7
4022    20050831	2.00319927E7
4022    20051202	2.00333427E7
4022    20060131	2.00349899E7
4022    20060203	2.0036636166666668E7
4022    20060418	2.00382896E7
4022    20060527	2.0039946633333333E7
4022    20061112	2.0041616533333335E7
4022    20061229	2.0043283633333333E7
4022    20070302	2.00449466E7
4022    20070518	2.0046603733333334E7
4022    20080126	2.0048264333333332E7
4022    20080412	2.00499312E7
4022    20080430	2.0051598566666666E7
4022    20080810	2.00532717E7
4022    20081129	2.00549487E7
4022    20090124	2.00569224E7
4022    20090313	2.00588957E7
4022    20090413	2.0060568933333334E7
4022    20090414	2.0062239E7
4022    20090603	2.0063908066666666E7
4022    20090927	2.0065581433333334E7
4022    20091015	2.0067251833333332E7
4022    20100327	2.0069232033333335E7
4022    20100430	2.00712154E7
4022    20100829	2.00732088E7
4022    20101207	2.0074912033333335E7
4022    20110108	2.0076911333333332E7
4022    20110127	2.00789049E7
4022    20110306	2.0080904366666667E7
4022    20110429	2.00828984E7
4022    20110509	2.0084887666666668E7
4022    20110711	2.00868713E7
4022    20110901	2.0088563633333333E7
4022    20111124	2.0090261E7
4022    20120122	2.0092251133333333E7
4022    20120801	2.0094260266666666E7
4022    20121029	2.00962575E7
4022    20130620	2.0098570533333335E7
4022    20140202	2.0100900533333335E7
4022    20140421	2.0103230633333333E7
4022    20150203	2.0105566533333335E7
4022    20150727	2.0107910366666667E7
4022    20150902	2.0110259433333334E7
4022    20150917	2.0112596333333332E7
4022    20150926	2.01149229E7
4022    20151230	2.0116959766666666E7
4022    20160115	2.01192865E7
4022    20160215	2.0121613233333334E7
4022    20160216	2.0123939966666665E7
4022    20160427	2.0126267433333334E7
4022    20160507	2.0128586766666666E7
4022    20160626	2.0130907133333333E7
4022    20160816	2.0132923433333334E7
