4025    20060418	2.0028595466666665E7
4025    20060701	2.0030282E7
4025    20060821	2.00319717E7
4025    20061112	2.0033662033333335E7
4025    20061226	2.0035349233333334E7
4025    20070301	2.00373387E7
4025    20080126	2.0039655633333333E7
4025    20080727	2.0041992533333335E7
4025    20080816	2.0044329466666665E7
4025    20081210	2.00466663E7
4025    20091020	2.0049326133333333E7
4025    20100327	2.0051996933333334E7
4025    20110127	2.0054963833333332E7
4025    20120122	2.0058260966666665E7
4025    20130621	2.00619074E7
4025    20150610	2.0065920933333334E7
4025    20150727	2.0069931633333333E7
4025    20151117	2.0073954733333334E7
4025    20151230	2.0077978633333333E7
4025    20160207	2.0082298533333335E7
4025    20160330	2.0086622166666668E7
4025    20160416	2.0090942066666666E7
4025    20160427	2.00949491E7
4025    20160507	2.00989418E7
