4027    20040603	2.00209113E7
4027    20040702	2.0021931333333332E7
4027    20040808	2.0022954466666665E7
4027    20041010	2.0023984133333333E7
4027    20041027	2.0025011066666666E7
4027    20050129	2.00263412E7
4027    20050321	2.0027675166666668E7
4027    20050323	2.00290088E7
4027    20050403	2.0030342166666668E7
4027    20050426	2.00316687E7
4027    20050608	2.0032998766666666E7
4027    20050923	2.00343357E7
4027    20051006	2.0035668833333332E7
4027    20051023	2.0036699466666665E7
4027    20051101	2.00377326E7
4027    20051111	2.00387596E7
4027    20060131	2.0040073233333334E7
4027    20060203	4.008407153333333E7
4027    20060224	2.0043992066666666E7
4027    20060418	2.00452984E7
4027    20060518	2.0046305033333335E7
4027    20060527	2.0047308966666665E7
4027    20060814	2.0048312333333332E7
4027    20060821	2.0049309633333333E7
4027    20060828	2.00503068E7
4027    20060905	2.0051299833333332E7
4027    20061229	2.00522998E7
4027    20070512	2.0053306233333334E7
4027    20070708	2.0054318833333332E7
4027    20080126	2.0055636266666666E7
4027    20080618	2.00569668E7
4027    20080711	2.00582969E7
4027    20080810	2.0059623566666666E7
4027    20080814	2.00609498E7
4027    20081030	2.0061979833333332E7
4027    20081129	2.0063006766666666E7
4027    20090124	2.0064333466666665E7
4027    20090414	2.0065667166666668E7
4027    20100807	2.0067346533333335E7
4027    20110127	2.00693305E7
4027    20110222	2.0071307133333333E7
4027    20110307	2.0073283833333332E7
4027    20110509	2.00752667E7
4027    20110629	2.0077250966666665E7
4027    20110901	2.0079243966666665E7
4027    20111015	2.00809401E7
4027    20120502	2.0082950066666666E7
4027    20120622	2.0084964033333335E7
4027    20120805	2.00869834E7
4027    20120925	2.00890003E7
4027    20121029	2.0091017333333332E7
4027    20121214	2.0093040233333334E7
4027    20130218	2.00953537E7
4027    20130620	2.0097680333333332E7
4027    20141206	2.01003596E7
4027    20150224	2.01033369E7
4027    20150301	2.0106305966666665E7
4027    20150701	2.0108978933333334E7
4027    20160207	2.0111962233333334E7
4027    20160215	2.0114631866666667E7
4027    20160427	2.0117292166666668E7
4027    20160524	2.01199526E7
4027    20160626	2.0122613133333333E7
4027    20160721	2.01252767E7
4027    20160816	2.0127936233333334E7
4027    20161005	2.0130598766666666E7
