4034    20040603	2.00171867E7
4034    20040728	2.0018207466666665E7
4034    20040921	2.0019234366666667E7
4034    20041010	2.0020263733333334E7
4034    20041027	2.0021291166666668E7
4034    20041202	2.0022324066666666E7
4034    20050128	2.0023654366666667E7
4034    20050304	2.0024987766666666E7
4034    20050317	2.0026321333333332E7
4034    20050322	2.0027654933333334E7
4034    20050410	2.0028988533333335E7
4034    20050426	4.006197253333333E7
4034    20050923	2.0032993566666666E7
4034    20051110	2.0034343233333334E7
4034    20051116	2.00356928E7
4034    20060127	2.0037336933333334E7
4034    20060215	2.00389836E7
4034    20060418	2.0040637E7
4034    20060523	2.00422843E7
4034    20060606	2.0043934166666668E7
4034    20060616	2.0045284133333333E7
4034    20060801	2.0046630233333334E7
4034    20060821	2.004795E7
4034    20060905	2.0048966633333333E7
4034    20061229	2.0049993466666665E7
4034    20070302	2.0051306133333333E7
4034    20080126	2.0052939866666667E7
4034    20080711	2.0054289666666668E7
4034    20080810	2.0055639433333334E7
4034    20090124	2.0057290133333333E7
4034    20090414	2.0058946333333332E7
4034    20091020	2.00606163E7
4034    20100430	2.0062596966666665E7
4034    20100724	2.0064586866666667E7
4034    20110901	2.0066910166666668E7
4034    20121119	2.0069276533333335E7
4034    20130218	2.0071940333333332E7
4034    20150224	2.0075270566666666E7
4034    20150701	2.0078616533333335E7
4034    20150720	2.00819602E7
4034    20160626	2.0085633533333335E7
4034    20160729	2.00893103E7
4034    20160816	2.00929734E7
