40815    20110711	2.00758938E7
40815    20110804	2.0077880166666668E7
40815    20120221	2.0080180233333334E7
40815    20120501	2.0082489366666667E7
40815    20120626	2.0084505866666667E7
40815    20121118	2.00865328E7
40815    20130620	2.00888759E7
40815    20141115	2.00915687E7
40815    20141116	2.0094258633333333E7
40815    20150203	2.0097248133333333E7
40815    20150226	2.0100238133333333E7
40815    20150424	2.01032319E7
40815    20150709	2.0106224733333334E7
40815    20150711	4.022110156666667E7
40815    20150714	2.0114577766666666E7
40815    20150913	2.01172648E7
40815    20150927	2.0119624833333332E7
40815    20151107	2.0121971266666666E7
40815    20160215	2.01246181E7
40815    20160216	2.0127251633333333E7
40815    20160416	2.01295951E7
40815    20160507	2.0131938633333333E7
40815    20160519	2.01342823E7
40815    20160626	4.02755655E7
40815    20160816	2.0140955666666668E7
40815    20160907	2.01429687E7
40815    20161006	2.0144658666666668E7
40815    20161014	2.0146344833333332E7
