4085    20061229	4.0085463166666664E7
4085    20080205	2.0045909933333334E7
4085    20090124	2.0048560533333335E7
4085    20091015	2.00509142E7
4085    20100327	2.0053577833333332E7
4085    20110306	2.0056567233333334E7
4085    20110509	2.0059560833333332E7
4085    20110630	2.0062557466666665E7
4085    20111120	2.0065247833333332E7
4085    20120622	2.0068241266666666E7
4085    20120819	2.0070928033333335E7
4085    20121123	2.0073607933333334E7
4085    20121223	2.0075975E7
4085    20141024	2.00789988E7
4085    20150813	2.00823485E7
4085    20151205	2.0085710966666665E7
4085    20160216	2.00893714E7
4085    20160507	2.0093041233333334E7
4085    20160515	2.0096710733333334E7
4085    20160626	2.0100381E7
4085    20160816	2.0104054766666666E7
