410    19961023	1.99606843E7
410    19961106	3.9921443233333334E7
410    19961108	1.9960752933333334E7
410    19961120	1.99607731E7
410    19961124	1.9960793266666666E7
410    19970124	1.9961113333333332E7
410    19970127	1.9961433466666665E7
410    19970303	1.99617593E7
410    19990727	1.9962763366666667E7
410    19991012	1.99637769E7
410    19991216	1.9964797033333335E7
410    20000117	1.9966113766666666E7
410    20000131	1.99674309E7
410    20000207	1.9968750566666666E7
410    20000317	1.9970073833333332E7
410    20000513	1.9971403566666666E7
410    20000602	1.9972736033333335E7
410    20000615	1.9974066333333332E7
410    20000731	1.99754002E7
410    20001120	1.9976747E7
410    20010606	1.9978409966666665E7
410    20020418	1.99803996E7
410    20030902	1.99827358E7
410    20031230	1.99850826E7
410    20041027	1.9987753433333334E7
410    20041115	1.99904266E7
410    20050608	1.9993413033333335E7
410    20060203	1.9996719233333334E7
410    20060215	2.0000025766666666E7
410    20060411	2.00033387E7
410    20060418	2.00066491E7
410    20061029	2.0009979866666667E7
410    20061109	2.0013313233333334E7
410    20061211	2.00166496E7
410    20061229	2.0019986433333334E7
410    20070228	2.0023323233333334E7
410    20081227	2.0027026566666666E7
410    20090528	2.0031034066666666E7
410    20091015	2.0034377E7
410    20101001	2.00380433E7
410    20110901	2.00420328E7
410    20130424	2.0046376366666667E7
410    20160816	2.0051732533333335E7
