41566    20110509	2.00719376E7
41566    20110711	2.0073920933333334E7
41566    20120221	2.0075924933333334E7
41566    20120502	2.0077938066666666E7
41566    20120609	2.00799516E7
41566    20120626	2.0081962133333333E7
41566    20130620	2.00843022E7
41566    20141116	2.0086992133333333E7
41566    20141127	2.0089679166666668E7
41566    20150203	2.0092668633333333E7
41566    20150709	2.0095674766666666E7
41566    20150715	2.0098678233333334E7
41566    20150913	2.01016845E7
41566    20151107	2.0104690733333334E7
41566    20160115	2.0107993833333332E7
41566    20160215	2.0111297266666666E7
41566    20160427	2.0114603866666667E7
41566    20160507	2.01176174E7
41566    20160804	2.01206366E7
41566    20161006	2.0123643033333335E7
