420    19961106	1.99607819E7
420    19961107	1.9960805E7
420    19961115	1.9960825E7
420    19961120	1.9960845033333335E7
420    19961122	1.9960865E7
420    19961124	1.9960882266666666E7
420    19991012	1.99618955E7
420    19991216	1.9962915466666665E7
420    20000406	1.99642416E7
420    20000408	1.99655676E7
420    20000508	1.9966894333333332E7
420    20001121	1.99682412E7
420    20001128	1.9969588266666666E7
420    20010606	1.9971251233333334E7
420    20010620	1.9972914433333334E7
420    20020418	1.9974901666666668E7
420    20030406	1.99772218E7
420    20030827	1.99795558E7
420    20040526	1.9982212833333332E7
420    20040728	1.9984876566666666E7
420    20050608	1.99878693E7
420    20060103	1.99911784E7
420    20060717	1.9994505333333332E7
420    20061229	1.9997848966666665E7
420    20080810	2.0001845133333333E7
420    20090124	2.0006149033333335E7
420    20110901	2.0011145066666666E7
420    20140202	2.0017117566666666E7
