4226    20040728	2.00223656E7
4226    20040903	2.00233849E7
4226    20040921	2.0024401333333332E7
4226    20040929	2.00254122E7
4226    20041010	2.0026425733333334E7
4226    20041027	2.00274328E7
4226    20041121	2.0028439633333333E7
4226    20050128	2.00297434E7
4226    20050317	2.0031053433333334E7
4226    20050322	2.00323605E7
4226    20050323	2.0033667566666666E7
4226    20050403	2.00349738E7
4226    20050410	2.0035984E7
4226    20050413	2.0036993866666667E7
4226    20050419	2.00379978E7
4226    20050426	4.007896646666667E7
4226    20050529	2.0040958666666668E7
4226    20050831	2.00416428E7
4226    20050923	2.00423296E7
4226    20051023	2.0043016733333334E7
4226    20051110	2.00437033E7
4226    20060127	2.00446903E7
4226    20060130	2.00456741E7
4226    20060203	2.0046656533333335E7
4226    20060305	2.0047632633333333E7
4226    20060310	2.0048605833333332E7
4226    20060322	2.0049575566666666E7
4226    20060418	2.0050238633333333E7
4226    20060526	2.0050899433333334E7
4226    20060728	2.00515661E7
4226    20060801	2.0052229366666667E7
4226    20061109	2.00529023E7
4226    20061207	2.0053578233333334E7
4226    20061229	2.00542522E7
4226    20070106	2.00552215E7
4226    20070228	2.0056191733333334E7
4226    20070407	2.00568677E7
4226    20070703	2.0057547233333334E7
4226    20080126	2.00585407E7
4226    20080424	2.0059544066666666E7
4226    20080711	2.0060554333333332E7
4226    20080812	2.0061567733333334E7
4226    20081005	2.0062587466666665E7
4226    20081110	2.00636105E7
4226    20081203	2.00646364E7
4226    20090124	2.0065959666666668E7
4226    20090405	2.0067288866666667E7
4226    20090414	2.00686083E7
4226    20090627	2.0069931766666666E7
4226    20091014	2.00712648E7
4226    20091020	2.0072595133333333E7
4226    20091023	2.0073625E7
4226    20100327	2.00749649E7
4226    20100402	2.0076304866666667E7
4226    20100430	2.0077642366666667E7
4226    20100506	2.0078982233333334E7
4226    20100516	2.0080322033333335E7
4226    20100829	2.0081669066666666E7
4226    20101207	2.00830251E7
4226    20110119	2.0084671466666665E7
4226    20110122	2.00863155E7
4226    20110127	2.0087949433333334E7
4226    20110306	2.0089586066666666E7
4226    20110429	2.0091226066666666E7
4226    20110901	2.00925859E7
4226    20120102	2.0094248366666667E7
4226    20120501	2.0095918166666668E7
4226    20120731	2.0097585766666666E7
4226    20121118	2.0098952166666668E7
4226    20121123	4.0201964666666664E7
4226    20130218	2.0103302733333334E7
4226    20130601	2.0104955933333334E7
4226    20130620	2.0106606266666666E7
4226    20130908	2.01082631E7
4226    20140114	2.0109929433333334E7
4226    20140712	2.0111606333333332E7
4226    20140823	2.0113286633333333E7
4226    20140825	2.01149599E7
4226    20141206	2.0116632966666665E7
4226    20150217	2.01186062E7
4226    20150219	2.01205794E7
4226    20150224	2.0122242633333333E7
4226    20150409	2.0123909533333335E7
4226    20150609	2.0125582166666668E7
4226    20150711	2.0127255666666668E7
4226    20150714	2.0128928933333334E7
4226    20150715	2.01305918E7
4226    20150726	2.0132242433333334E7
4226    20150823	2.0133599233333334E7
4226    20150917	2.0134959066666666E7
4226    20150926	2.0136319033333335E7
4226    20151228	2.01376831E7
4226    20151230	2.0139043133333333E7
4226    20160410	2.0140693433333334E7
4226    20160427	2.01420376E7
4226    20160626	4.028808003333333E7
4226    20160723	2.01460251E7
4226    20160728	2.0147345266666666E7
4226    20160816	2.0148668366666667E7
4226    20161005	2.01496946E7
