4246    20051116	2.0029702933333334E7
4246    20060118	2.0031359233333334E7
4246    20060215	2.0033015433333334E7
4246    20060217	2.0034668966666665E7
4246    20060418	2.00363289E7
4246    20060720	2.00379988E7
4246    20061229	2.0039682966666665E7
4246    20070204	2.00416626E7
4246    20070708	2.0043649333333332E7
4246    20080126	2.0045949866666667E7
4246    20080711	2.0048266366666667E7
4246    20080714	2.0050280133333333E7
4246    20080810	2.0052283066666666E7
4246    20081209	2.0053979233333334E7
4246    20081210	2.00556727E7
4246    20090112	2.0057662666666668E7
4246    20090313	2.0059659233333334E7
4246    20090414	2.0061655933333334E7
4246    20090606	2.0063325266666666E7
4246    20091015	2.00650015E7
4246    20110307	2.0067314833333332E7
4246    20110509	2.0069634433333334E7
4246    20110524	2.0071951566666666E7
4246    20120221	2.0074591366666667E7
4246    20120609	2.0077240966666665E7
4246    20120622	2.0079584466666665E7
4246    20120628	2.0081925066666666E7
4246    20130620	2.00845957E7
4246    20150610	2.0087925266666666E7
4246    20150711	2.0091251533333335E7
4246    20150714	2.0094571466666665E7
4246    20150715	2.0097591366666667E7
4246    20150814	2.0100611333333332E7
4246    20150917	2.0103634666666668E7
4246    20150930	2.0106651733333334E7
4246    20160207	2.0109967966666665E7
4246    20160215	2.01132675E7
4246    20160330	4.02355308E7
4246    20160416	2.0121935433333334E7
4246    20160427	2.0124592633333333E7
4246    20160626	2.0127256366666667E7
