4262    20080810	2.0052645233333334E7
4262    20091014	2.0055322166666668E7
4262    20100624	2.0058005733333334E7
4262    20120719	2.0061016066666666E7
4262    20120731	2.0064009466666665E7
4262    20121205	2.0066698766666666E7
4262    20130109	2.0069674966666665E7
4262    20130218	2.0072338133333333E7
4262    20130505	2.00750108E7
4262    20140202	2.00780041E7
4262    20140910	2.0081011066666666E7
4262    20150203	2.00843204E7
4262    20150713	2.00876434E7
4262    20150714	2.0090963533333335E7
4262    20150715	2.0094280566666666E7
4262    20150720	2.00973009E7
4262    20151002	2.0100330066666666E7
4262    20160427	2.01036733E7
4262    20160804	2.0107026666666668E7
4262    20160816	2.0110380433333334E7
