4306    20031228	2.0020996466666665E7
4306    20040114	2.0021982633333333E7
4306    20040306	2.0022972166666668E7
4306    20040319	2.0023959333333332E7
4306    20040726	2.00249465E7
4306    20040830	2.0025937033333335E7
4306    20040903	2.0026929966666665E7
4306    20040930	2.00279237E7
4306    20041027	2.00289174E7
4306    20041110	2.0029913466666665E7
4306    20041128	2.0030614366666667E7
4306    20050110	2.0031614566666666E7
4306    20050128	2.0032615266666666E7
4306    20050207	2.00336183E7
4306    20050211	2.0034618633333333E7
4306    20050309	2.0035621566666666E7
4306    20050321	2.0036618533333335E7
4306    20050322	8.015636313333334E7
4306    20050323	2.0041228733333334E7
4306    20050401	2.0041897966666665E7
4306    20050402	2.00425645E7
4306    20050407	2.00432311E7
4306    20050410	2.0043894333333332E7
4306    20050412	2.00445504E7
4306    20050426	2.0045200533333335E7
4306    20050518	2.00458536E7
4306    20050723	2.0046507233333334E7
4306    20050831	2.0047160666666668E7
4306    20050923	2.0047520966666665E7
4306    20051023	2.00478782E7
4306    20051110	2.00482379E7
4306    20051116	2.0048584233333334E7
4306    20060128	2.00492275E7
4306    20060130	2.00498684E7
4306    20060203	2.0050510833333332E7
4306    20060215	2.0051150433333334E7
4306    20060220	2.0051787433333334E7
4306    20060310	2.0052426833333332E7
4306    20060322	2.0052767233333334E7
4306    20060411	2.005311E7
4306    20060418	2.0053450366666667E7
4306    20060517	2.00537939E7
4306    20060518	2.00541342E7
4306    20060724	2.0054480966666665E7
4306    20060814	2.00548307E7
4306    20060828	2.00551809E7
4306    20061109	2.0055540466666665E7
4306    20061112	2.0055900133333333E7
4306    20061113	2.00562598E7
4306    20061229	2.0056620733333334E7
4306    20070228	2.00572816E7
4306    20070511	2.0057951733333334E7
4306    20070627	2.0058625633333333E7
4306    20071110	2.0059315566666666E7
4306    20080126	2.0060305566666666E7
4306    20080618	2.00613089E7
4306    20080623	2.0062305566666666E7
4306    20080711	4.012759606666667E7
4306    20080714	2.00652842E7
4306    20080810	2.00662742E7
4306    20080814	2.0067264133333333E7
4306    20081028	2.00679608E7
4306    20081129	2.0068660766666666E7
4306    20081210	2.0069361E7
4306    20090125	2.0070358E7
4306    20090209	2.0071357633333333E7
4306    20090413	2.0072361066666666E7
4306    20090422	2.00733644E7
4306    20090609	2.0074371E7
4306    20091020	2.0075391066666666E7
4306    20100118	2.00767111E7
4306    20100430	2.00780415E7
4306    20100506	2.0079367566666666E7
4306    20100516	2.0080690966666665E7
4306    20100807	2.00820236E7
4306    20100923	2.0083350733333334E7
4306    20101205	2.0084687166666668E7
4306    20101207	2.0086023633333333E7
4306    20110119	2.00876533E7
4306    20110127	2.0088983266666666E7
4306    20110219	2.0090306866666667E7
4306    20110222	2.00916267E7
4306    20110306	2.0092933233333334E7
4306    20110422	2.00939431E7
4306    20110429	2.00949368E7
4306    20110509	2.0095933E7
4306    20110516	2.00969265E7
4306    20110630	2.00979238E7
4306    20110711	2.00989237E7
4306    20110901	2.0099926733333334E7
4306    20120310	2.0101243266666666E7
4306    20120501	2.0102559033333335E7
4306    20120628	2.0103875666666668E7
4306    20120731	2.0105193033333335E7
4306    20120925	2.01062197E7
4306    20121029	2.0107247033333335E7
4306    20121111	2.01082703E7
4306    20130218	2.0109596833333332E7
4306    20130404	2.0110923333333332E7
4306    20130424	2.01122368E7
4306    20130620	2.0113253533333335E7
4306    20130902	2.0114269266666666E7
4306    20130928	2.0115283333333332E7
4306    20140421	2.01166135E7
4306    20140712	2.0117943666666668E7
4306    20140721	2.0119270266666666E7
4306    20140826	2.0120590966666665E7
4306    20141206	2.0121924266666666E7
4306    20150105	2.0123257133333333E7
4306    20150203	2.0124593E7
4306    20150226	2.0125926566666666E7
4306    20150304	2.0127262633333333E7
4306    20150306	2.0128595966666665E7
4306    20150424	2.0129929366666667E7
4306    20150522	2.01312658E7
4306    20150610	2.01326025E7
4306    20150711	2.0133942333333332E7
4306    20150715	2.01352785E7
4306    20150726	2.0136612333333332E7
4306    20150823	2.0137943066666666E7
4306    20150902	2.01389628E7
4306    20150927	2.0139977E7
4306    20150930	2.0140987066666666E7
4306    20151020	2.01419967E7
4306    20151107	2.0143002766666666E7
4306    20151129	2.01440061E7
4306    20151230	2.0145010066666666E7
4306    20160215	2.0146009966666665E7
4306    20160415	2.0147010333333332E7
4306    20160416	2.0148010066666666E7
4306    20160427	2.0149003633333333E7
4306    20160507	2.0149990466666665E7
4306    20160508	2.0150976466666665E7
4306    20160626	4.0303963733333334E7
4306    20160721	2.0152980433333334E7
4306    20160728	2.0153643833333332E7
4306    20160801	2.0154297E7
4306    20161005	2.0154660333333332E7
4306    20161006	2.0155020433333334E7
4306    20161015	2.0155380066666666E7
