4308    20060701	2.0036685266666666E7
4308    20060717	2.0038355166666668E7
4308    20060827	2.0040028633333333E7
4308    20061112	2.0041691733333334E7
4308    20061211	2.0043358033333335E7
4308    20061229	2.0045024733333334E7
4308    20070228	2.0046695133333333E7
4308    20070703	2.0048354266666666E7
4308    20080711	2.0050340633333333E7
4308    20080810	2.00523267E7
4308    20081130	2.0054020833333332E7
4308    20081210	2.00557176E7
4308    20090414	2.0057717866666667E7
4308    20090609	2.0059724033333335E7
4308    20091102	2.0061743666666668E7
4308    20120630	2.0064731266666666E7
4308    20120808	2.0067397933333334E7
4308    20150610	2.0071054833333332E7
4308    20150714	2.0074711266666666E7
4308    20150715	2.0078064766666666E7
4308    20150727	2.00814122E7
4308    20151205	2.0084774933333334E7
4308    20160207	2.0088434833333332E7
4308    20160215	2.0092084566666666E7
4308    20160508	2.0095731166666668E7
4308    20160723	2.0099384733333334E7
