432    19961122	1.9960804533333335E7
432    19961124	1.99608282E7
432    19991004	1.9961847866666667E7
432    19991216	1.9962871333333332E7
432    20000318	1.9964197966666665E7
432    20000403	1.9965527333333332E7
432    20000406	1.9966854033333335E7
432    20000418	1.99681809E7
432    20000425	1.99695079E7
432    20000508	1.99708376E7
432    20001121	1.9972187666666668E7
432    20010606	1.9973851E7
432    20010623	1.9975514766666666E7
432    20020114	1.9977494733333334E7
432    20020405	1.9979484366666667E7
432    20020418	1.9981474166666668E7
432    20030717	1.99838047E7
432    20030913	1.9986141733333334E7
432    20031204	1.9988487533333335E7
432    20040128	1.9991127666666668E7
432    20040526	1.99937783E7
432    20040728	1.99964355E7
432    20040930	1.99990992E7
432    20050322	4.000712836666667E7
432    20050327	2.0008026566666666E7
432    20050423	2.00110038E7
432    20060103	2.0014303633333333E7
432    20060215	2.0017606966666665E7
432    20060518	2.0020920233333334E7
432    20060525	2.0024233666666668E7
432    20060606	2.0027549733333334E7
432    20070101	2.00301863E7
432    20110127	2.003415E7
