434    19960802	1.9960612866666667E7
434    19960813	1.9960626166666668E7
434    19960815	1.9960639533333335E7
434    19960816	1.9960652766666666E7
434    19960822	1.9960663433333334E7
434    19960830	1.9960674033333335E7
434    19960901	1.99606869E7
434    19960906	1.99606998E7
434    19960909	1.99607128E7
434    19960910	1.9960725733333334E7
434    19960919	1.99607387E7
434    19960921	1.99607492E7
434    19960924	1.9960759666666668E7
434    19960926	1.9960770133333333E7
434    19961015	1.9960783466666665E7
434    19961016	1.9960796766666666E7
434    19961020	1.99608102E7
434    19961027	1.99608238E7
434    19961103	1.9960839833333332E7
434    19961106	1.9960855766666666E7
434    19961107	1.99608717E7
434    19961108	1.99608851E7
434    19961115	1.9960898633333333E7
434    19961120	1.9960912133333333E7
434    19961122	1.9960925666666668E7
434    19961124	1.9960939233333334E7
434    19961125	1.99609526E7
434    19961216	1.9960968933333334E7
434    19970131	1.9961282333333332E7
434    19970205	1.99615958E7
434    19970303	1.99619125E7
434    19970623	1.99622395E7
434    19980616	1.9962899533333335E7
434    19991015	1.9963906166666668E7
434    19991215	1.9964919266666666E7
434    19991216	1.9965932133333333E7
434    19991229	1.9966943066666666E7
434    20000108	1.99682498E7
434    20000205	1.9969559666666668E7
434    20000316	1.99708732E7
434    20000505	1.9972192733333334E7
434    20000513	1.9973512466666665E7
434    20000605	1.9974835166666668E7
434    20000904	1.9976167766666666E7
434    20001002	1.9977500666666668E7
434    20001104	1.9978836933333334E7
434    20001121	1.9980173633333333E7
434    20020418	1.9982153333333332E7
434    20030406	1.9984463433333334E7
434    20031230	1.99868009E7
434    20040214	1.99894378E7
434    20040808	1.9992094466666665E7
434    20040820	1.99947513E7
434    20040903	1.9997410733333334E7
434    20041013	2.0000073766666666E7
434    20041110	2.0002739966666665E7
434    20041115	2.00054063E7
434    20050321	2.0008376466666665E7
434    20050322	2.00110495E7
434    20050412	2.0013723066666666E7
434    20051023	2.0016413733333334E7
434    20051116	2.0019096833333332E7
434    20060112	2.00217467E7
434    20060202	2.0024052933333334E7
434    20060215	2.0026352933333334E7
434    20060418	2.0028659666666668E7
434    20060724	2.0030976166666668E7
434    20061113	2.0033009666666668E7
434    20070703	2.00353596E7
434    20080205	2.0038022566666666E7
434    20090619	2.0041026366666667E7
434    20100430	2.0044356933333334E7
434    20100610	2.0047690433333334E7
434    20100807	2.0051020533333335E7
434    20110127	2.0054658033333335E7
434    20110901	2.0058317933333334E7
434    20120502	2.00622973E7
