435    20010606	1.9973373766666666E7
435    20010617	1.997505E7
435    20010708	1.9976726466666665E7
435    20011110	1.9978412833333332E7
435    20020418	1.9980409266666666E7
435    20021228	1.99824326E7
435    20030307	3.997183463333333E7
435    20030717	1.9989415533333335E7
435    20030919	1.9991758566666666E7
435    20030929	1.9994099333333332E7
435    20031204	1.99964456E7
435    20040820	1.9999112066666666E7
435    20041115	2.0001788233333334E7
435    20050130	2.00047557E7
435    20050423	2.00077326E7
435    20060802	2.0011055333333332E7
435    20061226	2.0014392133333333E7
435    20090124	2.0018692E7
435    20090414	2.0022701666666668E7
435    20091020	2.0026725566666666E7
435    20091213	2.0030399266666666E7
435    20100209	2.0034366E7
435    20110127	2.00383297E7
435    20110503	2.0042006233333334E7
435    20160507	2.00473459E7
