4370    20080810	2.0037357233333334E7
4370    20080812	2.0039694166666668E7
4370    20081210	2.0042044233333334E7
4370    20090313	2.0044697566666666E7
4370    20090414	2.00473542E7
4370    20090610	2.00500171E7
4370    20091015	2.00526907E7
4370    20101206	2.0055703733333334E7
4370    20110127	2.0058697033333335E7
4370    20110319	2.00616935E7
4370    20110901	2.00647035E7
4370    20120622	2.0068036933333334E7
4370    20120808	2.0071356266666666E7
4370    20140303	2.00750192E7
4370    20150610	2.0079019466666665E7
4370    20150710	2.0082685533333335E7
4370    20150715	2.0086348366666667E7
4370    20150727	2.0090009033333335E7
4370    20150917	2.00936689E7
4370    20151102	2.00970347E7
4370    20151109	2.01003941E7
4370    20160207	2.0104054033333335E7
4370    20160507	2.0107719966666665E7
4370    20160510	2.0111366633333333E7
4370    20160524	2.0114706533333335E7
4370    20160626	2.01180468E7
