440    19961120	1.99608027E7
440    19961122	1.9960823133333333E7
440    19961124	1.99608432E7
440    19961216	1.99608663E7
440    19970205	1.9961188966666665E7
440    19970303	1.99615148E7
440    19970623	1.9961851233333334E7
440    19971114	1.99622015E7
440    19981007	1.99628814E7
440    19990727	1.9963885133333333E7
440    19991012	1.99648983E7
440    19991024	1.99659118E7
440    19991123	1.9966925766666666E7
440    19991211	1.99679426E7
440    19991213	3.993893456666667E7
440    19991216	1.9970991666666668E7
440    19991229	1.99720059E7
440    20000117	1.9973315466666665E7
440    20000207	1.9974628033333335E7
440    20000402	1.9975941333333332E7
440    20000406	1.9977254233333334E7
440    20000425	1.9978567733333334E7
440    20000504	1.9979883766666666E7
440    20000602	1.99812004E7
440    20000731	3.99663633E7
440    20001121	1.9985175866666667E7
440    20001209	1.9986512566666666E7
440    20010122	1.9988145966666665E7
440    20010606	1.99897955E7
440    20010720	1.9991448766666666E7
440    20011019	1.9993111933333334E7
440    20011216	1.99947786E7
440    20020201	1.9996445133333333E7
440    20020418	1.9998115633333333E7
440    20021228	1.9999802466666665E7
440    20030517	2.0001782566666666E7
440    20030610	2.0003436E7
440    20030714	2.00047689E7
440    20030827	2.0006096066666666E7
440    20040808	2.0007755533333335E7
440    20041010	2.0009418433333334E7
440    20041031	2.00110791E7
440    20041115	2.00127425E7
440    20050321	2.0014712766666666E7
440    20050505	2.0016689066666666E7
440    20050518	2.0018665366666667E7
440    20051006	2.0020361666666668E7
440    20060131	2.0022359133333333E7
440    20060219	2.0024353033333335E7
440    20060411	2.00263532E7
440    20060418	2.0028352966666665E7
440    20061112	2.0030373233333334E7
440    20090414	2.0033366966666665E7
440    20091213	2.0036383033333335E7
440    20100327	2.00397029E7
440    20110127	2.0043336433333334E7
440    20110307	2.0046973033333335E7
440    20130218	2.0050976233333334E7
440    20160507	2.0055972933333334E7
