44191    20091020	2.00710174E7
44191    20100402	2.0072353233333334E7
44191    20100516	2.0073689833333332E7
44191    20100517	2.00750231E7
44191    20100919	2.0076369533333335E7
44191    20101207	2.0077725533333335E7
44191    20110228	2.00793796E7
44191    20110711	2.00810496E7
44191    20110901	2.0082716133333333E7
44191    20111027	2.0084386866666667E7
44191    20120501	2.0086373266666666E7
44191    20120626	2.0088363333333332E7
44191    20120719	2.0090353466666665E7
44191    20120731	2.00923409E7
44191    20121123	4.0190679E7
44191    20140202	2.0098970533333335E7
44191    20140524	2.0101313733333334E7
44191    20150203	2.01039638E7
44191    20150217	2.0106300166666668E7
44191    20150522	2.0108637166666668E7
44191    20150701	2.0110979533333335E7
44191    20150713	2.01133157E7
44191    20150911	2.01156556E7
44191    20150913	2.0117992166666668E7
44191    20151107	2.0120321533333335E7
44191    20151108	2.0122354333333332E7
44191    20151119	2.0124384666666668E7
44191    20151129	2.01264083E7
44191    20151205	2.0128428166666668E7
44191    20160115	2.0130731333333332E7
44191    20160215	2.01327251E7
44191    20160330	2.01347189E7
44191    20160415	2.01367155E7
44191    20160416	2.0138698733333334E7
44191    20160427	2.0140672733333334E7
44191    20160507	2.01423487E7
44191    20160626	4.028968256666667E7
44191    20160723	2.0147326566666666E7
44191    20160804	2.014867E7
44191    20160816	2.0150009666666668E7
44191    20160907	2.0151349266666666E7
44191    20161016	2.01526921E7
