442    19970303	1.9961783E7
442    19970708	1.9962122766666666E7
442    19981002	1.9962805333333332E7
442    19991115	1.9963822066666666E7
442    19991216	1.99648421E7
442    19991229	1.99658625E7
442    20000207	1.9967182166666668E7
442    20000316	1.9968505366666667E7
442    20000731	1.9969842333333332E7
442    20001104	1.9971188933333334E7
442    20001108	1.9972535533333335E7
442    20001121	1.9973882366666667E7
442    20001128	1.99752294E7
442    20010122	1.9976875833333332E7
442    20020412	1.9978862866666667E7
442    20020624	1.9980856E7
442    20021228	1.9982866133333333E7
442    20030207	1.99851728E7
442    20030224	1.99874796E7
442    20030415	1.9989792666666668E7
442    20030919	1.9992119766666666E7
442    20031204	1.9994456333333332E7
442    20031230	1.9996793733333334E7
442    20040601	1.9999443266666666E7
442    20040808	2.0002099533333335E7
442    20040830	2.0004756466666665E7
442    20040903	2.0007415766666666E7
442    20050322	2.0010385966666665E7
442    20050327	2.00130595E7
442    20050401	2.00157355E7
442    20050412	2.00184058E7
442    20050422	2.0021062933333334E7
442    20050603	2.0023382966666665E7
442    20051023	2.00253799E7
442    20051110	2.0027376366666667E7
442    20051116	2.00293726E7
442    20060203	2.0031372466666665E7
442    20060207	2.0033368833333332E7
442    20060215	2.0035351633333333E7
442    20060220	2.0037322166666668E7
442    20060305	2.00392954E7
442    20060322	2.0041268766666666E7
442    20060418	2.00432451E7
442    20060527	2.0044925266666666E7
442    20060717	2.0046268766666666E7
442    20060718	2.0047605233333334E7
442    20061109	2.00489346E7
442    20061111	2.0049964733333334E7
442    20071026	2.00513248E7
442    20080126	2.0052981833333332E7
442    20080711	2.0054641566666666E7
442    20081128	2.00563057E7
442    20090124	2.0058268833333332E7
442    20100329	2.0060259766666666E7
442    20100430	2.0062247166666668E7
442    20101207	2.0064259733333334E7
442    20110503	2.0066579733333334E7
442    20110901	2.0068599033333335E7
442    20140202	2.0071594866666667E7
442    20140523	2.0074598933333334E7
442    20141206	2.00776254E7
442    20150813	2.0080971766666666E7
442    20160507	2.0084635233333334E7
442    20160519	2.00882851E7
442    20160804	2.0091941566666666E7
442    20160816	2.0095598233333334E7
