4447    20110127	2.0049036566666666E7
4447    20120622	2.0052696866666667E7
4447    20120628	2.00563542E7
4447    20120804	2.0060006966666665E7
4447    20150610	2.0064353866666667E7
4447    20150711	2.0068697133333333E7
4447    20150727	2.0073027033333335E7
4447    20150927	2.0077357866666667E7
4447    20150930	2.0081374733333334E7
4447    20151102	2.0085394366666667E7
4447    20151112	2.00894111E7
4447    20160207	2.0093720933333334E7
4447    20160215	2.0098020433333334E7
4447    20160330	4.02080352E7
4447    20160427	2.0109994433333334E7
4447    20160507	2.0113977666666668E7
4447    20160811	2.0117660633333333E7
