454    19960902	1.9960681066666666E7
454    19960906	1.9960694E7
454    19960909	3.99214269E7
454    19960921	1.9960733166666668E7
454    19960924	1.9960746466666665E7
454    19961016	1.9960762733333334E7
454    19961017	1.9960778966666665E7
454    19961019	1.99607926E7
454    19961020	1.99608062E7
454    19961026	1.996082E7
454    19961103	1.9960836133333333E7
454    19961106	3.9921720733333334E7
454    19961107	1.99608844E7
454    19961108	1.99608978E7
454    19961110	1.9960911166666668E7
454    19961115	1.99609245E7
454    19961116	1.9960937833333332E7
454    19961120	1.9960951266666666E7
454    19961122	1.9960964533333335E7
454    19961124	1.99609777E7
454    19961125	1.99609885E7
454    19961216	1.99610023E7
454    19970121	1.9961312566666666E7
454    19970127	1.9961622966666665E7
454    19970131	1.9961933466666665E7
454    19970205	1.9962246233333334E7
454    19970210	1.9962559033333335E7
454    19970303	1.99628748E7
454    19981002	1.99635448E7
454    19990727	1.9964538833333332E7
454    19991014	1.9965542333333332E7
454    19991215	1.9966552533333335E7
454    19991229	1.99675628E7
454    20000308	1.99688756E7
454    20000317	1.9970185633333333E7
454    20000407	1.9971498633333333E7
454    20000425	1.9972812166666668E7
454    20000524	1.9974128966666665E7
454    20000703	1.9975451533333335E7
454    20001002	1.99767815E7
454    20001105	1.99781148E7
454    20001114	1.99794484E7
454    20001120	1.9980782166666668E7
454    20001209	1.9982118866666667E7
454    20010715	1.9983772366666667E7
454    20020114	1.9985739E7
454    20030429	1.9988049433333334E7
454    20030827	1.9990373E7
454    20040214	1.99930094E7
454    20040423	1.99956527E7
454    20040726	1.9998306066666666E7
454    20040820	2.0000959533333335E7
454    20040823	2.0003316266666666E7
454    20041010	2.0005679033333335E7
454    20041115	2.0008045166666668E7
454    20050321	2.00107157E7
454    20050331	2.00133864E7
454    20050412	2.00160567E7
454    20051023	2.0018390733333334E7
454    20060131	2.00207042E7
454    20060203	2.00230105E7
454    20060215	2.00253105E7
454    20060418	2.00276168E7
454    20060724	2.0029630666666668E7
454    20061128	2.00316577E7
454    20061226	2.0033685E7
454    20061229	2.00357118E7
454    20070303	2.0038037766666666E7
454    20080711	2.00407047E7
454    20081129	2.00433756E7
454    20081130	2.00460431E7
454    20090414	2.0049019766666666E7
454    20090809	2.00520094E7
454    20110222	2.0055643166666668E7
454    20110901	2.00589827E7
454    20120502	2.0062328966666665E7
454    20130404	2.0065661466666665E7
454    20150726	2.00696581E7
454    20160816	2.0073678166666668E7
