457    19960801	1.9960624133333333E7
457    19960802	1.99606339E7
457    19960813	1.9960643833333332E7
457    19960815	1.99606537E7
457    19960816	1.99606636E7
457    19960822	1.9960673566666666E7
457    19960826	1.99606836E7
457    19960830	3.9921397333333336E7
457    19960901	1.9960713533333335E7
457    19960902	1.99607234E7
457    19960905	1.9960733233333334E7
457    19960906	1.9960743033333335E7
457    19960909	3.9921515666666664E7
457    19960910	1.99607725E7
457    19960919	1.9960782566666666E7
457    19960920	1.99607926E7
457    19960921	3.9921615166666664E7
457    19960924	1.9960822433333334E7
457    19960925	1.99608323E7
457    19960926	1.9960839633333333E7
457    19961003	1.9960849433333334E7
457    19961012	1.9960859333333332E7
457    19961016	1.9960869333333332E7
457    19961017	1.9960879333333332E7
457    19961019	1.9960889166666668E7
457    19961023	1.9960899066666666E7
457    19961026	1.9960908966666665E7
457    19961103	1.9960919033333335E7
457    19961106	5.9882816733333334E7
457    19961107	1.9960958333333332E7
457    19961108	1.9960967866666667E7
457    19961110	1.9960977333333332E7
457    19961115	1.9960986833333332E7
457    19961120	3.99220003E7
457    19961122	1.9961011133333333E7
457    19961124	1.9961018433333334E7
457    19961125	1.9961025733333334E7
457    19961129	1.9961033066666666E7
457    19961216	1.99610433E7
457    19970109	1.9961349933333334E7
457    19970121	3.992362003333333E7
457    19970131	1.9962270366666667E7
457    19970205	1.9962579833333332E7
457    19970303	1.9962892466666665E7
457    19970623	1.9963215733333334E7
457    19970708	1.99635418E7
457    19971114	1.9963878833333332E7
457    19971207	1.9964218666666668E7
457    19980101	1.9964854833333332E7
457    19980201	1.99654943E7
457    19981002	1.99661604E7
457    19981207	1.99668332E7
457    19990726	1.99678232E7
457    19990928	1.9968817366666667E7
457    19991001	1.9969813866666667E7
457    19991003	1.9970810433333334E7
457    19991007	1.9971807133333333E7
457    19991009	1.9972803866666667E7
457    19991011	1.9973800633333333E7
457    19991012	1.9974797366666667E7
457    19991115	1.9975797366666667E7
457    19991210	1.9976800366666667E7
457    19991213	1.9977803466666665E7
457    19991216	1.99788066E7
457    19991229	1.99798101E7
457    20000107	1.99811095E7
457    20000117	1.99824091E7
457    20000122	1.9983705966666665E7
457    20000209	1.99847093E7
457    20000219	1.9985712566666666E7
457    20000316	1.9986719066666666E7
457    20000424	1.9987728833333332E7
457    20000425	1.9988736166666668E7
457    20000504	1.9989742866666667E7
457    20000602	1.9990742166666668E7
457    20000603	1.9991738666666668E7
457    20000703	1.9992724966666665E7
457    20000731	1.99937091E7
457    20000826	1.9994399933333334E7
457    20001104	1.99950967E7
457    20001114	1.99957671E7
457    20001118	1.99964308E7
457    20001120	1.9996777266666666E7
457    20001128	1.9997117266666666E7
457    20001209	1.9997457533333335E7
457    20010122	1.9998094833333332E7
457    20010606	1.9998748133333333E7
457    20010708	1.9999404766666666E7
457    20010807	2.0000064633333333E7
457    20010813	2.0000724666666668E7
457    20010815	2.0001381333333332E7
457    20020117	2.00023449E7
457    20020316	2.0003315E7
457    20020405	2.0004287966666665E7
457    20020418	2.0005260933333334E7
457    20020604	2.0005944166666668E7
457    20030409	2.00069539E7
457    20030827	2.00079774E7
457    20031002	2.0009003833333332E7
457    20031230	2.0010037533333335E7
457    20040216	2.0011367533333335E7
457    20040301	2.0012696766666666E7
457    20040306	2.0014026133333333E7
457    20040726	2.0015366866666667E7
457    20041010	2.00167138E7
457    20041014	2.0018060833333332E7
457    20041027	2.0019404966666665E7
457    20041110	2.0020750933333334E7
457    20041115	2.00220939E7
457    20050110	2.0023727433333334E7
457    20050207	2.0025363866666667E7
457    20050211	2.00270003E7
457    20050302	2.00286397E7
457    20050309	2.0030279066666666E7
457    20050310	2.0031915766666666E7
457    20050320	2.00332557E7
457    20050321	2.0034579533333335E7
457    20050322	4.0073117166666664E7
457    20050323	2.0038534166666668E7
457    20050331	2.0039851366666667E7
457    20050403	2.00408609E7
457    20050412	2.00418641E7
457    20050416	2.0042864466666665E7
457    20050419	2.00438645E7
457    20050426	2.0044858566666666E7
457    20050501	2.00455283E7
457    20050831	2.00461951E7
457    20051006	2.00468619E7
457    20051023	2.0047521666666668E7
457    20051110	2.00478848E7
457    20060130	2.0048545766666666E7
457    20060203	2.0049209E7
457    20060215	2.0049858633333333E7
457    20060418	2.0050505566666666E7
457    20060502	2.0051155166666668E7
457    20060518	2.0051804866666667E7
457    20060526	2.0052452066666666E7
457    20060724	2.00531057E7
457    20060731	2.0053459733333334E7
457    20061004	2.0053819633333333E7
457    20061108	2.0054182866666667E7
457    20061207	2.0054546366666667E7
457    20061229	2.0054910366666667E7
457    20070302	2.0055576766666666E7
457    20070703	2.00562562E7
457    20080810	2.00572725E7
457    20080823	2.00582892E7
457    20080825	2.0059305966666665E7
457    20081128	2.00603328E7
457    20090402	2.00616685E7
457    20090414	2.00630022E7
457    20091020	2.00643558E7
457    20091223	2.0065716033333335E7
457    20100327	2.0067379633333333E7
457    20100430	2.0069046433333334E7
457    20101215	2.00707369E7
457    20110127	2.0072713433333334E7
457    20110509	2.0074696866666667E7
457    20110901	2.00766928E7
457    20120502	2.0079005866666667E7
457    20120622	2.0081022266666666E7
457    20120731	2.0083039866666667E7
457    20121013	2.0085066466666665E7
457    20130205	2.00873927E7
457    20130218	2.0089716566666666E7
457    20130902	2.00920627E7
457    20140126	2.0094716033333335E7
457    20150203	2.0097698666666668E7
457    20151020	2.01007083E7
457    20151121	2.01037122E7
457    20160507	2.01070255E7
457    20160608	2.0110338866666667E7
457    20160626	2.01136521E7
457    20160816	2.0116669233333334E7
457    20160907	2.0119676033333335E7
457    20161006	2.0122349233333334E7
