45722    20110127	2.0077089533333335E7
45722    20110429	2.00787462E7
45722    20110509	2.0080403066666666E7
45722    20110711	2.0082066133333333E7
45722    20110901	2.00837354E7
45722    20120609	2.0085725566666666E7
45722    20120628	2.00877157E7
45722    20130414	2.00900226E7
45722    20140530	2.0092666233333334E7
45722    20141115	2.0095329233333334E7
45722    20141116	2.0097992133333333E7
45722    20150203	2.0100657966666665E7
45722    20150424	2.01033287E7
45722    20150522	2.0105995666666668E7
45722    20150711	2.01086626E7
45722    20150714	2.0111015533333335E7
45722    20150913	2.0113365566666666E7
45722    20150927	2.01157092E7
45722    20151010	2.01180524E7
45722    20151111	2.0120395766666666E7
45722    20151230	2.0122739766666666E7
45722    20160207	2.0125379066666666E7
45722    20160215	2.0128012566666666E7
45722    20160416	2.01303493E7
45722    20160507	2.01326789E7
45722    20160508	2.0134995266666666E7
45722    20160801	2.01373184E7
45722    20160816	2.01393347E7
45722    20160818	2.0141344966666665E7
45722    20161015	2.0143338566666666E7
