4643    20091016	2.0041415833333332E7
4643    20100822	2.0044416433333334E7
4643    20110127	2.00477271E7
4643    20120122	2.0051370766666666E7
4643    20120731	2.0055034633333333E7
4643    20120805	2.0058700966666665E7
4643    20121123	2.0062368066666666E7
4643    20140115	2.00666647E7
4643    20150715	2.0071314166666668E7
4643    20150917	2.0075657266666666E7
4643    20151109	2.0079996866666667E7
4643    20151230	2.0084330266666666E7
4643    20160415	2.00886636E7
4643    20160416	2.00929936E7
4643    20160507	2.00973238E7
