46578    20110127	2.0082632333333332E7
46578    20110222	2.0084278966666665E7
46578    20110429	2.0085929866666667E7
46578    20110509	2.0087276433333334E7
46578    20110524	2.00886234E7
46578    20110624	2.0089970533333335E7
46578    20110711	2.0091317433333334E7
46578    20110901	2.0092667233333334E7
46578    20111002	2.0094010533333335E7
46578    20120501	2.0095663266666666E7
46578    20120602	2.0097309733333334E7
46578    20120622	2.0098956433333334E7
46578    20120925	2.0100307066666666E7
46578    20121020	2.0101660266666666E7
46578    20130127	2.0103310566666666E7
46578    20130620	2.01049741E7
46578    20130902	2.0106643833333332E7
46578    20140712	2.01086333E7
46578    20140729	2.0110619933333334E7
46578    20141116	2.01126168E7
46578    20141206	2.0114319533333335E7
46578    20150224	2.0116320033333335E7
46578    20150226	2.01183171E7
46578    20150610	2.0120303633333333E7
46578    20150711	2.0121986566666666E7
46578    20150714	2.0123666133333333E7
46578    20150715	2.01253423E7
46578    20150720	2.0127005333333332E7
46578    20150726	2.0128666133333333E7
46578    20150911	2.0130322933333334E7
46578    20150917	2.01316826E7
46578    20150926	2.01330394E7
46578    20150927	2.0134389333333332E7
46578    20151010	2.0135739366666667E7
46578    20151108	2.0137092166666668E7
46578    20151109	2.0138441666666668E7
46578    20160215	2.01400918E7
46578    20160216	2.0141735633333333E7
46578    20160330	2.01433799E7
46578    20160410	2.01447102E7
46578    20160427	2.01460377E7
46578    20160626	2.0147371166666668E7
46578    20160723	2.0148697766666666E7
46578    20160729	2.01500214E7
46578    20160731	2.0151041533333335E7
46578    20160801	2.0152047566666666E7
46578    20160816	2.01530447E7
