466    20020418	1.9974401633333333E7
466    20030527	1.99767351E7
466    20040216	1.9979391366666667E7
466    20040726	1.9982061666666668E7
466    20040929	1.9984738633333333E7
466    20041110	1.9987418433333334E7
466    20050129	1.9990395866666667E7
466    20050211	1.9993375733333334E7
466    20050322	3.9995701E7
466    20050608	2.00023316E7
466    20050904	2.0005330866666667E7
466    20051213	2.0008337733333334E7
466    20060208	2.0011644266666666E7
466    20060215	2.0014950766666666E7
466    20060310	2.0018260333333332E7
466    20060418	2.0021570266666666E7
466    20060717	2.00248901E7
466    20061226	2.0027926933333334E7
466    20070101	2.00312594E7
466    20070228	2.0034590233333334E7
466    20090125	2.0038570766666666E7
466    20100209	2.0042203866666667E7
466    20101215	2.0045567166666668E7
466    20110503	2.004924E7
466    20110901	2.0052923166666668E7
466    20140202	2.0057579766666666E7
466    20140823	2.00622495E7
466    20151129	2.0067246433333334E7
466    20160816	2.0072566033333335E7
