47    19960902	1.9960309933333334E7
47    19960909	1.9960669933333334E7
47    19960910	1.9960689266666666E7
47    19960921	1.9960708966666665E7
47    19960924	1.9960725966666665E7
47    19961003	1.9960742333333332E7
47    19961007	1.9960758633333333E7
47    19961012	1.9960775066666666E7
47    19961015	1.9960791466666665E7
47    19961017	1.9960805166666668E7
47    19961020	1.99608186E7
47    19961026	1.9960832133333333E7
47    19961027	1.9960845666666668E7
47    19961106	3.9921739666666664E7
47    19961107	1.9960893833333332E7
47    19961108	1.9960907233333334E7
47    19961116	1.99609208E7
47    19961120	3.992188203333333E7
47    19961122	1.9960961E7
47    19961216	1.9960977233333334E7
47    19970121	3.9922891266666666E7
47    19970127	1.99619118E7
47    19970205	1.9962224866666667E7
47    19970303	1.9962541133333333E7
47    19980402	1.9963194E7
47    19980613	1.9963853566666666E7
47    19981002	1.99645236E7
47    19981209	1.99652005E7
47    19990726	1.99661944E7
47    19990928	3.9935390233333334E7
47    19990929	1.99691954E7
47    19991001	1.9970195333333332E7
47    19991002	1.9971195166666668E7
47    19991007	1.9972195E7
47    19991012	1.99731949E7
47    19991015	1.9974194833333332E7
47    19991115	1.9975198E7
47    19991216	1.9976204333333332E7
47    19991229	1.9977211066666666E7
47    20000107	1.99785111E7
47    20000219	3.996093346666667E7
47    20000425	1.9982429166666668E7
47    20000505	1.9983742133333333E7
47    20000513	1.9985055233333334E7
47    20000731	1.99863756E7
47    20000826	1.9987699066666666E7
47    20001104	1.9989028666666668E7
47    20001108	1.9990061566666666E7
47    20001121	1.99910949E7
47    20001229	1.9992131633333333E7
47    20010108	1.9993461733333334E7
47    20010225	1.9994792466666665E7
47    20010408	1.9995792666666668E7
47    20010709	1.9996795866666667E7
47    20010813	1.9997789566666666E7
47    20020117	1.99990865E7
47    20020412	2.0000076033333335E7
47    20020418	2.0001059033333335E7
47    20021129	2.0002065733333334E7
47    20030406	2.0003381633333333E7
47    20030409	2.0004695233333334E7
47    20030513	2.0006012266666666E7
47    20030531	2.0007329733333334E7
47    20030827	2.00086569E7
47    20031230	2.00099974E7
47    20040601	2.0011646933333334E7
47    20040726	2.0013297266666666E7
47    20040903	2.0014953066666666E7
47    20040921	2.0016313533333335E7
47    20041010	2.0017673233333334E7
47    20041027	2.00190335E7
47    20041110	2.0020389666666668E7
47    20050110	2.0022043166666668E7
47    20050128	2.0023697E7
47    20050304	2.0025349433333334E7
47    20050309	2.0026998866666667E7
47    20050310	2.0028639066666666E7
47    20050320	2.0030279466666665E7
47    20050321	2.0031919466666665E7
47    20050322	6.01046852E7
47    20050323	2.0037563433333334E7
47    20050412	2.0038886866666667E7
47    20050501	2.00402098E7
47    20050529	2.0041223533333335E7
47    20050923	2.0042240566666666E7
47    20051023	2.0043260733333334E7
47    20051110	2.00442601E7
47    20051116	2.0044950433333334E7
47    20060116	2.0045940666666668E7
47    20060127	2.00469278E7
47    20060128	2.0047914366666667E7
47    20060130	2.0048891133333333E7
47    20060215	2.00498573E7
47    20060310	2.0050514266666666E7
47    20060418	2.0051170666666668E7
47    20060517	2.0051824466666665E7
47    20060526	2.0052477966666665E7
47    20060606	2.0053131166666668E7
47    20060701	2.0053786966666665E7
47    20060724	2.0054440766666666E7
47    20060725	2.00547946E7
47    20060801	2.0055150366666667E7
47    20060814	2.00555007E7
47    20060924	2.0055854533333335E7
47    20061108	2.0056214466666665E7
47    20061113	2.0056574233333334E7
47    20061207	2.00569371E7
47    20061229	4.01149649E7
47    20070407	2.0058333733333334E7
47    20070703	2.0059013066666666E7
47    20080126	2.0060003533333335E7
47    20080425	2.0061001E7
47    20080810	2.0062010366666667E7
47    20081030	2.0063013933333334E7
47    20081128	2.0064017433333334E7
47    20090124	2.00653179E7
47    20090414	2.0066627833333332E7
47    20090907	2.00676542E7
47    20091013	2.0068683733333334E7
47    20100327	2.00700237E7
47    20100430	2.0071367033333335E7
47    20100610	2.0072713533333335E7
47    20100807	2.0074063433333334E7
47    20100829	2.0075410466666665E7
47    20101220	2.0076767233333334E7
47    20110127	2.00784206E7
47    20110222	2.0080074466666665E7
47    20110306	2.0081727966666665E7
47    20110624	2.00833913E7
47    20110810	2.00850608E7
47    20110901	2.00867308E7
47    20120310	2.0088714E7
47    20120502	2.0090699933333334E7
47    20120731	2.0092687366666667E7
47    20120808	4.01913411E7
47    20121111	2.0098659966666665E7
47    20130205	2.0100959166666668E7
47    20130218	2.0102952866666667E7
47    20130404	2.01049429E7
47    20130902	2.0106635433333334E7
47    20140202	2.0108628E7
47    20140910	2.0110631333333332E7
47    20141115	2.0112634166666668E7
47    20141116	2.0114633766666666E7
47    20141206	2.01163365E7
47    20150105	2.01183262E7
47    20150304	2.01203061E7
47    20150609	2.0122292633333333E7
47    20150701	2.0123971766666666E7
47    20150714	2.01256479E7
47    20150913	2.0127324666666668E7
47    20151010	2.01289981E7
47    20151020	2.0130671133333333E7
47    20151103	2.01323339E7
47    20151104	2.01336998E7
47    20151109	2.01350627E7
47    20151205	2.0136426E7
47    20160427	2.01380861E7
47    20160507	2.0139742666666668E7
47    20160508	2.0141396233333334E7
47    20160626	2.01427401E7
47    20160723	2.01440808E7
47    20160816	2.0145416966666665E7
