471    20000805	1.9974708533333335E7
471    20001127	1.9976062E7
471    20001208	1.9977418E7
471    20001209	1.9978773966666665E7
471    20020122	1.99807577E7
471    20030827	1.9983097933333334E7
471    20031230	1.99854484E7
471    20040114	1.9988088833333332E7
471    20040526	1.9990742733333334E7
471    20050426	1.99937266E7
471    20050608	1.9996713433333334E7
471    20060215	2.0000019833333332E7
471    20060527	2.0003333866666667E7
471    20061219	2.0006670633333333E7
471    20070512	2.0010317033333335E7
471    20090124	2.00143173E7
471    20110127	2.0018984166666668E7
471    20110130	2.0023648333333332E7
471    20120805	2.0028665066666666E7
471    20130601	2.0034004533333335E7
