4720    20081210	2.0045067466666665E7
4720    20090208	2.0047711033333335E7
4720    20090414	2.0050361266666666E7
4720    20100222	2.0053017866666667E7
4720    20110127	2.0056004533333335E7
4720    20110503	2.0058997733333334E7
4720    20111027	2.00620049E7
4720    20120501	2.0065314733333334E7
4720    20120626	2.00683321E7
4720    20130218	2.0071659166666668E7
4720    20140303	2.00753223E7
4720    20140505	2.0078645033333335E7
4720    20150409	2.0082295166666668E7
4720    20150424	2.0085945E7
4720    20150609	2.0089597733333334E7
4720    20151111	2.0093264066666666E7
4720    20160427	2.00969407E7
4720    20160507	2.01006135E7
4720    20160729	2.01042937E7
4720    20160801	2.0107973633333333E7
