474    19970131	1.99611493E7
474    19970205	1.9961472033333335E7
474    19970303	1.9961797866666667E7
474    19971114	1.9962150666666668E7
474    19980616	1.9962817666666668E7
474    19980814	1.9963491133333333E7
474    19981002	1.9964170633333333E7
474    19990727	1.99651742E7
474    19991003	1.9966186933333334E7
474    19991007	1.9967197033333335E7
474    19991012	1.9968207233333334E7
474    19991213	3.9939463666666664E7
474    19991229	1.9971254166666668E7
474    20000107	1.9972564333333332E7
474    20000219	1.99738778E7
474    20000316	1.9975194E7
474    20000406	1.9976510666666668E7
474    20000424	1.99778278E7
474    20000425	1.9979144633333333E7
474    20000504	1.9980463966666665E7
474    20000527	1.99817813E7
474    20000602	1.99831007E7
474    20000731	1.9984421533333335E7
474    20000826	1.9985745533333335E7
474    20001104	1.9987078733333334E7
474    20001209	1.9988415033333335E7
474    20010122	1.9990048366666667E7
474    20010407	1.9991691133333333E7
474    20020418	1.9993664533333335E7
474    20020624	1.9995347633333333E7
474    20030409	1.9997354433333334E7
474    20040726	1.9999701866666667E7
474    20040820	2.00020254E7
474    20040823	2.00040323E7
474    20041014	2.0006038966666665E7
474    20041115	2.0008042733333334E7
474    20050323	2.0010029266666666E7
474    20050422	2.00120099E7
474    20060130	2.0014314E7
474    20060418	2.0016627533333335E7
474    20081129	2.0019624733333334E7
474    20081208	2.0022624566666666E7
474    20090626	2.00259378E7
474    20091015	2.0028968066666666E7
474    20100327	2.0032305E7
474    20110901	2.0035991166666668E7
474    20120609	2.0039997933333334E7
474    20151104	2.00450206E7
474    20160507	2.0050356666666668E7
474    20161006	2.0055706733333334E7
