48    20030416	1.9984024833333332E7
48    20030513	1.99863583E7
48    20031230	1.9988715333333332E7
48    20040808	1.9991391533333335E7
48    20040903	1.9994070866666667E7
48    20040921	1.9996750633333333E7
48    20050125	1.99997346E7
48    20050228	2.00027183E7
48    20050321	2.0005701466666665E7
48    20050322	2.00086814E7
48    20050401	2.0011661033333335E7
48    20050723	2.0014651166666668E7
48    20051110	2.00176513E7
48    20051116	2.0020351133333333E7
48    20060128	2.0023348566666666E7
48    20060203	2.0026314766666666E7
48    20060310	2.0028971233333334E7
48    20060418	2.0031281466666665E7
48    20061226	2.00336153E7
48    20070228	2.0036249033333335E7
48    20080205	2.0038911833333332E7
48    20080714	2.00415889E7
48    20080816	2.0044265966666665E7
48    20081210	2.0046946233333334E7
48    20090603	2.0049928966666665E7
48    20091015	2.00526087E7
48    20110127	2.00559124E7
48    20110901	2.0058935733333334E7
48    20120630	2.00622759E7
48    20130424	2.0065609833333332E7
48    20130620	2.0068949966666665E7
48    20160507	2.00732831E7
