480    19960816	1.9960675533333335E7
480    19960822	1.99606855E7
480    19960826	1.9960695533333335E7
480    19960830	3.99214212E7
480    19960901	1.9960725433333334E7
480    19960902	1.9960735166666668E7
480    19960906	1.99607449E7
480    19960909	5.98822933E7
480    19960910	1.9960783866666667E7
480    19960920	1.9960793866666667E7
480    19960921	5.988244143333333E7
480    19960924	1.9960831066666666E7
480    19960925	1.9960838366666667E7
480    19960926	1.99608456E7
480    19961003	1.99608552E7
480    19961007	1.99608649E7
480    19961015	1.9960874833333332E7
480    19961016	1.9960884566666666E7
480    19961017	1.9960894166666668E7
480    19961019	1.9960901433333334E7
480    19961020	1.9960908733333334E7
480    19961023	1.99609161E7
480    19961026	1.99609234E7
480    19961027	1.9960930533333335E7
480    19961103	1.9960940133333333E7
480    19961106	5.9882877666666664E7
480    19961107	1.9960977833333332E7
480    19961108	1.99609871E7
480    19961110	1.9960994066666666E7
480    19961115	1.9961001166666668E7
480    19961116	1.9961008166666668E7
480    19961120	3.992203743333333E7
480    19961122	1.9961029333333332E7
480    19961125	1.99610365E7
480    19961216	1.9961046366666667E7
480    19961229	1.9961056633333333E7
480    19970121	3.9923033266666666E7
480    19970131	1.9961976866666667E7
480    19970205	1.99622862E7
480    19970303	1.9962598766666666E7
480    19970408	1.9962912266666666E7
480    19970603	1.9963232133333333E7
480    19970623	1.99635524E7
480    19970708	1.9963875466666665E7
480    19971114	1.9964212033333335E7
480    19971120	1.9964548733333334E7
480    19980417	1.99651953E7
480    19981002	1.9965861266666666E7
480    19981207	1.9966533966666665E7
480    19990928	1.9967530666666668E7
480    19991012	1.9968527633333333E7
480    19991023	1.9969524866666667E7
480    19991111	1.9970525033333335E7
480    19991115	1.9971525333333332E7
480    19991123	1.9972525866666667E7
480    19991210	1.9973529266666666E7
480    19991211	5.992660746666667E7
480    19991216	1.99775422E7
480    19991229	1.9978545833333332E7
480    19991230	1.9979549433333334E7
480    20000108	1.9980848866666667E7
480    20000117	1.9982145566666666E7
480    20000122	1.9983442E7
480    20000131	1.9984442333333332E7
480    20000205	1.9985445133333333E7
480    20000219	1.9986448066666666E7
480    20000314	1.99874517E7
480    20000318	1.99884522E7
480    20000326	1.9989449466666665E7
480    20000401	1.9990442733333334E7
480    20000406	1.99914355E7
480    20000424	1.9992426033333335E7
480    20000425	1.9993403066666666E7
480    20000602	1.99943858E7
480    20000731	1.9995062933333334E7
480    20000803	1.9995722966666665E7
480    20001002	1.99963828E7
480    20001104	1.9996722E7
480    20001118	1.9997058866666667E7
480    20001120	1.9997395433333334E7
480    20001121	1.99977291E7
480    20001127	1.9998062833333332E7
480    20001128	1.9998396333333332E7
480    20001209	1.9998729633333333E7
480    20001218	1.99990632E7
480    20001229	1.9999397133333333E7
480    20010107	2.0000027E7
480    20010108	2.0000656733333334E7
480    20010122	2.00012865E7
480    20010130	2.00019165E7
480    20010708	2.0002269833333332E7
480    20010709	2.00026229E7
480    20010717	2.0002976066666666E7
480    20010815	2.00033322E7
480    20011110	2.00036957E7
480    20020116	2.0004358933333334E7
480    20020310	2.0005025466666665E7
480    20020316	2.0005692066666666E7
480    20020412	2.00063616E7
480    20020418	2.0007028833333332E7
480    20020419	2.0007695933333334E7
480    20020624	2.0008369266666666E7
480    20021228	2.00090627E7
480    20030207	2.0010049533333335E7
480    20030406	2.00110387E7
480    20030409	2.0012025566666666E7
480    20030513	2.0013009266666666E7
480    20030730	2.00139968E7
480    20030827	2.00149871E7
480    20030929	2.0015980733333334E7
480    20031022	2.0016977433333334E7
480    20040216	2.00182804E7
480    20040306	2.0019586333333332E7
480    20040601	2.00208994E7
480    20040726	2.0022216333333332E7
480    20040903	2.00235388E7
480    20041010	2.00245689E7
480    20041027	2.0025599533333335E7
480    20041110	2.0026632466666665E7
480    20041128	2.0027665733333334E7
480    20050110	2.0028979133333333E7
480    20050128	2.00302931E7
480    20050129	2.0031606833333332E7
480    20050210	2.003292E7
480    20050304	2.0034226466666665E7
480    20050309	2.00352329E7
480    20050310	2.00362329E7
480    20050321	2.0037233066666666E7
480    20050322	4.007745693333333E7
480    20050331	2.0040223933333334E7
480    20050416	2.0041217E7
480    20050423	2.0042190166666668E7
480    20050501	2.0042866633333333E7
480    20050608	2.0043540033333335E7
480    20050831	2.0044220766666666E7
480    20050923	2.00449011E7
480    20051023	2.0045577533333335E7
480    20051110	2.0046253633333333E7
480    20051116	2.0046926533333335E7
480    20060128	2.0047896733333334E7
480    20060130	2.0048560533333335E7
480    20060203	2.0049223766666666E7
480    20060215	2.0049877566666666E7
480    20060322	2.0050530766666666E7
480    20060327	2.0051178233333334E7
480    20060411	2.0051824933333334E7
480    20060418	2.00524713E7
480    20060518	2.0053118233333334E7
480    20060527	2.0053764866666667E7
480    20060606	2.0054114733333334E7
480    20060721	2.0054467833333332E7
480    20060814	2.0054824E7
480    20060821	2.00551777E7
480    20061004	2.0055534366666667E7
480    20061108	2.0055894333333332E7
480    20061113	2.0056254433333334E7
480    20061229	2.0056618033333335E7
480    20070228	2.0057281566666666E7
480    20070302	2.0057947566666666E7
480    20070623	2.0058623966666665E7
480    20070627	2.0059297666666668E7
480    20070703	2.0059973666666668E7
480    20080126	2.0060961166666668E7
480    20080205	2.0061947733333334E7
480    20080618	2.0062940633333333E7
480    20080623	2.0063930633333333E7
480    20080701	2.00649199E7
480    20080711	2.00659066E7
480    20080810	2.00668964E7
480    20080823	2.0067586233333334E7
480    20081028	2.0068282833333332E7
480    20081128	2.0068980333333332E7
480    20081130	2.00696775E7
480    20081210	2.0070373766666666E7
480    20090124	2.0071367E7
480    20090402	2.00723667E7
480    20090413	2.0073366533333335E7
480    20090414	2.0074363066666666E7
480    20090527	2.0075363066666666E7
480    20090609	2.0076363166666668E7
480    20091013	2.00773729E7
480    20091020	2.0078379766666666E7
480    20091107	2.00793893E7
480    20100126	2.0080693366666667E7
480    20100430	2.00820041E7
480    20100516	2.0083317533333335E7
480    20100807	2.00846368E7
480    20101207	2.0085669433333334E7
480    20110127	2.0086996933333334E7
480    20110429	2.00883238E7
480    20110901	2.0089666266666666E7
480    20111124	2.0091013633333333E7
480    20120310	2.00923531E7
480    20120502	2.0093696333333332E7
480    20120622	2.00950298E7
480    20120628	2.00963633E7
480    20120731	2.0097697633333333E7
480    20121014	2.0099041066666666E7
480    20130127	2.0100684966666665E7
480    20130204	2.0102331E7
480    20130205	2.0103970233333334E7
480    20130218	2.0105606566666666E7
480    20130404	2.0107249033333335E7
480    20130414	2.0108889166666668E7
480    20140126	2.01105559E7
480    20150105	2.0112546E7
480    20150304	2.0114542366666667E7
480    20150522	2.0116545966666665E7
480    20150523	2.0118545833333332E7
480    20150609	2.0120545833333332E7
480    20150611	2.0122532433333334E7
480    20150711	2.0124522133333333E7
480    20150714	2.0126509033333335E7
480    20150719	2.0128195466666665E7
480    20150727	2.0129872033333335E7
480    20150731	2.0131545866666667E7
480    20150823	2.0133213066666666E7
480    20150917	2.0134870066666666E7
480    20150921	2.0136229866666667E7
480    20151013	2.0137582666666668E7
480    20151107	2.0138922866666667E7
480    20151205	2.01402589E7
480    20160115	2.0141585733333334E7
480    20160123	2.0142906433333334E7
480    20160330	2.0144230033333335E7
480    20160410	2.01455561E7
480    20160427	2.01468793E7
480    20160507	2.0148195733333334E7
480    20160524	2.0149208966666665E7
480    20160626	2.0150223033333335E7
480    20160721	2.0151240233333334E7
480    20160816	2.0152260166666668E7
480    20160907	2.0153276933333334E7
