4816    20110127	2.0058014E7
4816    20110416	2.0061320666666668E7
4816    20120629	2.00646714E7
4816    20120804	2.0068021033333335E7
4816    20130127	2.00716814E7
4816    20130620	2.0075025166666668E7
4816    20140202	2.0078671533333335E7
4816    20140303	2.00823073E7
4816    20150614	2.0085970233333334E7
4816    20150714	2.0089627E7
4816    20151102	2.0092982966666665E7
4816    20160115	2.00966332E7
4816    20160410	2.0100276533333335E7
4816    20160416	2.0103616433333334E7
4816    20160524	2.01069569E7
4816    20160804	2.01103031E7
4816    20160816	2.01136461E7
