48385    20140303	2.0085747733333334E7
48385    20150610	2.0088731E7
48385    20150714	2.0091717366666667E7
48385    20150715	2.00947011E7
48385    20150913	2.0097691233333334E7
48385    20150917	2.01006811E7
48385    20151107	2.0103677033333335E7
48385    20160416	2.01066833E7
48385    20160427	2.01096874E7
48385    20160519	2.0112691333333332E7
48385    20160608	2.0115698033333335E7
48385    20160717	2.0118681233333334E7
48385    20160723	2.0121368633333333E7
48385    20160801	2.0124058533333335E7
48385    20160816	2.01267482E7
