48394    20120929	2.0091674333333332E7
48394    20130109	2.0093671133333333E7
48394    20130218	2.00956714E7
48394    20130902	2.0097690666666668E7
48394    20140524	2.01000181E7
48394    20141116	2.01023652E7
48394    20150217	2.01050155E7
48394    20150330	2.0107659066666666E7
48394    20150609	2.0110009233333334E7
48394    20150714	2.0112352233333334E7
48394    20150715	2.01146888E7
48394    20150720	2.0117022433333334E7
48394    20150913	2.01193625E7
48394    20151020	2.0121706033333335E7
48394    20151107	2.0124049266666666E7
48394    20151108	2.0126386033333335E7
48394    20151205	2.01287192E7
48394    20160207	2.01307152E7
48394    20160410	2.0132714866666667E7
48394    20160427	2.0134711866666667E7
48394    20160619	2.0136702433333334E7
48394    20160816	2.0138689466666665E7
48394    20160907	2.0140679466666665E7
