485    20010606	1.9971823966666665E7
485    20020418	1.9973820233333334E7
485    20030207	1.9976140066666666E7
485    20040216	1.9978793366666667E7
485    20040808	1.99814663E7
485    20040820	1.99841396E7
485    20040903	1.99868125E7
485    20050322	1.9989799333333332E7
485    20050509	1.99927896E7
485    20050608	1.99957827E7
485    20051111	1.9998792233333334E7
485    20060130	2.0002102366666667E7
485    20060418	2.0005418766666666E7
485    20060527	2.00087361E7
485    20060717	2.00120596E7
485    20061229	2.0015399933333334E7
485    20100624	2.00200534E7
485    20101016	2.00247166E7
485    20101223	2.0029386633333333E7
485    20110127	2.00343534E7
485    20120611	2.0039666566666666E7
485    20130218	2.0045003133333333E7
485    20140202	2.00506697E7
485    20160816	2.0056323066666666E7
