48516    20091020	2.0077980933333334E7
48516    20091107	2.0078983533333335E7
48516    20100402	2.0080289333333332E7
48516    20100420	2.00812998E7
48516    20100430	2.0082306533333335E7
48516    20100624	2.0083316466666665E7
48516    20100807	2.00843298E7
48516    20100829	2.0085343366666667E7
48516    20101006	2.0086353466666665E7
48516    20101207	2.00873701E7
48516    20110127	2.0088677033333335E7
48516    20110222	2.0089983966666665E7
48516    20110429	2.00912907E7
48516    20110901	2.0092317266666666E7
48516    20111121	2.0093350433333334E7
48516    20120719	2.00946936E7
48516    20120731	2.0096030633333333E7
48516    20120805	2.0097370033333335E7
48516    20120809	2.00987035E7
48516    20120824	2.01000373E7
48516    20121005	2.0101373233333334E7
48516    20121113	2.0102710166666668E7
48516    20121114	2.0104046366666667E7
48516    20121118	2.0105376266666666E7
48516    20121123	2.0106706166666668E7
48516    20130218	2.0108043333333332E7
48516    20130601	2.0109392566666666E7
48516    20130902	2.0110751733333334E7
48516    20140202	2.0112418166666668E7
48516    20140205	2.0114071366666667E7
48516    20140607	2.0115724266666666E7
48516    20140823	2.0117381466666665E7
48516    20141206	2.01187416E7
48516    20150203	2.0120401033333335E7
48516    20150709	2.0122077E7
48516    20150713	2.0123746633333333E7
48516    20150714	2.01254102E7
48516    20150715	2.0127073066666666E7
48516    20150727	2.0128730433333334E7
48516    20150823	2.01303843E7
48516    20150913	2.0131743833333332E7
48516    20151103	2.0133106533333335E7
48516    20151109	2.0134462533333335E7
48516    20151205	2.0135806E7
48516    20160410	2.0137448966666665E7
48516    20160427	2.0138772566666666E7
48516    20160508	2.0140098466666665E7
48516    20160626	4.02841789E7
48516    20160723	2.0144083033333335E7
48516    20160729	2.0145407166666668E7
48516    20160816	2.01467306E7
48516    20160830	2.0148054466666665E7
48516    20160907	2.0149380766666666E7
48516    20161006	2.01507102E7
