48774    20140524	2.01002143E7
48774    20140823	2.0102571533333335E7
48774    20141206	2.0104938266666666E7
48774    20150224	2.0107605566666666E7
48774    20150609	2.0110254933333334E7
48774    20150727	2.01126083E7
48774    20150917	2.0114958366666667E7
48774    20160115	2.0117614733333334E7
48774    20160120	2.01202648E7
48774    20160507	2.0122921366666667E7
48774    20160524	2.01255654E7
48774    20160626	2.0127915433333334E7
48774    20160723	2.01302659E7
48774    20161006	2.0132618766666666E7
