48780    20120731	2.0096851966666665E7
48780    20121005	2.0098548633333333E7
48780    20121113	2.0100248833333332E7
48780    20121114	2.0101615833333332E7
48780    20130127	2.01032729E7
48780    20150203	2.0105598866666667E7
48780    20150612	2.0107931666666668E7
48780    20150709	2.0110264833333332E7
48780    20150714	2.0112594966666665E7
48780    20150726	2.01149216E7
48780    20150823	2.01169449E7
48780    20150913	2.0118968366666667E7
48780    20151104	2.0120971066666666E7
48780    20151109	2.0122664166666668E7
48780    20151205	2.01243601E7
48780    20151207	2.01260536E7
48780    20160207	2.0128046733333334E7
48780    20160507	2.0130049633333333E7
48780    20160626	2.0132056166666668E7
48780    20160723	2.01340498E7
48780    20160726	2.0136036733333334E7
48780    20160728	2.0138020533333335E7
48780    20160816	2.0139710333333332E7
