4878    20060527	2.0044234366666667E7
4878    20060719	2.00458882E7
4878    20060814	2.0047217966666665E7
4878    20070207	2.0048851333333332E7
4878    20070228	2.0050185366666667E7
4878    20070407	2.0051522033333335E7
4878    20070522	2.0052859233333334E7
4878    20070703	2.0054191666666668E7
4878    20080618	2.0055534966666665E7
4878    20080810	2.0056881566666666E7
4878    20080812	2.0058221866666667E7
4878    20081028	2.00595652E7
4878    20081030	2.0060905433333334E7
4878    20081130	2.0062245733333334E7
4878    20081210	2.0063585166666668E7
4878    20090521	2.00649284E7
4878    20091023	2.0066285533333335E7
4878    20100402	2.0067954866666667E7
4878    20100516	2.0069628E7
4878    20101207	2.0071324133333333E7
4878    20110122	2.00733141E7
4878    20110127	2.0075301366666667E7
4878    20110307	2.00772812E7
4878    20110429	2.0079264733333334E7
4878    20110516	2.0081247833333332E7
4878    20110604	2.0082930366666667E7
4878    20110624	2.00846135E7
4878    20110630	2.0086290433333334E7
4878    20110901	2.00879732E7
4878    20120310	2.00899668E7
4878    20120501	2.0091965933333334E7
4878    20120609	2.0093962266666666E7
4878    20120731	2.00959595E7
4878    20120804	2.0097646066666666E7
4878    20120808	2.0099332066666666E7
4878    20120921	2.0101015866666667E7
4878    20121005	2.0102698633333333E7
4878    20121111	2.01043789E7
4878    20130109	2.01060286E7
4878    20130218	2.0107675533333335E7
4878    20130424	2.0109329266666666E7
4878    20130902	2.0110991733333334E7
4878    20130928	2.0112655E7
4878    20140823	2.0114644766666666E7
4878    20141206	2.0116644633333333E7
4878    20150203	2.0118634033333335E7
4878    20150224	2.01206074E7
4878    20150609	2.0122280966666665E7
4878    20150713	2.01239542E7
4878    20150714	2.0125604433333334E7
4878    20150720	2.01269577E7
4878    20150926	2.0128317666666668E7
4878    20151130	2.0129678433333334E7
4878    20151205	2.0131037633333333E7
4878    20160115	2.0132690933333334E7
4878    20160215	2.0134344633333333E7
4878    20160330	2.01360015E7
4878    20160410	2.0137660833333332E7
4878    20160427	2.01393117E7
4878    20160608	2.0140654966666665E7
4878    20160626	4.0285318833333336E7
4878    20160722	2.01446594E7
4878    20160816	2.0145993133333333E7
