4886    20050403	2.0033389866666667E7
4886    20050412	2.0034700133333333E7
4886    20050501	2.0036013E7
4886    20050615	2.0037329266666666E7
4886    20050923	2.0038652833333332E7
4886    20051023	2.0039672766666666E7
4886    20051110	2.00406788E7
4886    20060203	2.00419788E7
4886    20060215	2.0042975866666667E7
4886    20060310	2.0043975566666666E7
4886    20060418	2.0044975966666665E7
4886    20060518	2.00459796E7
4886    20060527	2.0046976833333332E7
4886    20060606	2.00479727E7
4886    20060801	2.0048968666666668E7
4886    20060813	2.00499649E7
4886    20060821	2.00509613E7
4886    20060828	2.0051951766666666E7
4886    20060905	2.0052941266666666E7
4886    20061109	2.0053937233333334E7
4886    20061207	2.00546167E7
4886    20061229	2.0055293633333333E7
4886    20070115	2.0056263233333334E7
4886    20070302	2.00569325E7
4886    20070627	2.00576099E7
4886    20071110	2.0058303266666666E7
4886    20080618	2.0059313166666668E7
4886    20080627	2.0060323333333332E7
4886    20080711	2.0061333666666668E7
4886    20080714	2.0062344033333335E7
4886    20080810	2.00633576E7
4886    20081129	2.00643815E7
4886    20081210	2.0065405133333333E7
4886    20090124	2.00667221E7
4886    20090209	2.0068031633333333E7
4886    20090413	2.0069344633333333E7
4886    20090414	2.0070654766666666E7
4886    20090422	2.0071662066666666E7
4886    20090609	2.00726752E7
4886    20091015	2.00736987E7
4886    20091020	2.0074718766666666E7
4886    20091107	2.00757384E7
4886    20100517	2.00770714E7
4886    20100610	2.0078404866666667E7
4886    20100807	2.00797384E7
4886    20100829	2.0081072266666666E7
4886    20101006	2.0082411766666666E7
4886    20101205	2.0083757666666668E7
4886    20110127	2.00853984E7
4886    20110222	2.00870355E7
4886    20110306	2.0088672133333333E7
4886    20110429	2.0090312133333333E7
4886    20110509	2.00916586E7
4886    20110524	2.0092999333333332E7
4886    20110901	2.00943418E7
4886    20111016	2.0095672E7
4886    20120310	2.0096995066666666E7
4886    20120501	2.00983242E7
4886    20121123	2.0099671266666666E7
4886    20130218	2.01013214E7
4886    20130304	2.01029712E7
4886    20130424	2.0104614366666667E7
4886    20130620	2.0106261366666667E7
4886    20140721	2.0107947933333334E7
4886    20140826	2.0109635166666668E7
4886    20141206	2.0111328266666666E7
4886    20150105	2.0113317966666665E7
4886    20150203	2.0115310666666668E7
4886    20150226	2.01172979E7
4886    20150304	2.01192742E7
4886    20150306	2.01212504E7
4886    20150424	2.0123227633333333E7
4886    20150518	2.0124894333333332E7
4886    20150522	2.0126558066666666E7
4886    20150610	2.0128218166666668E7
4886    20150714	2.0129881E7
4886    20150715	2.0131537966666665E7
4886    20150726	2.0133188666666668E7
4886    20150823	2.01345452E7
4886    20150902	2.01359012E7
4886    20150930	2.0137255333333332E7
4886    20151020	2.0138608366666667E7
4886    20151109	2.01399617E7
4886    20151121	2.0141314933333334E7
4886    20151129	2.0142655866666667E7
4886    20151212	2.0143995733333334E7
4886    20151230	2.01450264E7
4886    20160215	2.01463502E7
4886    20160415	2.0147659933333334E7
4886    20160416	2.0148666533333335E7
4886    20160427	2.0149670633333333E7
4886    20160507	2.01506734E7
4886    20160518	2.015167E7
4886    20160626	4.0305327E7
4886    20160721	2.0153644E7
4886    20160728	2.01539981E7
4886    20160816	2.0154351866666667E7
4886    20160907	2.01547079E7
4886    20161005	2.01550646E7
4886    20161015	2.0155421566666666E7
