4896    20050529	2.00306692E7
4896    20050923	2.0031995733333334E7
4896    20051023	2.0033322633333333E7
4896    20051110	2.0034356266666666E7
4896    20051116	2.003539E7
4896    20060128	2.00367209E7
4896    20060203	2.0038046833333332E7
4896    20060310	2.00393697E7
4896    20060418	2.0040693066666666E7
4896    20060526	2.0042016866666667E7
4896    20060721	2.00433369E7
4896    20060731	2.0044656966666665E7
4896    20061022	2.0045983766666666E7
4896    20061109	2.0047013833333332E7
4896    20061229	2.0048041266666666E7
4896    20070101	2.0049363833333332E7
4896    20070112	2.00506838E7
4896    20070204	2.0051999633333333E7
4896    20070228	2.0053313266666666E7
4896    20070302	2.0054626566666666E7
4896    20080126	2.0056266566666666E7
4896    20080205	2.0057906666666668E7
4896    20080310	2.00592328E7
4896    20080714	2.0060563E7
4896    20080810	2.0061893233333334E7
4896    20081028	2.00632266E7
4896    20081210	2.0064256233333334E7
4896    20090112	2.0065579866666667E7
4896    20090209	2.00669064E7
4896    20090414	2.0068239433333334E7
4896    20090603	2.0069575233333334E7
4896    20091023	2.00709119E7
4896    20091107	2.0072248033333335E7
4896    20100501	2.00738944E7
4896    20100516	2.0075541066666666E7
4896    20100829	2.0076897766666666E7
4896    20110127	2.00785619E7
4896    20110222	2.0080225633333333E7
4896    20110307	2.00818886E7
4896    20110429	2.0083552033333335E7
4896    20110711	2.0085218366666667E7
4896    20110804	2.0086887466666665E7
4896    20110901	2.00885501E7
4896    20120221	2.00905205E7
4896    20120502	2.0092496266666666E7
4896    20120626	2.0094180433333334E7
4896    20121118	2.0095880633333333E7
4896    20130218	2.00978811E7
4896    20130424	2.0099887633333333E7
4896    20130620	2.0101898233333334E7
4896    20140421	2.0103908066666666E7
4896    20140721	2.0105925266666666E7
4896    20140826	2.0107942466666665E7
4896    20141116	2.0109955866666667E7
4896    20150203	2.0112268966666665E7
4896    20150226	2.0114575566666666E7
4896    20150304	2.01168787E7
4896    20150424	2.01188891E7
4896    20150522	2.0120899533333335E7
4896    20150610	2.0122906066666666E7
4896    20150711	4.025180893333333E7
4896    20150714	2.0128886166666668E7
4896    20150715	2.0130559966666665E7
4896    20151020	2.0132243433333334E7
4896    20151109	2.0133919433333334E7
4896    20151230	2.0135289533333335E7
4896    20160215	2.0136955966666665E7
4896    20160216	2.01386196E7
4896    20160416	2.0140285833333332E7
4896    20160507	2.01419457E7
4896    20160626	4.028887036666667E7
4896    20160728	2.0146614166666668E7
4896    20160816	2.0147957966666665E7
4896    20161006	2.0149303966666665E7
