49272    20110429	2.0086572633333333E7
49272    20110509	2.0088216033333335E7
49272    20110711	2.00895695E7
49272    20110901	2.00909285E7
49272    20120501	2.0092604266666666E7
49272    20120520	2.0094278166666668E7
49272    20120622	2.0095952E7
49272    20120719	2.00973051E7
49272    20120808	2.0098651566666666E7
49272    20120924	2.0100001866666667E7
49272    20121110	2.0101358066666666E7
49272    20121118	2.0102714333333332E7
49272    20121204	2.0104067033333335E7
49272    20130218	2.0105714E7
49272    20140303	2.01076932E7
49272    20150203	2.0109995666666668E7
49272    20150306	2.01122991E7
49272    20150523	2.01143124E7
49272    20150711	4.02346544E7
49272    20150715	2.0120318566666666E7
49272    20150727	2.01223087E7
49272    20150911	2.0124302166666668E7
49272    20150913	2.0125988366666667E7
49272    20150917	2.0127671566666666E7
49272    20151109	2.0129360866666667E7
49272    20160416	2.0131344266666666E7
49272    20160427	2.0133317833333332E7
49272    20160626	4.02716824E7
49272    20160816	2.0138360833333332E7
49272    20161006	2.0140044066666666E7
