494    19970413	1.99659162E7
494    19970426	1.9966252733333334E7
494    19970506	1.9966582533333335E7
494    19970519	1.9966906E7
494    19970621	1.99672295E7
494    19970623	3.993542053333333E7
494    19970716	1.9968194066666666E7
494    19971014	1.9968527466666665E7
494    19980201	1.9969166866666667E7
494    19980616	1.9969813833333332E7
494    19980814	1.9970467066666666E7
494    19981002	1.9971126366666667E7
494    19991007	1.9972119E7
494    19991012	1.9973111766666666E7
494    19991115	1.9973812E7
494    19991216	1.9974515566666666E7
494    20001104	1.9975548333333332E7
494    20001209	1.99765846E7
494    20020201	1.99782539E7
494    20020418	1.9979930233333334E7
494    20040820	1.9982284066666666E7
494    20040822	1.9984637666666668E7
494    20050310	1.99873075E7
494    20050322	1.9989977533333335E7
494    20060616	1.9992987966666665E7
494    20091020	1.99970114E7
494    20100209	2.00013411E7
494    20130218	2.0006670733333334E7
494    20151112	2.0012694166666668E7
494    20160507	2.0019030633333333E7
494    20160721	2.00253738E7
