4963    20040903	2.00263135E7
4963    20041010	2.00273067E7
4963    20041027	2.0028300366666667E7
4963    20050110	2.0029596566666666E7
4963    20050211	2.0030895966666665E7
4963    20050322	6.00987311E7
4963    20050403	4.0070823266666666E7
4963    20050407	2.00368961E7
4963    20050412	2.0037882766666666E7
4963    20050423	2.00388661E7
4963    20050501	2.0039845466666665E7
4963    20050603	2.0040824633333333E7
4963    20050923	2.0041515266666666E7
4963    20051023	2.0042209133333333E7
4963    20051110	2.00429059E7
4963    20051116	2.0043599533333335E7
4963    20060116	2.0044589866666667E7
4963    20060131	2.00455806E7
4963    20060203	2.0046570266666666E7
4963    20060215	2.0047560233333334E7
4963    20060315	2.0048543433333334E7
4963    20060418	2.00495264E7
4963    20060526	2.0050510533333335E7
4963    20060717	2.00511939E7
4963    20060731	2.0051877733333334E7
4963    20060821	2.0052551733333334E7
4963    20061112	2.0053228533333335E7
4963    20061207	2.0053905333333332E7
4963    20061226	2.00545792E7
4963    20061229	4.0110875833333336E7
4963    20070228	2.0056290466666665E7
4963    20070302	2.0056956466666665E7
4963    20070708	2.0057636E7
4963    20071110	2.0058328933333334E7
4963    20080126	2.00593197E7
4963    20080205	2.00603131E7
4963    20080618	2.0061320133333333E7
4963    20080623	2.0062327166666668E7
4963    20080711	2.0063336766666666E7
4963    20080810	2.0064347066666666E7
4963    20080814	2.00653541E7
4963    20081028	2.00663576E7
4963    20081129	2.0067361133333333E7
4963    20081210	2.0068364466666665E7
4963    20090124	2.0069664733333334E7
4963    20090201	2.0070667566666666E7
4963    20090209	2.0071670166666668E7
4963    20090414	2.00726772E7
4963    20090528	2.0073687633333333E7
4963    20091017	2.0074711033333335E7
4963    20091020	2.00757311E7
4963    20091023	2.0076747666666668E7
4963    20091107	2.0077760666666668E7
4963    20100126	2.0079073833333332E7
4963    20100610	2.0080400133333333E7
4963    20101205	2.0081736566666666E7
4963    20110127	2.0083367233333334E7
4963    20110222	2.0085000433333334E7
4963    20110306	2.0086636333333332E7
4963    20110509	2.0088279E7
4963    20110708	2.0089628333333332E7
4963    20110901	2.0090981633333333E7
4963    20111208	2.0092331633333333E7
4963    20120501	2.0093978E7
4963    20120609	2.0095327433333334E7
4963    20120626	2.00966748E7
4963    20120731	2.00980119E7
4963    20121104	2.0099361266666666E7
4963    20121113	2.0100708E7
4963    20121118	2.01020516E7
4963    20121123	2.0103395233333334E7
4963    20130218	2.01050349E7
4963    20130621	2.0106684633333333E7
4963    20130902	2.0108341033333335E7
4963    20140126	2.0110007766666666E7
4963    20140202	2.0111674466666665E7
4963    20140421	2.01133482E7
4963    20140826	2.01150286E7
4963    20150203	2.0117017766666666E7
4963    20150304	2.0118994E7
4963    20150424	2.0120974133333333E7
4963    20150522	2.0122957433333334E7
4963    20150610	2.0124940866666667E7
4963    20150612	2.0126623733333334E7
4963    20150701	2.0128293433333334E7
4963    20150715	2.0129943766666666E7
4963    20150726	2.0131297066666666E7
4963    20150927	2.01326539E7
4963    20150930	2.0134008033333335E7
4963    20151109	2.0135361366666667E7
4963    20160216	2.0137011633333333E7
4963    20160416	2.0138662133333333E7
4963    20160427	2.0140302766666666E7
4963    20160508	2.0141636333333332E7
4963    20160816	2.0142976566666666E7
4963    20160818	2.01443163E7
4963    20161005	2.0145658766666666E7
