497    19991004	1.9970079533333335E7
497    19991023	1.9971096233333334E7
497    19991101	1.99721155E7
497    19991213	1.9973138433333334E7
497    20000122	1.9974458233333334E7
497    20000402	1.9975784633333333E7
497    20000602	1.99771176E7
497    20001121	1.99784676E7
497    20010606	1.9980127633333333E7
497    20020201	1.9982106833333332E7
497    20030302	1.9984419933333334E7
497    20030307	1.9986733166666668E7
497    20030717	1.9989056666666668E7
497    20030926	1.9991386866666667E7
497    20031230	1.99937271E7
497    20040526	1.99963741E7
497    20040808	1.9999030366666667E7
497    20040823	2.0001683933333334E7
497    20041010	2.00040469E7
497    20050322	4.0016068666666664E7
497    20060203	2.00120212E7
497    20060526	2.0014692E7
497    20061207	2.0017385E7
497    20070703	2.0020374966666665E7
497    20080816	2.0023701933333334E7
497    20081210	2.0026737933333334E7
497    20090402	2.0030053733333334E7
497    20090414	2.0033369933333334E7
497    20091017	2.00367062E7
497    20110127	2.0040676966666665E7
