4973    20050530	2.0034653933333334E7
4973    20050904	2.0035976466666665E7
4973    20050923	2.0037003466666665E7
4973    20051023	2.0038027533333335E7
4973    20051202	2.0039043666666668E7
4973    20060130	2.0040354266666666E7
4973    20060218	2.0041667666666668E7
4973    20060310	2.0042980366666667E7
4973    20060322	2.0044284166666668E7
4973    20060324	2.0045288066666666E7
4973    20060517	2.00462952E7
4973    20060526	2.00473021E7
4973    20060606	2.0048308766666666E7
4973    20060616	2.0049315666666668E7
4973    20060718	2.0050315333333332E7
4973    20060801	2.00513113E7
4973    20060814	2.00523013E7
4973    20060905	2.0053290466666665E7
4973    20061109	2.00539699E7
4973    20061207	2.0054649366666667E7
4973    20061229	4.01113274E7
4973    20070106	2.00569698E7
4973    20070228	2.00576334E7
4973    20070623	2.0058310066666666E7
4973    20070703	2.0058986733333334E7
4973    20080424	2.00599872E7
4973    20080711	2.00609967E7
4973    20080805	2.0062009333333332E7
4973    20080810	2.00630191E7
4973    20081028	2.00640357E7
4973    20081108	2.00650425E7
4973    20090112	2.00663488E7
4973    20090313	2.0067658466666665E7
4973    20090405	2.0068965233333334E7
4973    20090414	2.00699747E7
4973    20090531	2.0070985133333333E7
4973    20090603	2.00719949E7
4973    20090927	2.0073015066666666E7
4973    20091201	2.00740443E7
4973    20100902	2.0075390466666665E7
4973    20100929	2.0076737233333334E7
4973    20101205	2.0078090533333335E7
4973    20101207	2.0079443566666666E7
4973    20110127	2.0081090533333335E7
4973    20110219	2.00827378E7
4973    20110306	2.0084387533333335E7
4973    20110516	2.0086041233333334E7
4973    20110524	2.00876884E7
4973    20110901	2.0089344866666667E7
4973    20111015	2.00910044E7
4973    20120120	2.0092967433333334E7
4973    20120221	2.0094637933333334E7
4973    20120413	2.0096310766666666E7
4973    20120501	2.0097973366666667E7
4973    20120609	2.00996369E7
4973    20120626	2.0100976966666665E7
4973    20120805	2.0102313433333334E7
4973    20120925	2.0103650766666666E7
4973    20121029	2.01049914E7
4973    20130218	2.0106631066666666E7
4973    20130620	2.0108281466666665E7
4973    20130902	2.0109641133333333E7
4973    20130927	2.0110994933333334E7
4973    20140114	2.01126519E7
4973    20140202	2.01143115E7
4973    20141012	2.01159942E7
4973    20141116	2.0117677966666665E7
4973    20150219	2.0119654366666667E7
4973    20150226	2.0121621866666667E7
4973    20150306	2.0123268666666668E7
4973    20150522	2.0124921766666666E7
4973    20150523	2.01265657E7
4973    20150609	2.0128212433333334E7
4973    20150710	2.01295652E7
4973    20150714	2.0130915033333335E7
4973    20150715	2.0132262E7
4973    20150917	2.01336087E7
4973    20151002	2.0134957966666665E7
4973    20151020	2.0136295266666666E7
4973    20151103	2.0137631533333335E7
4973    20151129	2.0138665166666668E7
4973    20151205	2.0139697966666665E7
4973    20151230	2.01407252E7
4973    20160114	2.0142045633333333E7
4973    20160215	2.0143365833333332E7
4973    20160330	2.01446893E7
4973    20160410	2.0146009466666665E7
4973    20160427	2.01473262E7
4973    20160508	2.0148642166666668E7
4973    20160515	2.0149652066666666E7
4973    20160524	2.0150648866666667E7
4973    20160626	2.0151639666666668E7
4973    20160723	2.0152632866666667E7
4973    20160728	2.015332E7
4973    20161015	2.0154013766666666E7
