4979    20060418	2.0034037533333335E7
4979    20060526	2.0035680933333334E7
4979    20060606	2.00370309E7
4979    20060814	2.0038387166666668E7
4979    20070707	2.0040053566666666E7
4979    20080205	2.0042033533333335E7
4979    20080711	2.0044030166666668E7
4979    20080810	2.00460262E7
4979    20090124	2.0048326333333332E7
4979    20090414	2.0050632533333335E7
4979    20090609	2.00526422E7
4979    20100517	2.0054979233333334E7
4979    20100903	2.0057329033333335E7
4979    20110127	2.0059982733333334E7
4979    20110429	2.0062646466666665E7
4979    20110509	2.00653028E7
4979    20120622	2.0068286833333332E7
4979    20120925	2.00712776E7
4979    20121029	2.00742709E7
4979    20121111	2.0076957066666666E7
4979    20121119	2.0079636766666666E7
4979    20121123	2.00823072E7
4979    20130218	2.0085280233333334E7
4979    20130927	2.0088274133333333E7
4979    20140202	2.0091576833333332E7
4979    20140426	2.0094586766666666E7
4979    20141116	2.00976132E7
4979    20141206	2.0100639733333334E7
4979    20150224	2.0103960266666666E7
4979    20150609	2.01069762E7
4979    20150720	2.0109986266666666E7
4979    20150926	2.01129996E7
4979    20160207	2.0116319633333333E7
4979    20160215	2.0119633E7
4979    20160410	2.01226231E7
4979    20160427	2.0125297166666668E7
4979    20160524	2.01279576E7
4979    20160719	2.0130621233333334E7
4979    20160723	2.0132974533333335E7
4979    20160816	2.0135321266666666E7
