4993    20040216	2.0025884933333334E7
4993    20040312	2.00268546E7
4993    20040526	2.00278311E7
4993    20040726	2.0028518466666665E7
4993    20040823	2.0029209E7
4993    20040903	2.00299019E7
4993    20040921	2.0030592566666666E7
4993    20040929	2.0031283433333334E7
4993    20041021	2.0031970333333332E7
4993    20041110	2.0032659833333332E7
4993    20041121	2.0033343066666666E7
4993    20041128	2.0034020266666666E7
4993    20050128	2.0034994266666666E7
4993    20050207	2.00359702E7
4993    20050304	2.0036643633333333E7
4993    20050309	2.0037313766666666E7
4993    20050321	2.0037984233333334E7
4993    20050322	6.0117965166666664E7
4993    20050401	2.0040655133333333E7
4993    20050403	2.00413216E7
4993    20050419	4.0084633666666664E7
4993    20050426	2.00433051E7
4993    20050518	2.0043961733333334E7
4993    20050723	2.0044621766666666E7
4993    20050923	2.0045288333333332E7
4993    20051023	2.0045948533333335E7
4993    20051110	2.00466112E7
4993    20051116	2.0046974533333335E7
4993    20060128	2.0047635066666666E7
4993    20060130	2.0048288533333335E7
4993    20060203	2.0048937766666666E7
4993    20060224	2.0049584466666665E7
4993    20060305	2.00502312E7
4993    20060310	2.00508775E7
4993    20060322	2.0051523933333334E7
4993    20060411	4.01049839E7
4993    20060418	2.0053456866666667E7
4993    20060517	2.0054103166666668E7
4993    20060526	2.0054449766666666E7
4993    20060718	4.01099474E7
4993    20060719	2.0055494266666666E7
4993    20060801	2.00558436E7
4993    20060814	2.0056193333333332E7
4993    20060828	2.0056543533333335E7
4993    20061113	2.0056903233333334E7
4993    20061207	2.0057263433333334E7
4993    20061229	2.00576243E7
4993    20070301	2.0058287033333335E7
4993    20070518	2.0058957E7
4993    20070627	2.0059630366666667E7
4993    20070703	2.00603032E7
4993    20070707	2.0060969333333332E7
4993    20071110	2.0061642233333334E7
4993    20080126	2.0062612333333332E7
4993    20080205	2.0063582166666668E7
4993    20080415	2.00645588E7
4993    20080618	2.00652418E7
4993    20080623	2.00659249E7
4993    20080627	2.00666057E7
4993    20080711	2.00672886E7
4993    20080727	2.0067969333333332E7
4993    20080810	2.0068652666666668E7
4993    20080910	2.0069338933333334E7
4993    20081014	2.00700257E7
4993    20081128	2.0070716266666666E7
4993    20081130	2.0071406666666668E7
4993    20081210	2.0072096433333334E7
4993    20090124	2.0073083033333335E7
4993    20090209	2.0074066066666666E7
4993    20090314	2.00750526E7
4993    20090405	2.0076042133333333E7
4993    20090413	2.00770292E7
4993    20090414	2.0078015866666667E7
4993    20090528	2.0079005866666667E7
4993    20100327	2.0080313E7
4993    20100420	2.00816201E7
4993    20100430	2.00829268E7
4993    20100512	2.0083933833333332E7
4993    20100516	2.0084933766666666E7
4993    20100807	2.0085939766666666E7
4993    20100910	2.0086946666666668E7
4993    20101207	2.0087963333333332E7
4993    20101215	2.0088966833333332E7
4993    20101220	2.0089669966666665E7
4993    20110119	2.00906671E7
4993    20110127	2.00916575E7
4993    20110222	2.00926443E7
4993    20110429	2.0093637833333332E7
4993    20110509	2.00946339E7
4993    20110531	2.00956279E7
4993    20110624	2.0096624466666665E7
4993    20110703	2.00976209E7
4993    20110901	2.00986206E7
4993    20111027	2.0099621033333335E7
4993    20120221	2.0100924133333333E7
4993    20120310	2.0102230133333333E7
4993    20120501	2.0103539833333332E7
4993    20120626	2.0104556566666666E7
4993    20120731	2.0105573966666665E7
4993    20120924	2.01065943E7
4993    20121111	2.0107617833333332E7
4993    20121221	2.0108644766666666E7
4993    20130127	2.0109968533333335E7
4993    20130218	2.0111291533333335E7
4993    20130404	2.01122941E7
4993    20130419	2.0113294066666666E7
4993    20130424	2.0114293866666667E7
4993    20130601	2.0115296833333332E7
4993    20130801	2.0116306333333332E7
4993    20130902	2.01173095E7
4993    20140115	2.0118616333333332E7
4993    20140126	2.0119913633333333E7
4993    20140202	2.01212132E7
4993    20140721	2.01225299E7
4993    20140823	2.0123553366666667E7
4993    20140826	2.0124576666666668E7
4993    20140910	2.01255996E7
4993    20141116	2.01266225E7
4993    20141206	2.0127645733333334E7
4993    20150203	2.0128968133333333E7
4993    20150217	2.01302879E7
4993    20150226	2.0131605333333332E7
4993    20150424	2.0132922766666666E7
4993    20150522	2.0134239266666666E7
4993    20150523	2.0135249333333332E7
4993    20150609	2.01362593E7
4993    20150611	2.0137262966666665E7
4993    20150709	2.0138265733333334E7
4993    20150711	4.027952303333333E7
4993    20150715	2.0141244766666666E7
4993    20150823	2.01422315E7
4993    20150917	2.01429245E7
4993    20150921	2.01436146E7
4993    20150927	2.01442987E7
4993    20151013	2.0144985166666668E7
4993    20151103	4.0292032333333336E7
4993    20151104	2.0147034633333333E7
4993    20151107	2.0147708133333333E7
4993    20151119	2.0148074933333334E7
4993    20151121	2.0148441433333334E7
4993    20151129	2.0148805666666668E7
4993    20151205	2.0149155133333333E7
4993    20151230	2.0149502033333335E7
4993    20160123	2.0150145266666666E7
4993    20160215	2.0150788766666666E7
4993    20160216	2.0151425433333334E7
4993    20160416	2.0152065766666666E7
4993    20160427	2.0152406566666666E7
4993    20160507	2.0152749566666666E7
4993    20160510	2.0153092366666667E7
4993    20160511	2.01534286E7
4993    20160608	2.01537648E7
4993    20160626	6.0463306333333336E7
4993    20160719	2.0155102966666665E7
4993    20160721	2.0155436633333333E7
4993    20160723	2.0155770366666667E7
4993    20160801	2.0156106566666666E7
4993    20160830	2.0156440133333333E7
4993    20160907	2.0156773133333333E7
4993    20161005	2.0157109266666666E7
4993    20161006	2.0157445233333334E7
4993    20161014	2.01577786E7
