4995    20050723	2.00332132E7
4995    20050909	2.0034239966666665E7
4995    20050923	2.0035266866666667E7
4995    20051023	2.0036293633333333E7
4995    20051116	2.00373208E7
4995    20060128	2.00386444E7
4995    20060130	2.00399611E7
4995    20060217	2.0041278166666668E7
4995    20060418	2.0042601933333334E7
4995    20060517	2.0043928933333334E7
4995    20060526	2.0045252733333334E7
4995    20060606	2.00465753E7
4995    20060616	2.0047891833333332E7
4995    20060731	2.00489093E7
4995    20060813	2.0049922533333335E7
4995    20060924	2.0050926033333335E7
4995    20061022	2.0051929233333334E7
4995    20061112	2.0052935333333332E7
4995    20061207	2.00539415E7
4995    20070204	2.00549411E7
4995    20070303	2.0055943733333334E7
4995    20070505	2.005695E7
4995    20080104	2.0058252566666666E7
4995    20080205	2.0059248666666668E7
4995    20080412	2.0060251633333333E7
4995    20080618	2.0061261466666665E7
4995    20080623	2.00622714E7
4995    20080711	2.0063281666666668E7
4995    20080810	2.0064291966666665E7
4995    20080822	2.0065299266666666E7
4995    20081129	2.00663128E7
4995    20081210	2.0067322833333332E7
4995    20081226	2.0068332933333334E7
4995    20090209	2.0069639133333333E7
4995    20090314	2.0070945733333334E7
4995    20090414	2.0071955266666666E7
4995    20090531	2.0072968633333333E7
4995    20091015	2.0073995233333334E7
4995    20100421	2.0075328666666668E7
4995    20100516	2.0076661966666665E7
4995    20101006	2.00780113E7
4995    20101205	2.00793646E7
4995    20101207	2.0080717633333333E7
4995    20110127	2.0082364166666668E7
4995    20110306	2.0084013933333334E7
4995    20110429	2.00856641E7
4995    20110509	2.0087313666666668E7
4995    20110703	2.00889667E7
4995    20110711	2.0090616833333332E7
4995    20110901	2.00919734E7
4995    20111124	2.00933341E7
4995    20120124	2.0094988066666666E7
4995    20120501	2.0096334633333333E7
4995    20120622	2.0097681866666667E7
4995    20121104	2.0099038266666666E7
4995    20130127	2.0100688566666666E7
4995    20130620	2.0102355133333333E7
4995    20140202	2.0104338166666668E7
4995    20140826	2.01063387E7
4995    20141115	2.0108348466666665E7
4995    20150203	2.0110650933333334E7
4995    20150304	2.0112954066666666E7
4995    20150424	2.0115260666666668E7
4995    20150518	2.0117270966666665E7
4995    20150522	2.01192779E7
4995    20150710	2.0121287766666666E7
4995    20150715	2.01232939E7
4995    20150726	2.0125284266666666E7
4995    20150823	2.0126964333333332E7
4995    20150901	2.0128643833333332E7
4995    20150902	2.0130307033333335E7
4995    20150927	2.0131964433333334E7
4995    20151103	2.0133627633333333E7
4995    20151104	2.0134993533333335E7
4995    20151230	2.0136357666666668E7
4995    20160114	2.0138013833333332E7
4995    20160416	2.01396774E7
4995    20160427	2.0141334866666667E7
4995    20160507	2.0142994733333334E7
4995    20160508	2.01446483E7
4995    20160723	2.01463016E7
4995    20160728	2.0147655066666666E7
4995    20160816	2.01489989E7
4995    20161005	2.0150345E7
4995    20161015	2.0151675366666667E7
