5    20000508	1.99686483E7
5    20000524	1.99699853E7
5    20001121	1.99713356E7
5    20001209	1.9972685366666667E7
5    20010606	1.9974345066666666E7
5    20010623	1.99760022E7
5    20020412	1.9977982366666667E7
5    20020418	1.9979962666666668E7
5    20030903	1.9982292466666665E7
5    20040820	1.99849525E7
5    20041010	1.9987615966666665E7
5    20050110	1.9990582233333334E7
5    20050224	1.9993549166666668E7
5    20050410	1.9996522233333334E7
5    20050423	1.9999495366666667E7
5    20050518	2.00021757E7
5    20060216	2.0005178866666667E7
5    20060220	2.0008182166666668E7
5    20060418	2.0011192033333335E7
5    20061229	2.0014225866666667E7
5    20080816	2.0017912566666666E7
5    20130218	2.00232458E7
5    20130424	2.0028583166666668E7
5    20130621	2.00339266E7
5    20140421	2.0039593533333335E7
5    20160330	2.0045921E7
5    20160816	2.0052260833333332E7
