50    19961106	3.9921436666666664E7
50    19961108	1.99607572E7
50    19961120	1.99607808E7
50    19961122	1.99608044E7
50    19961124	1.99608248E7
50    19961125	1.9960845166666668E7
50    19961216	1.9960868533333335E7
50    19970121	1.99611886E7
50    19970205	1.9961511333333332E7
50    19970303	1.9961837266666666E7
50    19970417	1.9962164166666668E7
50    19971114	1.9962514066666666E7
50    19980201	1.9963166766666666E7
50    19980402	1.9963826133333333E7
50    19980616	1.9964492533333335E7
50    19981002	1.9965171666666668E7
50    19981207	1.9965855033333335E7
50    19990726	1.99668551E7
50    19990928	1.9967858833333332E7
50    19991001	1.99688648E7
50    19991002	1.9969868166666668E7
50    19991003	1.99708714E7
50    19991004	1.9971874566666666E7
50    19991007	1.99728778E7
50    19991008	1.99738807E7
50    19991012	1.9974881E7
50    19991015	1.99758812E7
50    19991116	1.9976884666666668E7
50    19991213	5.99366757E7
50    19991228	1.9980899466666665E7
50    19991229	1.99819031E7
50    20000107	1.99832026E7
50    20000124	1.99845026E7
50    20000209	1.99858054E7
50    20000219	1.99871055E7
50    20000406	1.9988115E7
50    20000419	1.9989122133333333E7
50    20000424	1.9990126166666668E7
50    20000425	1.9991126433333334E7
50    20000505	1.9992106133333333E7
50    20000602	1.9992786166666668E7
50    20000603	1.9993459533333335E7
50    20000703	1.99941291E7
50    20000731	1.9994786733333334E7
50    20000802	1.99954399E7
50    20000826	1.9995776566666666E7
50    20001104	1.9996115766666666E7
50    20001108	1.9996452666666668E7
50    20001117	1.9996789833333332E7
50    20001120	1.9997127066666666E7
50    20001127	1.99974645E7
50    20001216	1.99978048E7
50    20010204	1.9998444666666668E7
50    20010225	1.99990851E7
50    20010620	1.99997386E7
50    20010815	2.0000395233333334E7
50    20011128	2.0001059066666666E7
50    20011216	2.0001725833333332E7
50    20011228	2.0002393E7
50    20020117	2.0003355966666665E7
50    20020330	2.0004326E7
50    20020425	2.0005003266666666E7
50    20020527	2.0005683366666667E7
50    20030307	2.0006686633333333E7
50    20030409	2.0007692966666665E7
50    20030928	2.0008710366666667E7
50    20030929	2.0009727366666667E7
50    20031230	2.0010754233333334E7
50    20040603	2.00120935E7
50    20040726	2.00134342E7
50    20041010	2.0014781133333333E7
50    20041027	2.00161286E7
50    20041128	2.00174761E7
50    20050128	2.0019122666666668E7
50    20050207	2.00207695E7
50    20050305	2.00224188E7
50    20050309	2.0024058966666665E7
50    20050317	2.0025699266666666E7
50    20050322	4.005631893333333E7
50    20050323	2.0030619366666667E7
50    20050401	2.0032258866666667E7
50    20050403	2.0033598833333332E7
50    20050412	2.00349384E7
50    20050423	2.0036265166666668E7
50    20050426	2.0037585533333335E7
50    20050501	2.0038897966666665E7
50    20050923	2.0040221533333335E7
50    20051023	2.0041548033333335E7
50    20060127	2.00428817E7
50    20060130	2.0044208366666667E7
50    20060203	2.00455343E7
50    20060215	2.0046857233333334E7
50    20060305	2.0047857166666668E7
50    20060310	2.0048853866666667E7
50    20060411	2.0049836633333333E7
50    20060418	2.00508196E7
50    20060526	2.0051796133333333E7
50    20060731	2.0052467066666666E7
50    20060814	2.0053136666666668E7
50    20060821	2.0053797033333335E7
50    20061207	2.00544697E7
50    20061229	4.01106495E7
50    20070407	2.00561831E7
50    20070505	2.0056856433333334E7
50    20070703	2.0057536233333334E7
50    20080126	2.0058529866666667E7
50    20080205	2.0059525966666665E7
50    20080415	2.0060529066666666E7
50    20080424	2.0061532433333334E7
50    20080714	2.0062542866666667E7
50    20080805	2.0063556266666666E7
50    20081005	2.0064576033333335E7
50    20081110	2.0065598933333334E7
50    20081208	2.0066625E7
50    20090124	2.0067945766666666E7
50    20090609	2.0069268633333333E7
50    20091013	2.0070601633333333E7
50    20100316	2.0071941266666666E7
50    20100430	2.00732846E7
50    20100511	2.00746282E7
50    20100516	2.0075971566666666E7
50    20100807	2.0077321633333333E7
50    20101108	2.0078681566666666E7
50    20101207	2.0080041433333334E7
50    20110127	2.00816984E7
50    20110212	2.00833546E7
50    20110306	2.00850071E7
50    20110429	2.0086660933333334E7
50    20110901	2.0088330266666666E7
50    20111210	2.0089997033333335E7
50    20120502	2.00919728E7
50    20120719	2.00939558E7
50    20120724	2.0095633033333335E7
50    20120731	2.0097307233333334E7
50    20121020	2.0098984466666665E7
50    20121111	2.0100350633333333E7
50    20130205	2.01020173E7
50    20130601	2.0103690166666668E7
50    20130629	2.0105363666666668E7
50    20140202	2.01073466E7
50    20140205	2.01093266E7
50    20140501	2.01113098E7
50    20140712	2.0113296533333335E7
50    20141206	2.0115296466666665E7
50    20141219	2.0116999633333333E7
50    20150523	2.0118996766666666E7
50    20150709	2.0120986633333333E7
50    20150713	2.0122666533333335E7
50    20150714	2.0124342666666668E7
50    20150823	2.0126019733333334E7
50    20150913	2.0127699633333333E7
50    20150926	2.0129370266666666E7
50    20151020	2.0131034E7
50    20151123	2.0132697866666667E7
50    20151205	2.0134067133333333E7
50    20160215	2.01357339E7
50    20160410	2.0137404033333335E7
50    20160427	2.0139070633333333E7
50    20160516	2.0140724466666665E7
50    20160608	2.0142371066666666E7
50    20160626	4.02887473E7
50    20160717	2.0146371866666667E7
50    20160722	2.01477049E7
50    20160801	2.0149030933333334E7
50    20160816	2.0150354433333334E7
50    20160830	2.0151375266666666E7
