500    19960924	1.9960743333333332E7
500    19961003	1.9960759333333332E7
500    19961012	1.9960775466666665E7
500    19961015	1.9960791633333333E7
500    19961019	1.99608054E7
500    19961020	1.9960819066666666E7
500    19961027	1.99608329E7
500    19961106	3.992171456666667E7
500    19961108	1.9960881566666666E7
500    19961115	1.9960895266666666E7
500    19961116	1.9960908933333334E7
500    19961120	3.9921858333333336E7
500    19961122	1.99609494E7
500    19961124	1.9960962733333334E7
500    19961216	1.9960978966666665E7
500    19961229	1.99609932E7
500    19970121	1.9961303666666668E7
500    19970127	1.9961614066666666E7
500    19970205	1.9961927033333335E7
500    19970303	1.9962243066666666E7
500    19970708	1.9962572466666665E7
500    19971114	1.9962915266666666E7
500    19991012	1.9963921333333332E7
500    19991210	1.99649316E7
500    19991215	3.9932894E7
500    19991216	1.99679623E7
500    19991226	1.9968972466666665E7
500    20000117	1.99702789E7
500    20000317	1.9971589366666667E7
500    20000318	1.9972899566666666E7
500    20000407	1.9974212633333333E7
500    20000508	1.9975528933333334E7
500    20000602	1.9976848333333332E7
500    20000731	1.99781718E7
500    20001002	1.9979501666666668E7
500    20001104	1.9980834933333334E7
500    20001117	1.9982168566666666E7
500    20001120	3.99683376E7
500    20001209	1.9986171833333332E7
500    20010606	1.9987821366666667E7
500    20010620	1.99894713E7
500    20010623	1.9991121266666666E7
500    20020109	1.9993084366666667E7
500    20020201	1.99950501E7
500    20020203	1.99967195E7
500    20020418	1.9998395866666667E7
500    20020910	2.0000086033333335E7
500    20021021	2.0001776633333333E7
500    20030307	2.0003763266666666E7
500    20030827	2.00057537E7
500    20040601	2.0007406666666668E7
500    20040728	2.0009057266666666E7
500    20040903	2.0010713533333335E7
500    20041027	2.0012373933333334E7
500    20041110	2.0014037066666666E7
500    20041121	2.0015700233333334E7
500    20050304	2.0017373133333333E7
500    20050321	2.0019039933333334E7
500    20050322	4.00430773E7
500    20050405	2.00240338E7
500    20050419	2.0025694366666667E7
500    20051023	2.0027370766666666E7
500    20051116	2.0029041233333334E7
500    20060128	2.00310087E7
500    20060131	2.0032975833333332E7
500    20060203	2.0034945266666666E7
500    20060215	2.00369151E7
500    20060310	2.0038885133333333E7
500    20060418	2.0040545533333335E7
500    20060525	2.0042209033333335E7
500    20060825	2.0043882433333334E7
500    20061029	2.0045246433333334E7
500    20061112	2.0046610133333333E7
500    20061123	2.0047974133333333E7
500    20061229	4.010001296666667E7
500    20070228	2.00523187E7
500    20070302	2.0053651866666667E7
500    20070703	2.0054981066666666E7
500    20070708	2.0055984633333333E7
500    20071110	2.0056997366666667E7
500    20080205	2.0058307433333334E7
500    20080618	2.0059627133333333E7
500    20080711	2.0060947166666668E7
500    20080714	2.0062266933333334E7
500    20080810	2.00632838E7
500    20081030	2.0064307433333334E7
500    20081128	2.00653343E7
500    20081130	2.0066361233333334E7
500    20081210	2.0067388066666666E7
500    20090125	2.00687116E7
500    20090402	2.0070024233333334E7
500    20090414	2.0071334166666668E7
500    20090422	2.0072343966666665E7
500    20091107	2.00733765E7
500    20100427	2.00747173E7
500    20100516	2.0076060666666668E7
500    20100807	2.0077410566666666E7
500    20110127	2.0079067533333335E7
500    20110222	2.00807241E7
500    20110306	2.0082373466666665E7
500    20110429	2.0084020133333333E7
500    20110901	2.0085679766666666E7
500    20120502	2.0087659066666666E7
500    20120609	2.00896384E7
500    20130205	2.00919376E7
500    20130218	2.0093937266666666E7
500    20130424	2.0095941333333332E7
500    20130621	2.00979386E7
500    20131212	2.00999554E7
500    20140721	2.0102275766666666E7
500    20150306	2.0104612466666665E7
500    20150609	2.01069455E7
500    20150611	2.01092755E7
500    20150726	2.0111609233333334E7
500    20151230	2.0113956566666666E7
500    20160507	2.01166058E7
500    20160524	2.0119252333333332E7
500    20160816	2.0121908533333335E7
