5010    20101222	2.0045263633333333E7
5010    20110503	2.0048276366666667E7
5010    20110711	2.0051296033333335E7
5010    20111124	2.0054326166666668E7
5010    20120502	2.0057662866666667E7
5010    20120609	2.0060992666666668E7
5010    20120801	2.0064325633333333E7
5010    20120808	2.0067655633333333E7
5010    20121110	2.0070988633333333E7
5010    20140524	2.0074665866666667E7
5010    20141206	2.00783592E7
5010    20150203	2.0082352133333333E7
5010    20150424	2.0086348566666666E7
5010    20150726	2.0090345466666665E7
5010    20150917	2.0094342E7
5010    20151111	2.00980416E7
5010    20151230	2.0101725E7
5010    20160207	2.0105387833333332E7
5010    20160416	2.0109054933333334E7
5010    20160729	2.0112732466666665E7
