5060    20011016	1.9992867433333334E7
5060    20020113	1.9994533833333332E7
5060    20020124	1.99962006E7
5060    20020201	1.9997836833333332E7
5060    20020418	1.99991702E7
5060    20020908	2.0000513466666665E7
5060    20030404	2.0002160033333335E7
5060    20030517	2.0003803466666665E7
5060    20030531	2.0005120966666665E7
5060    20030730	2.00064448E7
5060    20041115	2.0008114533333335E7
5060    20050128	2.0010078433333334E7
5060    20050207	2.00120449E7
5060    20050228	2.0014012066666666E7
5060    20050304	2.0015981766666666E7
5060    20050322	2.0017951566666666E7
5060    20050401	2.0019923966666665E7
5060    20050904	2.0021607233333334E7
5060    20050923	2.0023291133333333E7
5060    20060411	2.0025290666666668E7
5060    20060526	2.00272914E7
5060    20060821	2.00293018E7
5060    20070703	2.0031638466666665E7
5060    20081227	2.00343193E7
5060    20110127	2.0037953266666666E7
5060    20120501	2.0041932633333333E7
5060    20120622	2.00459158E7
5060    20121123	2.0049912966666665E7
5060    20141206	2.00545789E7
5060    20160816	2.00595859E7
