508    19961122	1.9960865866666667E7
508    19961124	1.99608859E7
508    19961216	1.9960908766666666E7
508    19970127	1.9961226E7
508    19970205	1.99615456E7
508    19971114	1.9961895366666667E7
508    19980201	1.99625452E7
508    19980402	1.99632014E7
508    19980609	1.9963864466666665E7
508    19991007	1.9964873733333334E7
508    19991012	1.9965880766666666E7
508    19991101	1.9966890733333334E7
508    19991213	3.99368218E7
508    19991217	1.99699306E7
508    20000122	1.9971240466666665E7
508    20000131	1.99725505E7
508    20000425	1.9973867933333334E7
508    20000509	1.99751879E7
508    20000801	1.9976517133333333E7
508    20001120	1.9977854366666667E7
508    20001209	1.9979194433333334E7
508    20010407	1.99808407E7
508    20010715	1.99824972E7
508    20030307	1.9984806466666665E7
508    20040601	1.99874564E7
508    20040808	1.9990113133333333E7
508    20040820	1.9992769933333334E7
508    20041010	1.9995432933333334E7
508    20041031	1.9998096633333333E7
508    20050305	2.00010694E7
508    20050322	2.0004042666666668E7
508    20050323	2.00070129E7
508    20050419	2.00096893E7
508    20050501	2.0012365833333332E7
508    20051023	2.0015029466666665E7
508    20060203	2.00176962E7
508    20060224	4.00433677E7
508    20060526	2.0025328066666666E7
508    20061109	2.0027664633333333E7
508    20061211	2.0030001633333333E7
508    20080126	2.00329654E7
508    20080810	2.0035951966666665E7
508    20090414	2.0039258533333335E7
508    20091223	2.0042295233333334E7
508    20100327	2.00456351E7
508    20100624	2.0048975066666666E7
508    20110307	2.0052635E7
508    20110429	2.0056289266666666E7
508    20110509	2.0059935566666666E7
508    20110901	2.0063591966666665E7
508    20120207	2.0067251966666665E7
508    20121025	2.0070928966666665E7
508    20140202	2.0074592133333333E7
508    20160907	2.0078602333333332E7
508    20161006	2.0082608933333334E7
