50872    20121110	2.0099641366666667E7
50872    20130127	2.0101611333333332E7
50872    20130419	2.0103584333333332E7
50872    20130620	2.0105268133333333E7
50872    20141206	2.0107284533333335E7
50872    20150226	2.0109591133333333E7
50872    20150306	2.0111897033333335E7
50872    20150409	2.0113906933333334E7
50872    20150518	2.0115920066666666E7
50872    20150523	2.0117930533333335E7
50872    20150714	2.0119940533333335E7
50872    20150715	2.0121943766666666E7
50872    20150719	2.01239339E7
50872    20150726	2.0125614166666668E7
50872    20150913	2.0127297266666666E7
50872    20150927	2.01289805E7
50872    20151109	2.01306669E7
50872    20160115	2.01326404E7
50872    20160207	2.0134616533333335E7
50872    20160215	2.0136583466666665E7
50872    20160216	2.01382531E7
50872    20160330	2.01399138E7
50872    20160416	2.0141576866666667E7
50872    20160507	2.01432396E7
50872    20160522	2.0144899966666665E7
50872    20160531	2.0146247433333334E7
50872    20160626	2.0147584933333334E7
50872    20160721	2.0148921566666666E7
50872    20160722	2.0150248133333333E7
50872    20160728	2.0151571433333334E7
