509    19970131	1.9961807566666666E7
509    19970205	1.99621307E7
509    19970303	1.9962457E7
509    19970408	1.9962786433333334E7
509    19971114	1.9963136566666666E7
509    19980201	1.9963789233333334E7
509    19980402	1.99644485E7
509    19980617	1.99651122E7
509    19981007	1.9965788533333335E7
509    19990928	1.9966792766666666E7
509    19991007	3.9936605266666666E7
509    19991012	1.9969811866666667E7
509    19991204	1.9970821966666665E7
509    19991213	3.9944674766666666E7
509    19991216	1.9973852266666666E7
509    20000402	1.9975168133333333E7
509    20000407	1.9976478266666666E7
509    20000504	1.9977791533333335E7
509    20000602	3.9959532666666664E7
509    20000612	1.9981741433333334E7
509    20000703	1.9983061266666666E7
509    20000731	1.9984381766666666E7
509    20000803	1.9985704533333335E7
509    20001120	1.9987037733333334E7
509    20010101	1.9988667233333334E7
509    20010130	1.9990000866666667E7
509    20010407	1.9991343733333334E7
509    20020201	1.9993012733333334E7
509    20030406	1.9995019433333334E7
509    20030409	1.9997022966666665E7
509    20040601	1.9999362733333334E7
509    20040820	2.0001686266666666E7
509    20040929	2.0003710533333335E7
509    20041013	2.00057309E7
509    20050320	2.0008054333333332E7
509    20050416	2.0010367966666665E7
509    20050603	2.0012357133333333E7
509    20060322	2.0014667633333333E7
509    20060526	2.0016984933333334E7
509    20060718	2.0019308466666665E7
509    20080810	2.0022295333333332E7
509    20090414	2.0025602033333335E7
509    20110307	2.0029571833333332E7
509    20110604	2.0033551433333334E7
509    20120622	2.0037558766666666E7
509    20160115	2.0042882366666667E7
