515    19991213	1.99700846E7
515    20000102	1.99714042E7
515    20000407	1.99727337E7
515    20001120	1.9974086866666667E7
515    20001209	1.99754401E7
515    20020109	1.9977423333333332E7
515    20020201	1.9979409466666665E7
515    20030516	1.99817393E7
515    20040128	1.99843867E7
515    20040228	1.9987037066666666E7
515    20040726	1.9989700733333334E7
515    20041013	1.99923711E7
515    20050728	1.9995365033333335E7
515    20110127	2.0000335166666668E7
515    20110212	2.0005305466666665E7
515    20110506	2.0010285133333333E7
515    20111015	2.00152815E7
