51662    20110630	2.00864229E7
51662    20110821	2.0087773233333334E7
51662    20110901	2.0089123233333334E7
51662    20111124	2.0090480566666666E7
51662    20120413	2.0092146966666665E7
51662    20120626	2.0093800866666667E7
51662    20120801	2.00954567E7
51662    20120917	2.00968164E7
51662    20121113	2.00981733E7
51662    20130928	2.00998571E7
51662    20140823	2.0101863633333333E7
51662    20150203	2.0104176833333332E7
51662    20150226	2.01064907E7
51662    20150714	2.0108813866666667E7
51662    20150715	2.0111136766666666E7
51662    20150720	2.01134565E7
51662    20150913	2.0115780133333333E7
51662    20150917	2.01181037E7
51662    20150927	2.01201208E7
51662    20151104	2.0122123833333332E7
51662    20151107	2.0124126733333334E7
51662    20160215	2.0126433133333333E7
51662    20160416	2.0128743433333334E7
51662    20160427	2.0130743666666668E7
51662    20160508	2.0132746266666666E7
51662    20160723	2.0134753166666668E7
51662    20160804	2.0136753066666666E7
51662    20160816	2.0138740033333335E7
51662    20160830	2.0140727033333335E7
51662    20161015	2.0142413233333334E7
