52    20000424	1.9972268666666668E7
52    20000425	1.9973605166666668E7
52    20000504	1.99749346E7
52    20000602	1.9976251233333334E7
52    20000703	1.9977567433333334E7
52    20001119	1.9978897466666665E7
52    20001120	1.99802274E7
52    20001209	1.9981560066666666E7
52    20010112	1.9982893533333335E7
52    20020109	1.99845602E7
52    20030409	1.9986569866666667E7
52    20030729	1.9988590133333333E7
52    20040526	1.9990936933333334E7
52    20040604	1.9993286233333334E7
52    20040820	1.9995640066666666E7
52    20050325	1.99983107E7
52    20060305	2.00013137E7
52    20061226	2.0004344466666665E7
52    20120622	2.0009354633333333E7
52    20121123	2.00143783E7
52    20151119	2.00204017E7
52    20160416	2.00267316E7
