520    20040808	1.99856949E7
520    20040903	1.9988374233333334E7
520    20041121	1.9991057933333334E7
520    20050129	1.9994041666666668E7
520    20050309	1.99970281E7
520    20050321	2.0000011633333333E7
520    20050322	4.00089728E7
520    20050413	2.0008961033333335E7
520    20050423	2.00119414E7
520    20060217	2.0015247966666665E7
520    20060220	2.0018554533333335E7
520    20060310	2.0021860866666667E7
520    20060418	2.0025170733333334E7
520    20060728	2.0028190866666667E7
520    20060731	2.0031211E7
520    20060924	2.0034234966666665E7
520    20061208	2.0036568033333335E7
520    20061223	2.0038901266666666E7
520    20061226	2.00409346E7
520    20080205	2.0043597533333335E7
520    20080810	2.0046277633333333E7
520    20081210	2.00489677E7
520    20090414	4.010657453333333E7
520    20091015	2.0057297133333333E7
520    20091020	2.0059650533333335E7
520    20101215	2.0062004033333335E7
520    20110127	2.0064633933333334E7
520    20110308	2.0066967133333333E7
520    20121127	2.0069644433333334E7
520    20140823	2.00729751E7
520    20150927	2.00766353E7
520    20160507	2.0080314566666666E7
520    20160801	2.0083997633333333E7
520    20160816	2.00876808E7
