5218    20090413	2.0057898766666666E7
5218    20090414	2.0060232366666667E7
5218    20090619	2.0062572566666666E7
5218    20090809	2.00649019E7
5218    20100318	2.0067228266666666E7
5218    20101207	2.0069570966666665E7
5218    20110127	2.0072208466666665E7
5218    20110503	2.0074541033333335E7
5218    20110711	2.0076867833333332E7
5218    20110930	2.00791948E7
5218    20120628	2.0081535633333333E7
5218    20121119	2.00838861E7
5218    20121127	2.00859198E7
5218    20141116	2.00886193E7
5218    20150203	2.0091612366666667E7
5218    20150226	2.0094605966666665E7
5218    20150610	2.0097612166666668E7
5218    20150711	2.0100618633333333E7
5218    20150715	2.01036252E7
5218    20150726	2.01066255E7
5218    20150902	2.01093187E7
5218    20150930	2.0112006333333332E7
5218    20151109	2.0114686366666667E7
5218    20151129	2.0117053133333333E7
5218    20151230	2.01194172E7
5218    20160123	2.0122064266666666E7
5218    20160207	2.0124710833333332E7
5218    20160427	2.01273541E7
5218    20160507	2.0129997333333332E7
5218    20160508	2.0132343466666665E7
5218    20160510	2.0134680033333335E7
5218    20160729	2.0137023866666667E7
5218    20161006	2.01393701E7
5218    20161014	2.0141710266666666E7
