527    19961023	1.9960796266666666E7
527    19961026	1.9960813066666666E7
527    19961027	1.9960829866666667E7
527    19961103	1.9960849133333333E7
527    19961106	1.9960868333333332E7
527    19961107	1.99608849E7
527    19961108	1.9960901433333334E7
527    19961115	1.99609179E7
527    19961116	1.9960931566666666E7
527    19961120	1.9960945066666666E7
527    19961122	1.99609586E7
527    19961216	1.9960975E7
527    19970121	1.9961285666666668E7
527    19970205	1.99615991E7
527    19970408	1.9961918866666667E7
527    19970713	1.9962248766666666E7
527    19971114	1.9962591933333334E7
527    19980101	1.9963234433333334E7
527    19980201	1.9963880133333333E7
527    19980227	1.99645243E7
527    19980402	3.99309979E7
527    19980622	1.99664809E7
527    19981007	1.9967150433333334E7
527    19990518	1.9968137E7
527    19990928	1.9969137133333333E7
527    19990929	1.9970137233333334E7
527    19991001	1.9971137166666668E7
527    19991002	1.9972137E7
527    19991003	3.99472722E7
527    19991004	1.9975135033333335E7
527    19991007	3.995326553333333E7
527    19991011	1.9978128E7
527    19991012	3.995924646666667E7
527    19991101	1.9981121166666668E7
527    19991115	1.9982121133333333E7
527    19991123	3.99672425E7
527    19991204	1.9985120866666667E7
527    19991210	1.9985823833333332E7
527    19991211	3.99737415E7
527    19991213	5.9965412733333334E7
527    19991217	1.9989308366666667E7
527    19991229	1.99896751E7
527    19991230	1.9990036033333335E7
527    20000107	1.9990692866666667E7
527    20000122	1.9991342866666667E7
527    20000209	1.9991982933333334E7
527    20000301	1.9992309033333335E7
527    20000315	1.9992621933333334E7
527    20000406	1.9992937833333332E7
527    20000424	1.9993251933333334E7
527    20000425	1.9993566033333335E7
527    20000505	1.9993882766666666E7
527    20000602	1.9994202733333334E7
527    20000603	3.9989365266666666E7
527    20000703	1.9995165766666666E7
527    20000731	1.9995489766666666E7
527    20000803	1.9995816133333333E7
527    20001010	1.99961494E7
527    20001108	1.9996482966666665E7
527    20001114	1.9996816266666666E7
527    20001116	1.9997149366666667E7
527    20001117	1.99974825E7
527    20001119	1.9997813E7
527    20001120	3.999661696666667E7
527    20001121	1.9998803966666665E7
527    20001127	1.9999134433333334E7
527    20001224	1.9999468133333333E7
527    20010101	2.0000097733333334E7
527    20010219	2.0000731133333333E7
527    20010225	2.0001364333333332E7
527    20010715	2.0002013833333332E7
527    20010717	2.00023675E7
527    20010720	2.0002720766666666E7
527    20010722	2.00030712E7
527    20010815	2.0003421666666668E7
527    20011016	2.0003778366666667E7
527    20011019	2.0004132133333333E7
527    20011202	2.00044914E7
527    20020117	2.00051478E7
527    20020203	2.00058044E7
527    20020908	2.0006481266666666E7
527    20021228	2.0007168766666666E7
527    20030307	2.00081589E7
527    20030319	2.00091461E7
527    20030406	2.0010135266666666E7
527    20030409	2.0011122133333333E7
527    20040423	2.00124359E7
527    20040808	2.0013759233333334E7
527    20040903	2.0015085533333335E7
527    20040929	2.0016412633333333E7
527    20041010	2.00177424E7
527    20041027	2.0019072666666668E7
527    20041110	2.0020405666666668E7
527    20041121	2.0021739033333335E7
527    20050128	2.00233726E7
527    20050304	2.0025011833333332E7
527    20050305	2.0026647866666667E7
527    20050310	2.0027988166666668E7
527    20050320	2.0029324866666667E7
527    20050322	2.0030661433333334E7
527    20050403	2.0031984366666667E7
527    20050405	2.00333073E7
527    20050416	2.00346305E7
527    20050426	2.0035953966666665E7
527    20050518	2.00372774E7
527    20050629	2.0038597833333332E7
527    20050727	2.0039921433333334E7
527    20050923	2.0041245466666665E7
527    20051023	2.0042275666666668E7
527    20060130	2.0043606566666666E7
527    20060203	2.00449164E7
527    20060215	2.0046215966666665E7
527    20060310	2.0047216066666666E7
527    20060322	2.0048216166666668E7
527    20060411	2.0049216333333332E7
527    20060418	2.0050216633333333E7
527    20060517	2.0050886433333334E7
527    20060527	2.0051543733333334E7
527    20060606	2.00522005E7
527    20060616	2.0052856733333334E7
527    20060721	2.0053513766666666E7
527    20060731	2.0054170566666666E7
527    20060813	2.0054827333333332E7
527    20060924	2.0055487433333334E7
527    20061207	2.0055856733333334E7
527    20061229	2.00562209E7
527    20070228	2.0056885E7
527    20070505	2.0057558166666668E7
527    20070703	2.00582376E7
527    20070919	2.0058924166666668E7
527    20071110	2.00596144E7
527    20080126	2.00606051E7
527    20080425	2.00616054E7
527    20080623	2.0062611966666665E7
527    20080810	2.00636217E7
527    20081005	2.0064634233333334E7
527    20081014	2.00656438E7
527    20081028	2.00666473E7
527    20081128	2.00676508E7
527    20090209	2.0068653433333334E7
527    20090414	4.014032756666667E7
527    20091017	2.0071690666666668E7
527    20100420	2.0073027266666666E7
527    20100510	2.00743639E7
527    20101205	2.0075723466666665E7
527    20101207	2.00770798E7
527    20101215	2.0078436066666666E7
527    20110103	2.0080085966666665E7
527    20110212	2.0081739166666668E7
527    20110227	2.0083389366666667E7
527    20110306	2.0085041866666667E7
527    20110516	2.0086698633333333E7
527    20110711	2.00883582E7
527    20110901	2.0090014666666668E7
527    20111106	2.0091677233333334E7
527    20111208	2.0093043233333334E7
527    20120310	2.00947034E7
527    20120609	2.0096366933333334E7
527    20120622	2.00980237E7
527    20120719	2.0099677333333332E7
527    20121111	2.01010435E7
527    20130404	2.0102709466666665E7
527    20130424	2.01043695E7
527    20130601	2.01060292E7
527    20130902	2.0107692433333334E7
527    20140202	2.0109665366666667E7
527    20140213	2.01116382E7
527    20140524	2.0113618066666666E7
527    20140624	2.0115298566666666E7
527    20140712	2.0116975166666668E7
527    20140823	2.0118655466666665E7
527    20141206	2.0120328433333334E7
527    20141219	2.01216884E7
527    20150219	2.0123345366666667E7
527    20150523	2.01249893E7
527    20150609	2.0126636033333335E7
527    20150611	2.0128282566666666E7
527    20150701	2.0129635833333332E7
527    20150709	2.0130985733333334E7
527    20150715	2.0132335333333332E7
527    20150726	2.0133682666666668E7
527    20150823	2.0135026233333334E7
527    20150902	2.0136365933333334E7
527    20150926	2.01377001E7
527    20151102	2.01390333E7
527    20151104	2.0140363166666668E7
527    20151121	2.01413902E7
527    20151123	2.0142407333333332E7
527    20151129	2.0143424233333334E7
527    20151205	2.0144440433333334E7
527    20151230	2.01454444E7
527    20160115	4.0293859233333334E7
527    20160330	2.0148415433333334E7
527    20160410	2.0149399033333335E7
527    20160416	2.0150072833333332E7
527    20160427	2.0150746633333333E7
527    20160515	2.0151413E7
527    20160626	2.0152079733333334E7
527    20160722	2.0152746733333334E7
527    20160728	2.0153410233333334E7
527    20160830	2.0154064366666667E7
527    20160907	2.0154720633333333E7
527    20161006	2.01550802E7
