529    20030929	1.9986413733333334E7
529    20031230	1.9988770666666668E7
529    20040726	1.9991444033333335E7
529    20041012	1.9994126833333332E7
529    20050224	1.9997103966666665E7
529    20050322	2.0000081133333333E7
529    20050404	2.0003060633333333E7
529    20050426	2.00060375E7
529    20060215	2.0009337466666665E7
529    20060220	2.0012340766666666E7
529    20080711	2.00160243E7
529    20110127	2.0020658066666666E7
529    20110212	2.0024984566666666E7
529    20110506	2.00293142E7
529    20130621	2.00339681E7
529    20160626	2.0039622066666666E7
