5299    20060730	2.0041374833333332E7
5299    20060827	2.00427119E7
5299    20061112	2.00440582E7
5299    20061221	2.0045401866666667E7
5299    20061226	2.00467452E7
5299    20070228	2.0048378533333335E7
5299    20070703	2.0049721766666666E7
5299    20071110	2.0051078233333334E7
5299    20080711	2.00527515E7
5299    20080714	2.0054421633333333E7
5299    20080810	2.00560819E7
5299    20081210	2.00577522E7
5299    20090414	2.0059415133333333E7
5299    20100509	2.0061405366666667E7
5299    20110127	2.0063709166666668E7
5299    20110509	2.0066025233333334E7
5299    20120622	2.0068675466666665E7
5299    20130621	2.00716588E7
5299    20141115	2.00746917E7
5299    20160215	2.0078355366666667E7
5299    20160412	2.00820224E7
5299    20160507	2.0085692533333335E7
