5349    20041027	2.0029733433333334E7
5349    20041122	2.0030417333333332E7
5349    20050110	2.0031400333333332E7
5349    20050130	2.0032383866666667E7
5349    20050211	2.0033367533333335E7
5349    20050224	2.00343515E7
5349    20050309	2.0035338133333333E7
5349    20050321	2.0036324933333334E7
5349    20050322	4.00755906E7
5349    20050323	2.0039252666666668E7
5349    20050325	2.00402233E7
5349    20050331	2.00411934E7
5349    20050403	2.00418666E7
5349    20050404	2.00425332E7
5349    20050412	2.0043199966666665E7
5349    20050416	2.00438634E7
5349    20050423	2.00445266E7
5349    20050426	2.0045187266666666E7
5349    20050529	2.00458406E7
5349    20050723	2.0046497966666665E7
5349    20050923	2.0047161333333332E7
5349    20051023	2.0047521566666666E7
5349    20051110	2.00478847E7
5349    20051122	2.0048245033333335E7
5349    20060118	2.0048891966666665E7
5349    20060130	2.0049536033333335E7
5349    20060203	2.0050179366666667E7
5349    20060220	2.00508224E7
5349    20060305	2.0051465566666666E7
5349    20060310	2.0052108333333332E7
5349    20060411	2.00527513E7
5349    20060418	2.00530949E7
5349    20060526	2.0053441433333334E7
5349    20060717	2.0053791633333333E7
5349    20060814	2.0054144633333333E7
5349    20061109	2.0054504633333333E7
5349    20061112	2.0054864333333332E7
5349    20061229	4.011081936666667E7
5349    20070228	2.0056254966666665E7
5349    20070302	2.0056920866666667E7
5349    20070623	2.0057597266666666E7
5349    20070627	2.00582714E7
5349    20071110	2.00589616E7
5349    20080126	2.0059952066666666E7
5349    20080205	2.0060945033333335E7
5349    20080618	2.0061951533333335E7
5349    20080623	2.00629581E7
5349    20080627	2.0063961366666667E7
5349    20080711	2.0064960966666665E7
5349    20080714	2.0065954E7
5349    20080810	2.00669469E7
5349    20081028	2.0067944166666668E7
5349    20090125	2.0069244266666666E7
5349    20090414	2.0070254133333333E7
5349    20090521	2.0071267166666668E7
5349    20090527	2.0072277966666665E7
5349    20091107	2.0073307533333335E7
5349    20100327	2.00746416E7
5349    20100430	2.0075978933333334E7
5349    20100610	2.00773189E7
5349    20100807	2.00786652E7
5349    20101207	2.0080021233333334E7
5349    20110127	2.0081668233333334E7
5349    20110228	2.0083315366666667E7
5349    20110429	2.0084959366666667E7
5349    20110901	2.0086619E7
5349    20111124	2.0088282166666668E7
5349    20120502	2.0090257933333334E7
5349    20120626	2.0091937866666667E7
5349    20120731	2.0093618833333332E7
5349    20120804	2.0095291533333335E7
5349    20120925	2.0096968133333333E7
5349    20121221	2.00986385E7
5349    20130218	2.0100308233333334E7
5349    20130414	2.0101981866666667E7
5349    20130424	2.0103642066666666E7
5349    20130620	2.0105308633333333E7
5349    20140126	2.0107291933333334E7
5349    20140421	2.0109282266666666E7
5349    20140721	2.01112825E7
5349    20141115	2.0113292666666668E7
5349    20141206	2.01152986E7
5349    20150203	2.01173012E7
5349    20150304	2.0119297533333335E7
5349    20150522	2.0121297566666666E7
5349    20150610	2.0123300333333332E7
5349    20150715	2.0125287266666666E7
5349    20150726	2.0126967233333334E7
5349    20150813	2.0128646666666668E7
5349    20150823	2.0130320433333334E7
5349    20150927	2.01319911E7
5349    20150930	2.0133648533333335E7
5349    20151109	2.01350146E7
5349    20151230	2.0136381333333332E7
5349    20160123	2.01380378E7
5349    20160416	2.01396883E7
5349    20160427	2.0141331733333334E7
5349    20160507	2.0142665233333334E7
5349    20160626	2.0143998566666666E7
5349    20160721	2.0145331566666666E7
5349    20160816	2.01466653E7
5349    20160818	2.0147995066666666E7
5349    20160907	2.0149317933333334E7
