5377    20060418	2.00396136E7
5377    20060527	2.0040944333333332E7
5377    20060721	2.0042271366666667E7
5377    20060821	2.0043591133333333E7
5377    20060905	2.0044611233333334E7
5377    20070204	2.0045941166666668E7
5377    20080810	2.0047623833333332E7
5377    20080814	2.0049304E7
5377    20081210	2.0050987466666665E7
5377    20090313	2.0052967166666668E7
5377    20090414	2.00549469E7
5377    20100327	2.0057254433333334E7
5377    20100430	2.00595611E7
5377    20110127	2.0061891466666665E7
5377    20110509	2.0064234566666666E7
5377    20110901	2.0066587366666667E7
5377    20120804	2.00692633E7
5377    20130620	2.0072256533333335E7
5377    20150306	2.00759027E7
5377    20150610	2.0079558933333334E7
5377    20150814	2.0083221766666666E7
5377    20160416	2.0087201966666665E7
5377    20160626	2.0090879333333332E7
