5378    20060131	4.00771894E7
5378    20060203	2.0040572766666666E7
5378    20060418	2.0041896666666668E7
5378    20060518	2.00432232E7
5378    20060526	2.0044547E7
5378    20060719	2.00458768E7
5378    20060731	2.00471944E7
5378    20061112	2.00485246E7
5378    20061211	2.0049857366666667E7
5378    20061223	2.0050891233333334E7
5378    20061229	2.0051922E7
5378    20070228	2.00532493E7
5378    20070302	2.00545756E7
5378    20080412	2.00558984E7
5378    20080618	2.0057222233333334E7
5378    20080810	2.00585516E7
5378    20090124	2.0060188633333333E7
5378    20090413	2.0061531466666665E7
5378    20090414	2.0062871566666666E7
5378    20090610	2.00642151E7
5378    20091015	2.0065571533333335E7
5378    20091020	2.0066928133333333E7
5378    20100327	2.00685948E7
5378    20100516	2.00702652E7
5378    20110127	2.0072255333333332E7
5378    20110222	2.0074245166666668E7
5378    20110429	2.00762392E7
5378    20110901	2.00782485E7
5378    20111211	2.00802617E7
5378    20120629	2.00822783E7
5378    20130218	2.0084614533333335E7
5378    20140721	2.0087298466666665E7
5378    20150203	2.00902913E7
5378    20150522	2.0093291433333334E7
5378    20150523	2.0096291333333332E7
5378    20150711	2.0099291066666666E7
5378    20150715	2.0102290533333335E7
5378    20150917	2.0105284033333335E7
5378    20150927	2.0108274566666666E7
5378    20151109	2.0111270766666666E7
5378    20151205	2.0114269966666665E7
5378    20160215	2.0117269533333335E7
5378    20160216	2.0120266666666668E7
5378    20160416	2.0122933466666665E7
5378    20160427	2.0125593766666666E7
5378    20160507	2.0128250333333332E7
5378    20160524	2.0130597E7
5378    20160608	2.0132936833333332E7
5378    20160626	2.0135277233333334E7
5378    20160721	2.0137614266666666E7
5378    20160723	2.0139937866666667E7
5378    20161006	2.0142270733333334E7
