539    19961012	1.9960779E7
539    19961019	1.9960795533333335E7
539    19961020	1.9960811933333334E7
539    19961027	1.9960825966666665E7
539    19961103	1.99608424E7
539    19961106	3.9921733766666666E7
539    19961107	1.9960891233333334E7
539    19961108	1.9960907366666667E7
539    19961116	1.9960921033333335E7
539    19961120	3.99218829E7
539    19961216	1.9960964566666666E7
539    19961229	1.9960981233333334E7
539    19970121	1.99612919E7
539    19970303	1.99616086E7
539    19970623	1.99619358E7
539    19971114	1.99622791E7
539    19980616	1.99629391E7
539    19990727	1.99639358E7
539    19991012	1.9964941866666667E7
539    19991215	3.9932919833333336E7
539    19991216	1.9967975366666667E7
539    20000117	1.9969282266666666E7
539    20000402	1.99705983E7
539    20000407	1.99719144E7
539    20000424	1.9973231033333335E7
539    20000504	1.9974547733333334E7
539    20000510	1.99758645E7
539    20000602	1.9977184166666668E7
539    20001002	1.9978516933333334E7
539    20001104	1.9979853066666666E7
539    20001114	1.99811893E7
539    20001117	1.99825231E7
539    20001120	1.99838569E7
539    20001209	1.9985193666666668E7
539    20010130	1.9986827766666666E7
539    20010407	1.9988471066666666E7
539    20010606	1.9990120733333334E7
539    20010623	1.9991770833333332E7
539    20011216	1.99934407E7
539    20020201	1.9995406866666667E7
539    20020413	1.9997379666666668E7
539    20020418	1.9999056233333334E7
539    20030307	2.0001056366666667E7
539    20030406	2.0003049133333333E7
539    20030416	2.0005025866666667E7
539    20031204	2.0006712133333333E7
539    20031225	2.0008062066666666E7
539    20040526	2.0009712533333335E7
539    20040726	2.00113629E7
539    20040820	2.00130164E7
539    20041010	2.00146762E7
539    20041110	2.0016042633333333E7
539    20041121	2.0017399933333334E7
539    20050128	2.00190573E7
539    20050327	2.0020720733333334E7
539    20050405	2.00223841E7
539    20050501	2.0024050466666665E7
539    20050505	2.00257139E7
539    20051006	2.00273807E7
539    20051101	2.0029047266666666E7
539    20060130	2.0031014466666665E7
539    20060215	2.00329844E7
539    20060327	2.0034957966666665E7
539    20060418	2.00369316E7
539    20060527	2.00386115E7
539    20061211	2.0040304966666665E7
539    20061229	4.0085671666666664E7
539    20070303	2.0045648833333332E7
539    20070703	2.0047332233333334E7
539    20080126	2.0049322666666668E7
539    20080205	2.0051315566666666E7
539    20080810	2.0052999E7
539    20080823	2.0054679566666666E7
539    20081030	2.00563667E7
539    20081128	2.0058030833333332E7
539    20090124	2.0059994133333333E7
539    20090414	2.0061657066666666E7
539    20100327	2.0063643766666666E7
539    20100430	2.0065630766666666E7
539    20100807	2.0067624E7
539    20110127	2.0069924566666666E7
539    20110307	2.0072230766666666E7
539    20110509	2.0074243466666665E7
539    20110901	2.00762626E7
539    20111106	2.0078285966666665E7
539    20120622	2.0080623333333332E7
539    20130218	2.0083280433333334E7
539    20130404	2.0085927033333335E7
539    20130620	2.0088577666666668E7
539    20150919	2.0091603966666665E7
539    20160507	2.0094947033333335E7
539    20160510	2.0098286466666665E7
