541    20000108	1.9980101866666667E7
541    20000117	1.99814019E7
541    20000205	1.99827046E7
541    20000207	1.99840043E7
541    20000208	1.99853036E7
541    20000219	1.9986306866666667E7
541    20000308	1.99873131E7
541    20000424	1.9988322866666667E7
541    20000425	1.99893302E7
541    20000602	1.9990340166666668E7
541    20000702	1.9991349966666665E7
541    20000803	1.9992362833333332E7
541    20000904	1.99933722E7
541    20001108	1.9994372E7
541    20001120	1.99950621E7
541    20001127	1.9995746033333335E7
541    20001128	3.99935172E7
541    20001221	1.9997443866666667E7
541    20010101	1.9998080466666665E7
541    20010114	1.9998717466666665E7
541    20010122	1.9999354633333333E7
541    20010314	1.9999997666666668E7
541    20010815	2.0000654466666665E7
541    20011110	2.00013207E7
541    20011228	2.0001988166666668E7
541    20020203	2.00029545E7
541    20020405	2.0003927066666666E7
541    20020418	2.0004900033333335E7
541    20020624	2.0005583933333334E7
541    20020908	2.0006277266666666E7
541    20021228	2.0006980966666665E7
541    20030207	2.0007981033333335E7
541    20030430	2.0008988466666665E7
541    20030926	2.00100124E7
541    20031022	2.0011039166666668E7
541    20040317	2.00123728E7
541    20040423	2.00137061E7
541    20040601	2.00150453E7
541    20040823	2.0016386E7
541    20040830	2.00177236E7
541    20040903	2.0019060266666666E7
541    20040929	2.0020394433333334E7
541    20041010	2.00217245E7
541    20050304	2.0023363966666665E7
541    20050321	2.0025003766666666E7
541    20050322	2.0026643566666666E7
541    20050403	2.0028286066666666E7
541    20050423	2.0029926133333333E7
541    20050426	2.00312703E7
541    20050530	2.00326175E7
541    20050603	2.0033966866666667E7
541    20050904	2.0035319866666667E7
541    20050923	2.00366568E7
541    20051006	2.0037986666666668E7
541    20051023	2.0039313166666668E7
541    20051110	2.00403434E7
541    20060203	2.004167E7
541    20060207	2.00429963E7
541    20060305	2.0044319E7
541    20060322	2.00456328E7
541    20060411	2.00469389E7
541    20060418	2.0047945933333334E7
541    20060517	2.0048948833333332E7
541    20060526	2.00499355E7
541    20060717	2.0050925333333332E7
541    20060814	2.0051608566666666E7
541    20061108	2.0052298066666666E7
541    20061109	2.0052981666666668E7
541    20061229	2.0053661866666667E7
541    20070703	2.0054657633333333E7
541    20071110	2.0055664533333335E7
541    20071227	2.0056674466666665E7
541    20080618	2.0057994733333334E7
541    20080812	2.0059011666666668E7
541    20081110	2.0060037966666665E7
541    20090124	2.00613647E7
541    20090413	2.0062698366666667E7
541    20090414	2.00640314E7
541    20090422	2.00653646E7
541    20091014	2.0066714066666666E7
541    20100420	2.0068374633333333E7
541    20100512	2.0070028233333334E7
541    20100807	2.0071691033333335E7
541    20100914	2.0073354633333333E7
541    20101215	2.00750277E7
541    20110127	2.0076994933333334E7
541    20110901	2.0078684866666667E7
541    20111130	2.00803823E7
541    20120502	2.0082388866666667E7
541    20120731	2.00844025E7
541    20120808	2.0086415733333334E7
541    20121123	2.0088439233333334E7
541    20130218	2.00907626E7
541    20130310	2.0093088733333334E7
541    20130331	2.00954092E7
541    20130404	2.0097728866666667E7
541    20130908	2.0100055533333335E7
541    20140505	2.0102702066666666E7
541    20140823	2.01053552E7
541    20150219	2.0108005733333334E7
541    20150330	2.01106464E7
541    20150714	2.0113295966666665E7
541    20150715	2.0115632533333335E7
541    20151010	2.0117972466666665E7
541    20151104	2.01203056E7
541    20151109	2.0122338433333334E7
541    20151110	2.0124361666666668E7
541    20151119	2.0126385166666668E7
541    20151205	2.0128411266666666E7
541    20160410	2.0130724466666665E7
541    20160416	2.0132724333333332E7
541    20160427	2.01347215E7
541    20160507	2.01367115E7
541    20160524	2.01386985E7
541    20160608	2.0140678266666666E7
541    20160626	2.0142361566666666E7
