5418    20060130	2.0041884733333334E7
5418    20060203	2.00432043E7
5418    20060215	2.0044524066666666E7
5418    20060219	2.0045837633333333E7
5418    20060517	2.0047157233333334E7
5418    20060518	2.00481706E7
5418    20060721	2.00491811E7
5418    20060802	2.00501942E7
5418    20061207	2.0051207133333333E7
5418    20061229	4.010514143333333E7
5418    20070228	2.0053910966666665E7
5418    20070302	2.0054896833333332E7
5418    20070511	2.0055879966666665E7
5418    20070923	2.00568765E7
5418    20071110	2.00578734E7
5418    20080126	2.0058873933333334E7
5418    20080205	2.0059870433333334E7
5418    20080810	2.00608867E7
5418    20081028	2.0061910233333334E7
5418    20090124	2.0063236933333334E7
5418    20090201	2.0064566133333333E7
5418    20090209	2.0065893E7
5418    20090414	2.0067226366666667E7
5418    20090603	2.0068565833333332E7
5418    20090627	2.00699033E7
5418    20091019	2.00712501E7
5418    20091107	2.0072589566666666E7
5418    20100421	2.0074236166666668E7
5418    20100430	2.00755796E7
5418    20100516	2.00769258E7
5418    20100517	2.00782696E7
5418    20101207	2.0079636E7
5418    20110127	2.00812996E7
5418    20110222	2.0082956433333334E7
5418    20110711	2.0084629533333335E7
5418    20110901	2.00863022E7
5418    20120501	2.0088292166666668E7
5418    20120719	2.00902759E7
5418    20120731	2.00922593E7
5418    20121104	2.0094255133333333E7
5418    20121113	2.00959513E7
5418    20130127	2.0097945466666665E7
5418    20130218	2.00999357E7
5418    20130310	2.0101915266666666E7
5418    20130902	2.0103908333333332E7
5418    20141115	2.01059413E7
5418    20141206	2.0107974666666668E7
5418    20150203	2.0110287766666666E7
5418    20150304	2.0112596966666665E7
5418    20150424	2.0114606966666665E7
5418    20150522	2.0116617666666668E7
5418    20150611	2.0118631066666666E7
5418    20150715	2.01206411E7
5418    20150726	2.01226452E7
5418    20150902	2.0124654366666667E7
5418    20150921	2.01266511E7
5418    20150930	2.01286452E7
5418    20151020	2.0130331833333332E7
5418    20151104	2.0132020966666665E7
5418    20151109	2.01337074E7
5418    20151129	2.0135394466666665E7
5418    20151208	2.0137061166666668E7
5418    20160416	2.0138737466666665E7
5418    20160427	2.0140410966666665E7
5418    20160507	2.0142070833333332E7
5418    20160608	2.0143727733333334E7
5418    20160626	2.0145065233333334E7
5418    20160721	2.0146398633333333E7
5418    20160816	2.01477348E7
5418    20160818	2.01490586E7
