54286    20120719	2.0094922933333334E7
54286    20121104	2.00965991E7
54286    20121113	2.0098262066666666E7
54286    20130218	2.00999255E7
54286    20130310	2.01015887E7
54286    20130406	2.0103255066666666E7
54286    20131212	2.0104948E7
54286    20150203	2.0107273766666666E7
54286    20150424	2.0109600466666665E7
54286    20150701	2.0111930266666666E7
54286    20150711	2.01142603E7
54286    20150715	2.01162805E7
54286    20150726	2.0118300533333335E7
54286    20150902	2.0120323633333333E7
54286    20150913	2.0122336633333333E7
54286    20150930	2.0124346733333334E7
54286    20151013	2.0126346533333335E7
54286    20151104	2.01283462E7
54286    20151109	2.0130035833333332E7
54286    20151129	2.01317258E7
54286    20151205	2.0133415433333334E7
54286    20151208	2.0135088833333332E7
54286    20160416	2.01370622E7
54286    20160427	2.0138738866666667E7
54286    20160507	2.0140415033333335E7
54286    20160508	2.0142074933333334E7
54286    20160519	2.0143728866666667E7
54286    20160608	2.0145072133333333E7
54286    20160626	2.0146409633333333E7
54286    20160721	2.01477469E7
54286    20160816	2.0149083466666665E7
54286    20161006	2.0150413533333335E7
