543    20020418	1.99817012E7
543    20030307	1.9984027333333332E7
543    20030324	1.99863509E7
543    20030520	1.99886777E7
543    20031230	1.9991024533333335E7
543    20040114	1.9993667466666665E7
543    20040728	1.9996330733333334E7
543    20040820	1.9998997033333335E7
543    20050129	2.0001967766666666E7
543    20050228	2.0004941633333333E7
543    20050323	2.0007915633333333E7
543    20050505	2.0010895133333333E7
543    20050608	2.0013874866666667E7
543    20060131	2.00168752E7
543    20060418	2.00198851E7
543    20060606	2.0022901066666666E7
543    20060718	2.00259149E7
543    20060731	2.0028915633333333E7
543    20080711	2.0031898366666667E7
543    20091020	2.00349282E7
543    20100209	2.0038264133333333E7
543    20110127	2.00419181E7
543    20160816	2.0047254266666666E7
