5445    20050110	2.0031363866666667E7
5445    20050210	2.00323501E7
5445    20050309	2.00333396E7
5445    20050322	6.010594903333333E7
5445    20050403	2.00372896E7
5445    20050419	2.00382726E7
5445    20050528	2.0039252866666667E7
5445    20050723	2.0040236033333335E7
5445    20050923	2.00409297E7
5445    20051023	2.0041623566666666E7
5445    20051110	2.0042320066666666E7
5445    20060118	2.00433138E7
5445    20060127	2.0044307766666666E7
5445    20060131	2.00452985E7
5445    20060203	2.00462815E7
5445    20060215	2.00472577E7
5445    20060319	2.0048237366666667E7
5445    20060322	2.0049214033333335E7
5445    20060327	2.0050188233333334E7
5445    20060411	2.00508614E7
5445    20060418	2.0051524466666665E7
5445    20060424	2.0052178533333335E7
5445    20060517	2.00528355E7
5445    20060526	2.0053492033333335E7
5445    20060606	2.00541488E7
5445    20060616	2.00548053E7
5445    20060717	2.0055461633333333E7
5445    20060718	2.0056114633333333E7
5445    20060731	2.0056468666666668E7
5445    20060802	2.0056821733333334E7
5445    20060813	2.0057171866666667E7
5445    20060821	2.0057521833333332E7
5445    20061108	2.0057881366666667E7
5445    20061207	2.00582442E7
5445    20061229	4.011757046666667E7
5445    20070302	2.0059624533333335E7
5445    20080205	2.0060607266666666E7
5445    20080618	2.00615971E7
5445    20080623	2.0062583766666666E7
5445    20080701	2.0063570133333333E7
5445    20080711	2.0064256566666666E7
5445    20080810	2.0064946E7
5445    20090414	2.0065955433333334E7
5445    20091013	2.0066982433333334E7
5445    20100430	2.0068322933333334E7
5445    20100516	2.0069662833333332E7
5445    20101207	2.0071025666666668E7
5445    20101222	2.0072388833333332E7
5445    20110127	2.0074046033333335E7
5445    20110222	2.0075706166666668E7
5445    20110319	2.0077369333333332E7
5445    20110901	2.00790488E7
5445    20120501	2.0081047966666665E7
5445    20120622	2.00830485E7
5445    20120731	2.0085052333333332E7
5445    20130218	2.0087369033333335E7
5445    20130905	2.00897086E7
5445    20140421	2.0092364933333334E7
5445    20141109	2.0095041833333332E7
5445    20141206	2.00977216E7
5445    20150226	2.0100701766666666E7
5445    20150304	2.0103674966666665E7
5445    20150424	2.0106648866666667E7
5445    20150522	2.01096253E7
5445    20150710	2.0112608E7
5445    20150711	2.01152883E7
5445    20150715	2.0117638633333333E7
5445    20150726	2.0119975566666666E7
5445    20151020	2.0122322133333333E7
5445    20151109	2.0124669066666666E7
5445    20151205	2.0127018866666667E7
5445    20160330	2.0129669533333335E7
5445    20160415	2.01320029E7
5445    20160416	2.0134316333333332E7
5445    20160427	2.0136316233333334E7
5445    20160507	2.0138315933333334E7
5445    20160524	2.0140293166666668E7
5445    20160626	2.01422733E7
5445    20160723	2.0143959833333332E7
5445    20160724	2.0145643233333334E7
5445    20160816	2.0147326466666665E7
5445    20161005	2.01489966E7
5445    20161006	2.0150346766666666E7
