54503    20150610	2.0105090066666666E7
54503    20150714	2.0107443733333334E7
54503    20150715	2.01097871E7
54503    20150720	2.01121303E7
54503    20151109	2.011448E7
54503    20151121	2.01168237E7
54503    20151129	2.0119167033333335E7
54503    20160410	2.0121809966666665E7
54503    20160427	2.0124450533333335E7
54503    20160515	2.01270935E7
54503    20160519	2.0129439966666665E7
54503    20160524	2.01317803E7
54503    20160626	2.0134094233333334E7
54503    20160723	2.0136107433333334E7
54503    20160816	2.01381203E7
