5459    20110711	2.0063306366666667E7
5459    20111124	2.0066320333333332E7
5459    20120911	2.0069657233333334E7
5459    20130127	2.0073297166666668E7
5459    20140115	2.0076960766666666E7
5459    20140202	2.0080623933333334E7
5459    20150203	2.00842901E7
5459    20150424	2.0087943566666666E7
5459    20150522	2.0091599966666665E7
5459    20150709	2.0094942966666665E7
5459    20150715	2.0098279866666667E7
5459    20150917	2.0101610233333334E7
5459    20150927	2.0104937466666665E7
5459    20151111	2.0108270433333334E7
5459    20151121	2.01116036E7
5459    20151230	2.0114640233333334E7
5459    20160207	2.0117973533333335E7
5459    20160416	2.01213068E7
5459    20160507	2.0124616666666668E7
5459    20161015	2.0127943066666666E7
