5481    20120214	2.0061056433333334E7
5481    20120413	2.0064376833333332E7
5481    20120609	2.0067703133333333E7
5481    20121127	2.00710438E7
5481    20130127	2.0074683733333334E7
5481    20140908	2.00786739E7
5481    20141206	2.0082673166666668E7
5481    20150424	2.0086673166666668E7
5481    20150614	2.0090676433333334E7
5481    20150714	2.0094333233333334E7
5481    20150927	2.00976868E7
5481    20151020	2.0101027033333335E7
5481    20151112	2.0104370266666666E7
5481    20151230	2.0107407033333335E7
5481    20160416	2.01107475E7
5481    20160816	2.01141007E7
