5502    20061204	2.0039675233333334E7
5502    20061221	2.00410222E7
5502    20061229	2.0042368866666667E7
5502    20070301	2.0044015333333332E7
5502    20070708	2.0045675366666667E7
5502    20081128	2.0047682566666666E7
5502    20090305	2.00499951E7
5502    20090609	2.00523114E7
5502    20091015	2.00543383E7
5502    20101207	2.00567044E7
5502    20110127	2.00593651E7
5502    20110429	2.0062032533333335E7
5502    20111124	2.0064723033333335E7
5502    20120622	2.00677097E7
5502    20120630	2.0070390433333334E7
5502    20120808	2.0073076833333332E7
5502    20130620	2.00760733E7
5502    20140501	2.0079396233333334E7
5502    20150710	2.00830492E7
5502    20150917	2.0086402366666667E7
5502    20151102	2.0089761533333335E7
5502    20151111	2.00931184E7
5502    20151207	2.0096467866666667E7
5502    20151230	2.0099811433333334E7
5502    20160507	2.01034609E7
