551    19991008	1.99641498E7
551    19991111	1.9965169866666667E7
551    19991210	1.99661928E7
551    19991216	1.9967215833333332E7
551    20000406	1.99685451E7
551    20000504	1.99698749E7
551    20000510	1.9971204666666668E7
551    20000521	1.9972534666666668E7
551    20000602	1.99738642E7
551    20000703	1.9975196666666668E7
551    20000731	1.9976526833333332E7
551    20001120	1.9977867166666668E7
551    20001127	1.9979207366666667E7
551    20010606	1.9980863433333334E7
551    20010618	1.9982516966666665E7
551    20010815	1.99841767E7
551    20011216	1.9985847133333333E7
551    20020425	1.9987824433333334E7
551    20030409	1.9990134533333335E7
551    20030827	1.9992458266666666E7
551    20030913	1.9994784833333332E7
551    20031230	1.9997121833333332E7
551    20040728	1.9999775366666667E7
551    20040823	2.00024285E7
551    20040903	2.00047879E7
551    20040921	2.00071479E7
551    20041010	2.0009508066666666E7
551    20050125	2.00121553E7
551    20050518	2.00148021E7
551    20050608	2.0017115466666665E7
551    20050723	2.0019105966666665E7
551    20051023	2.0021103033333335E7
551    20051110	2.00230997E7
551    20060203	2.0025399266666666E7
551    20060418	2.0027399666666668E7
551    20060820	2.00294102E7
551    20061108	2.0031430133333333E7
551    20070228	2.00337537E7
551    20080711	2.0036424E7
551    20080714	2.0039091033333335E7
551    20080805	2.0041760166666668E7
551    20080810	2.00444165E7
551    20081210	2.0047085933333334E7
551    20081226	2.0049439933333334E7
551    20090414	2.00520998E7
551    20091017	2.00547732E7
551    20101207	2.00577729E7
551    20101222	2.0060466133333333E7
551    20110901	2.00631492E7
551    20120626	2.00661425E7
551    20120804	2.0069138866666667E7
551    20121123	2.00721353E7
551    20130218	2.00751183E7
551    20141116	2.00784614E7
551    20150105	2.0082101466666665E7
551    20150610	2.0085757766666666E7
551    20150720	2.0089414766666666E7
551    20150926	2.00927748E7
551    20151230	2.0096131866666667E7
551    20160216	2.0099785466666665E7
551    20161015	2.0103461866666667E7
