552    20041010	1.9988376566666666E7
552    20050125	1.99913633E7
552    20050228	1.99943507E7
552    20050322	3.9997671766666666E7
552    20050505	2.0003321033333335E7
552    20051110	2.0006330866666667E7
552    20060128	2.0009640966666665E7
552    20060418	2.0012954666666668E7
552    20060518	2.0016271266666666E7
552    20070115	2.0019907666666668E7
552    20070228	2.00235446E7
552    20080711	2.0027224866666667E7
552    20080816	2.0030895133333333E7
552    20090414	2.00345617E7
552    20091201	2.0038247866666667E7
552    20100209	2.0041880966666665E7
552    20110127	2.0045541333333332E7
552    20130218	2.0049871333333332E7
552    20140421	2.00545385E7
552    20160507	2.00598746E7
