553    19970131	1.9961393766666666E7
553    19970303	1.99617262E7
553    19971114	1.9962082866666667E7
553    19981207	1.99627727E7
553    19991015	1.9963789233333334E7
553    19991229	1.99648129E7
553    20000117	1.9966132733333334E7
553    20000316	1.99674591E7
553    20001121	1.99688096E7
553    20020701	1.99708125E7
553    20040216	1.9973465866666667E7
553    20040423	1.9976125966666665E7
553    20040704	1.9978792566666666E7
553    20040726	1.99814596E7
553    20050322	1.9984446466666665E7
553    20050323	1.9987433333333332E7
553    20050401	1.9990422566666666E7
553    20050412	1.9993412E7
553    20060130	1.9996722933333334E7
553    20060718	2.00000496E7
553    20060820	2.00033796E7
553    20061229	2.0006719933333334E7
553    20080126	2.0010690133333333E7
553    20080711	2.0014676966666665E7
553    20081129	2.0018677733333334E7
553    20090414	2.0022987966666665E7
553    20110725	2.00279748E7
553    20110901	2.0032967366666667E7
