555    19991015	1.99673689E7
555    19991213	1.9968398333333332E7
555    19991216	1.9969425066666666E7
555    20000107	1.9970744666666668E7
555    20000219	1.9972068E7
555    20000513	1.9973401E7
555    20000805	1.99747435E7
555    20001108	1.9976093566666666E7
555    20001121	1.9977443933333334E7
555    20020929	1.99794545E7
555    20030516	1.99817843E7
555    20040114	1.9984431233333334E7
555    20040319	1.9987084666666668E7
555    20040601	1.99897437E7
555    20040728	1.99924043E7
555    20050923	1.99954015E7
555    20051006	1.9998401033333335E7
555    20051110	2.0001401166666668E7
555    20060128	2.0004701566666666E7
555    20060130	2.00080019E7
555    20060418	2.00113117E7
555    20060802	2.00143344E7
555    20060924	2.0017358366666667E7
555    20061226	2.0020389133333333E7
555    20061229	2.00234162E7
555    20070202	2.0026409533333335E7
555    20080205	2.0029716133333333E7
555    20080816	2.0032719133333333E7
555    20091013	2.00360553E7
555    20100209	2.00396955E7
555    20100610	2.0043348666666668E7
555    20100822	2.00470023E7
555    20110901	2.00509918E7
555    20121111	2.0055025266666666E7
555    20130109	2.0059354933333334E7
555    20141206	2.00640447E7
555    20150203	2.0069024633333333E7
555    20150224	2.0073995166666668E7
555    20150720	2.00789818E7
555    20160207	2.00836244E7
555    20160816	2.0087967733333334E7
