55820    20120805	2.0096309066666666E7
55820    20121005	2.00979683E7
55820    20121111	2.0099631033333335E7
55820    20121113	2.0100990966666665E7
55820    20121123	4.020606236666667E7
55820    20130218	2.0105371533333335E7
55820    20140823	2.0107384833333332E7
55820    20141206	2.0109408E7
55820    20150203	2.01117275E7
55820    20150614	2.0114057933333334E7
55820    20150701	2.01163779E7
55820    20150715	2.01183976E7
55820    20151109	2.0120414266666666E7
55820    20160410	2.0122740866666667E7
55820    20160531	2.01250581E7
55820    20160626	2.0127071566666666E7
55820    20160728	2.01290815E7
55820    20160815	2.01310916E7
55820    20160816	2.0133078633333333E7
