5618    20110308	2.0064241433333334E7
5618    20110429	2.0066904833333332E7
5618    20110604	2.00692412E7
5618    20110617	2.00715709E7
5618    20110624	2.0073897366666667E7
5618    20110918	2.00762312E7
5618    20111015	2.0078564133333333E7
5618    20111208	2.0080596933333334E7
5618    20120626	2.0082940466666665E7
5618    20120925	2.0085293933333334E7
5618    20121123	2.0087653933333334E7
5618    20130304	2.0090316533333335E7
5618    20140421	2.0093300433333334E7
5618    20140825	2.0096293833333332E7
5618    20141012	2.00989803E7
5618    20141109	2.0101666666666668E7
5618    20141206	2.0104356E7
5618    20150105	2.0107332366666667E7
5618    20150330	2.0110306433333334E7
5618    20150518	2.0113286733333334E7
5618    20150522	2.0115963266666666E7
5618    20150714	2.0118646133333333E7
5618    20150715	2.01209795E7
5618    20150921	2.0123316466666665E7
5618    20150927	2.01256469E7
5618    20151112	2.01276798E7
5618    20151119	2.01297036E7
5618    20151205	2.0131729966666665E7
5618    20160114	2.0133723166666668E7
5618    20160410	2.0135399533333335E7
5618    20160507	2.0137072833333332E7
5618    20160522	2.01387426E7
5618    20160626	2.014041E7
5618    20161015	2.0142089933333334E7
