56367    20110429	2.00903497E7
56367    20110509	2.00913597E7
56367    20110901	2.00923825E7
56367    20111015	2.00934022E7
56367    20111107	2.0094422066666666E7
56367    20120221	2.0095742166666668E7
56367    20120501	2.00970713E7
56367    20120622	2.0098401666666668E7
56367    20120731	2.0099735566666666E7
56367    20120802	2.0101071333333332E7
56367    20120817	2.01024049E7
56367    20120925	2.0103741666666668E7
56367    20121014	2.01050753E7
56367    20121123	2.01064118E7
56367    20130620	2.01080588E7
56367    20130723	2.01097087E7
56367    20140202	2.0111377933333334E7
56367    20140712	2.0113054533333335E7
56367    20140825	2.0114728066666666E7
56367    20141116	2.0116398166666668E7
56367    20150203	2.0118370933333334E7
56367    20150219	2.0120034E7
56367    20150610	2.01217002E7
56367    20150701	2.0123360166666668E7
56367    20150711	2.0125017E7
56367    20150714	2.01266673E7
56367    20150715	2.0128317566666666E7
56367    20150720	2.0129670666666668E7
56367    20150726	2.0131018E7
56367    20150913	2.0132371566666666E7
56367    20150926	2.0133721466666665E7
56367    20151010	2.01350715E7
56367    20151109	2.0136411766666666E7
56367    20151119	2.0137748566666666E7
56367    20151230	2.0139086E7
56367    20160207	2.0140418866666667E7
56367    20160330	2.01417465E7
56367    20160410	2.0143072766666666E7
56367    20160531	2.0144399433333334E7
56367    20160626	2.01457269E7
56367    20160723	2.01470571E7
56367    20160729	2.01483839E7
56367    20160816	2.0149710633333333E7
