5669    20060821	2.0043644566666666E7
5669    20061112	2.0044977933333334E7
5669    20061211	2.00463143E7
5669    20070512	2.0047661233333334E7
5669    20070703	2.00490105E7
5669    20080126	2.0050670866666667E7
5669    20080430	2.0052341233333334E7
5669    20080810	2.0054007533333335E7
5669    20080919	2.00556744E7
5669    20081129	2.0057347733333334E7
5669    20081130	2.0059015366666667E7
5669    20090414	2.0060992033333335E7
5669    20091014	2.0062681866666667E7
5669    20101016	2.00646883E7
5669    20110127	2.0066995166666668E7
5669    20110227	2.00692989E7
5669    20110307	2.00716051E7
5669    20111015	2.0073628166666668E7
5669    20120808	2.0075977533333335E7
5669    20121111	2.00783345E7
5669    20121123	2.0080691066666666E7
5669    20140205	2.00836774E7
5669    20150701	2.0087003333333332E7
5669    20150715	2.00900229E7
5669    20150720	2.0093042566666666E7
5669    20150901	2.00960653E7
5669    20151102	2.0099084466666665E7
5669    20160801	2.01024243E7
5669    20160816	2.01057609E7
