5679    20091015	2.00509785E7
5679    20091213	2.0053318233333334E7
5679    20101207	2.0055988366666667E7
5679    20110127	2.0058951666666668E7
5679    20110307	2.0061618366666667E7
5679    20110711	2.0064298466666665E7
5679    20111124	2.0066989066666666E7
5679    20120809	2.00700024E7
5679    20140303	2.0073662066666666E7
5679    20150409	2.0077318166666668E7
5679    20150610	2.0080975066666666E7
5679    20150709	2.0084631133333333E7
5679    20150714	2.00879846E7
5679    20150727	2.0091331866666667E7
5679    20151111	2.0094691466666665E7
5679    20160216	2.0098354566666666E7
5679    20160427	2.01020047E7
5679    20160507	2.0105654166666668E7
5679    20160816	2.0109311033333335E7
