58    20000603	1.9977638633333333E7
58    20000703	1.99789844E7
58    20030729	1.99813283E7
58    20040128	1.9983981833333332E7
58    20040317	1.9986641466666665E7
58    20040707	1.9989311366666667E7
58    20040930	1.9991985166666668E7
58    20041027	1.99946493E7
58    20050310	1.9997622766666666E7
58    20050401	2.0000598933333334E7
58    20050426	2.00035722E7
58    20060526	2.0006585666666668E7
58    20110127	2.00112523E7
58    20120609	2.0016265766666666E7
58    20130109	2.0021592633333333E7
58    20150715	2.0027599166666668E7
