5816    20060418	2.0040025233333334E7
5816    20060526	2.0041338766666666E7
5816    20060611	2.00426522E7
5816    20060721	2.0043968633333333E7
5816    20060924	2.0044992533333335E7
5816    20061109	2.0046015966666665E7
5816    20061112	2.00470389E7
5816    20061229	2.0048062766666666E7
5816    20070112	2.00493825E7
5816    20070204	2.00507052E7
5816    20070228	2.00520218E7
5816    20070303	2.0053337933333334E7
5816    20070418	2.00546551E7
5816    20080126	2.0056292566666666E7
5816    20080714	2.0057945633333333E7
5816    20080810	2.0059285933333334E7
5816    20081210	2.00606295E7
5816    20090112	2.0062265866666667E7
5816    20090209	2.0063905266666666E7
5816    20090809	2.0065258533333335E7
5816    20091023	2.0066615266666666E7
5816    20100501	2.00682852E7
5816    20110127	2.0070275666666668E7
5816    20110222	2.0072268966666665E7
5816    20110307	2.0074261566666666E7
5816    20110429	2.0076241766666666E7
5816    20110630	2.0078225766666666E7
5816    20110711	2.0080212266666666E7
5816    20110804	2.0081898966666665E7
5816    20120221	2.0083896E7
5816    20120502	2.00858988E7
5816    20120629	2.0087902233333334E7
5816    20121118	2.0089919133333333E7
5816    20130424	2.0092242566666666E7
5816    20130620	2.0094565766666666E7
5816    20140421	2.00972095E7
5816    20140826	2.0099866633333333E7
5816    20141115	2.01025295E7
5816    20141116	2.01048963E7
5816    20150203	2.0107562933333334E7
5816    20150226	2.0110229533333335E7
5816    20150614	2.0112906566666666E7
5816    20150711	2.0115583E7
5816    20150823	2.0117939566666666E7
5816    20150927	2.012028E7
5816    20151109	2.01226233E7
5816    20151230	2.01249573E7
5816    20160215	2.0127294066666666E7
5816    20160416	2.01296343E7
5816    20160507	2.0131957566666666E7
5816    20160626	4.02705595E7
