58559    20100402	2.0085729166666668E7
58559    20100420	2.0086385866666667E7
58559    20100430	2.0087042733333334E7
58559    20100510	2.0087702166666668E7
58559    20100516	2.00883592E7
58559    20101006	2.0089032566666666E7
58559    20101207	2.0089712466666665E7
58559    20101215	2.0090392566666666E7
58559    20110119	2.0091369066666666E7
58559    20110122	2.00923428E7
58559    20110127	2.0093316333333332E7
58559    20110222	2.0094289466666665E7
58559    20110228	2.0095260133333333E7
58559    20110418	2.0096237066666666E7
58559    20110429	2.0097213766666666E7
58559    20110630	2.00981944E7
58559    20110711	2.0099177666666668E7
58559    20110821	2.0100164166666668E7
58559    20110901	2.0100857433333334E7
58559    20110920	2.0101551133333333E7
58559    20111015	2.01022475E7
58559    20120310	2.0103253666666668E7
58559    20120501	2.01042634E7
58559    20120626	2.01052738E7
58559    20120731	2.0106280466666665E7
58559    20120818	2.0107287433333334E7
58559    20120824	2.01082809E7
58559    20121110	2.01092838E7
58559    20121123	2.0110284333333332E7
58559    20130127	2.0111284633333333E7
58559    20130218	2.01122785E7
58559    20130419	2.0113278466666665E7
58559    20130601	2.0114284166666668E7
58559    20130629	2.0115288133333333E7
58559    20130902	2.0116301E7
58559    20130907	2.01172977E7
58559    20131212	2.0118297866666667E7
58559    20140114	2.01195945E7
58559    20140202	2.0120597266666666E7
58559    20140712	2.0121616933333334E7
58559    20140721	2.0122636733333334E7
58559    20140823	2.0123656766666666E7
58559    20140825	2.0124676666666668E7
58559    20141206	2.0125702933333334E7
58559    20150105	2.0127025466666665E7
58559    20150203	2.0128344566666666E7
58559    20150217	2.0129661433333334E7
58559    20150226	2.0130974933333334E7
58559    20150306	2.0132288433333334E7
58559    20150424	2.0133605233333334E7
58559    20150501	2.0134921433333334E7
58559    20150518	2.0135928366666667E7
58559    20150522	2.0136929066666666E7
58559    20150523	2.0137925633333333E7
58559    20150701	2.0138924633333333E7
58559    20150709	2.0139921E7
58559    20150711	2.0140917233333334E7
58559    20150714	2.0141904033333335E7
58559    20150715	2.0142890433333334E7
58559    20150719	2.0143576833333332E7
58559    20150823	2.0144263666666668E7
58559    20150913	2.01449468E7
58559    20150927	2.0145624333333332E7
58559    20150930	2.0146301033333335E7
58559    20151002	2.0146971033333335E7
58559    20151103	4.02959515E7
58559    20151104	2.01486736E7
58559    20151107	2.01490371E7
58559    20151121	2.0149384066666666E7
58559    20151129	2.0149731E7
58559    20151205	2.0150077066666666E7
58559    20151230	2.01504239E7
58559    20160410	2.0151064033333335E7
58559    20160416	2.0151407733333334E7
58559    20160427	2.0151748533333335E7
58559    20160507	2.0152091533333335E7
58559    20160516	2.0152434533333335E7
58559    20160519	2.0152774966666665E7
58559    20160608	2.0153114433333334E7
58559    20160626	6.046136646666667E7
58559    20160721	2.01544656E7
58559    20160723	2.0154799666666668E7
58559    20160729	2.0155133666666668E7
58559    20160801	2.015547E7
58559    20160816	2.0155806733333334E7
58559    20160907	2.0156146466666665E7
58559    20161005	2.0156489333333332E7
58559    20161006	2.0156828766666666E7
58559    20161008	2.0157165266666666E7
