586    19960925	1.9960764533333335E7
586    19961003	1.9960780533333335E7
586    19961007	1.9960796433333334E7
586    19961103	1.9960813E7
586    19961116	1.9960829866666667E7
586    19961216	1.9960849833333332E7
586    19970121	3.9922649733333334E7
586    19970131	1.9961800166666668E7
586    19970205	1.99621168E7
586    19970303	1.9962436366666667E7
586    19970708	1.99627694E7
586    19980616	1.9963432466666665E7
586    19991012	1.9964442E7
586    19991215	3.99319302E7
586    19991216	1.99674858E7
586    19991229	1.99684996E7
586    20000317	1.99698163E7
586    20000318	1.9971132833333332E7
586    20000504	1.9972455433333334E7
586    20000602	1.9973781166666668E7
586    20000605	1.9975107E7
586    20000731	1.9976434666666668E7
586    20000802	1.9977764533333335E7
586    20001002	1.9979100966666665E7
586    20001104	1.9980440433333334E7
586    20001114	1.99817802E7
586    20001121	1.99831202E7
586    20001209	1.9984463033333335E7
586    20010122	1.9986102933333334E7
586    20010314	1.9987746633333333E7
586    20010618	1.9989400333333332E7
586    20020418	1.99913775E7
586    20030307	1.9993683866666667E7
586    20040214	1.9996317133333333E7
586    20040601	1.9998666466666665E7
586    20040808	2.00010227E7
586    20040820	2.0003379E7
586    20040823	2.0005732933333334E7
586    20040903	2.0008086266666666E7
586    20041010	2.0010429666666668E7
586    20041013	2.00124429E7
586    20050110	2.0014412833333332E7
586    20050322	4.003473636666667E7
586    20050501	2.0020329466666665E7
586    20050516	2.00223057E7
586    20050603	2.00239819E7
586    20051110	2.0025674966666665E7
586    20051116	2.0027362033333335E7
586    20060208	2.00293489E7
586    20060215	2.00313359E7
586    20060217	2.0033318766666666E7
586    20060411	2.0035305733333334E7
586    20060418	2.0037286266666666E7
586    20060525	2.0039266966666665E7
586    20060905	2.004126E7
586    20061112	2.00432597E7
586    20061221	2.00452601E7
586    20061229	2.0046963666666668E7
586    20070228	2.00489608E7
586    20070708	2.00509638E7
586    20080126	2.0052954066666666E7
586    20080704	2.0054633966666665E7
586    20080714	2.0055983966666665E7
586    20080810	2.0057324266666666E7
586    20080823	2.00586581E7
586    20081129	2.0060001733333334E7
586    20081130	2.00613453E7
586    20081210	2.0062688866666667E7
586    20090125	2.0064326033333335E7
586    20090414	4.013328893333333E7
586    20090422	2.0068652866666667E7
586    20091015	2.00700093E7
586    20100327	2.0071670166666668E7
586    20100430	2.0073333966666665E7
586    20100610	2.0075000866666667E7
586    20100807	2.0076657433333334E7
586    20101220	2.0078327566666666E7
586    20110127	2.0079991533333335E7
586    20110307	2.0081661266666666E7
586    20110429	2.0083335E7
586    20110509	2.0085004933333334E7
586    20110901	2.00866877E7
586    20120502	2.0088686933333334E7
586    20130218	2.0090997366666667E7
586    20130424	2.0093307766666666E7
586    20130620	2.0095621066666666E7
586    20140126	2.0098250966666665E7
586    20140721	2.0100600733333334E7
586    20140826	2.0102938E7
586    20150611	2.01052875E7
586    20150714	2.0107621166666668E7
586    20150727	2.0109954933333334E7
586    20160115	2.0112598433333334E7
586    20160507	2.0115254566666666E7
586    20160626	2.0117904466666665E7
586    20160816	2.0120560666666668E7
