587    19961012	1.9960783433333334E7
587    19961015	1.9960799833333332E7
587    19961019	1.99608136E7
587    19961023	1.9960827366666667E7
587    19961026	1.9960841E7
587    19961027	1.9960854566666666E7
587    19961103	1.9960870633333333E7
587    19961106	3.992178686666667E7
587    19961107	1.9960913366666667E7
587    19961108	1.9960926433333334E7
587    19961115	1.99609397E7
587    19961116	1.9960952766666666E7
587    19961120	3.9921942233333334E7
587    19961124	1.9960987166666668E7
587    19961216	1.9961000533333335E7
587    19970121	1.99613107E7
587    19970131	1.9961621E7
587    19971114	1.9961963933333334E7
587    19980402	1.9962616333333332E7
587    19980616	1.9963275866666667E7
587    19981002	1.9963948233333334E7
587    19981207	1.9964624833333332E7
587    19991012	1.9965628233333334E7
587    19991015	1.99666314E7
587    19991210	1.9967640933333334E7
587    19991215	1.99686506E7
587    19991216	1.99696577E7
587    19991229	1.99706651E7
587    20000131	1.9971969066666666E7
587    20000318	1.9973279166666668E7
587    20000402	1.9974591933333334E7
587    20000407	1.9975904733333334E7
587    20000504	1.9977220666666668E7
587    20000602	1.9978539833333332E7
587    20000605	1.9979856566666666E7
587    20001104	1.9981189833333332E7
587    20001114	1.9982523433333334E7
587    20001120	1.99838572E7
587    20001208	1.9985193866666667E7
587    20001209	1.9986530333333332E7
587    20010122	1.9988163866666667E7
587    20010606	1.99898134E7
587    20010617	1.99914633E7
587    20020201	1.9993432533333335E7
587    20020418	1.9995405933333334E7
587    20020529	1.99970862E7
587    20030324	1.9999092633333333E7
587    20030406	2.0001069033333335E7
587    20030416	2.0002736166666668E7
587    20030610	2.0004402633333333E7
587    20040726	2.0006393433333334E7
587    20040820	2.0008380533333335E7
587    20041010	2.0010047133333333E7
587    20041115	2.0011717133333333E7
587    20050128	2.0013681066666666E7
587    20050321	2.0015651266666666E7
587    20050322	2.0017621466666665E7
587    20050405	2.0019594E7
587    20050501	2.0021273E7
587    20050505	2.00229459E7
587    20050831	2.0024626866666667E7
587    20060215	2.0026620466666665E7
587    20060220	2.0028611E7
587    20060224	2.00305984E7
587    20060418	2.0032592166666668E7
587    20060525	2.0034572866666667E7
587    20061111	2.0036572766666666E7
587    20061211	2.00385758E7
587    20070115	2.00408727E7
587    20070303	2.0043175833333332E7
587    20070627	2.0045192666666668E7
587    20070703	2.00471959E7
587    20071110	2.0049212333333332E7
587    20080126	2.0051209833333332E7
587    20080205	2.0053202733333334E7
587    20080627	2.0055206E7
587    20080714	2.0056885666666668E7
587    20080810	2.00585658E7
587    20081129	2.0060256233333334E7
587    20100430	2.0062583566666666E7
587    20100807	2.0064586266666666E7
587    20110127	2.00668965E7
587    20110307	2.00692064E7
587    20110509	2.0071519533333335E7
587    20110901	2.00735453E7
587    20120310	2.0075878266666666E7
587    20120502	2.00782176E7
587    20120622	2.0080558166666668E7
587    20130218	2.00832154E7
587    20130404	2.00858787E7
587    20130424	2.00885318E7
587    20150611	2.0091545E7
587    20160507	2.00948879E7
587    20160508	2.00982307E7
587    20160510	2.01015671E7
