588    19960715	1.9960554333333332E7
588    19960716	1.99605672E7
588    19960717	1.99605773E7
588    19960724	1.9960587633333333E7
588    19960726	1.9960597866666667E7
588    19960729	1.99606052E7
588    19960801	1.9960614866666667E7
588    19960802	1.9960624533333335E7
588    19960813	1.9960634466666665E7
588    19960815	1.9960644333333332E7
588    19960816	1.9960654233333334E7
588    19960819	1.9960664133333333E7
588    19960826	1.9960674266666666E7
588    19960830	1.99606845E7
588    19960901	1.9960697033333335E7
588    19960902	1.99607095E7
588    19960910	1.9960722166666668E7
588    19960918	1.99607326E7
588    19960921	5.9882260333333336E7
588    19960924	1.9960774166666668E7
588    19960925	1.99607845E7
588    19961007	1.99607975E7
588    19961012	1.99608106E7
588    19961015	1.9960823766666666E7
588    19961016	1.9960836933333334E7
588    19961017	1.99608499E7
588    19961020	1.9960862933333334E7
588    19961023	1.99608734E7
588    19961027	1.99608838E7
588    19961103	1.99608967E7
588    19961106	1.9960909666666668E7
588    19961108	1.9960922466666665E7
588    19961110	1.9960935266666666E7
588    19961116	1.9960948166666668E7
588    19961120	3.99219282E7
588    19961122	1.99609797E7
588    19961125	1.9960990033333335E7
588    19961129	1.9961000466666665E7
588    19961216	1.99610137E7
588    19961229	1.9961027133333333E7
588    19970121	1.9961336833333332E7
588    19970205	1.9961646966666665E7
588    19970303	1.9961960333333332E7
588    19970708	1.9962286933333334E7
588    19971120	1.9962627E7
588    19980616	1.99632835E7
588    19980814	1.99639466E7
588    19981004	1.9964616033333335E7
588    19981207	1.9965292133333333E7
588    19990727	1.9966285533333335E7
588    19990928	1.99672829E7
588    19991003	1.99682826E7
588    19991023	1.9969282866666667E7
588    19991024	1.9970283133333333E7
588    19991101	1.9971285933333334E7
588    19991111	1.9972288966666665E7
588    19991123	1.99732923E7
588    19991210	1.99742984E7
588    19991211	1.9975302E7
588    19991215	1.9976305633333333E7
588    19991216	1.9977309233333334E7
588    19991228	1.9978313166666668E7
588    20000117	1.99796132E7
588    20000207	1.99809161E7
588    20000317	1.9982222666666668E7
588    20000318	1.99835292E7
588    20000406	1.9984838566666666E7
588    20000504	1.9986151066666666E7
588    20000602	1.9987463933333334E7
588    20000802	1.9988783033333335E7
588    20000805	1.9989805833333332E7
588    20001002	1.99908324E7
588    20001104	1.99918591E7
588    20001117	1.9992872733333334E7
588    20001120	3.998842893333333E7
588    20010102	1.9995532466666665E7
588    20010110	1.9996502666666668E7
588    20010122	1.99974665E7
588    20010402	1.9998122333333332E7
588    20010606	1.9998778266666666E7
588    20010618	1.99994321E7
588    20010620	2.0000085333333332E7
588    20010709	2.00007415E7
588    20010717	2.0001395366666667E7
588    20011019	2.0002058966666665E7
588    20011216	2.0002728733333334E7
588    20020117	2.00036923E7
588    20020201	2.0004658633333333E7
588    20020413	2.00056319E7
588    20021228	2.00066323E7
588    20030307	2.0007934933333334E7
588    20030406	2.0008944566666666E7
588    20030409	2.00099513E7
588    20030513	2.0010957833333332E7
588    20030730	2.0011971566666666E7
588    20031002	2.0012991433333334E7
588    20040728	2.0014332233333334E7
588    20040820	2.0015672833333332E7
588    20040823	2.0017006866666667E7
588    20040903	2.0018343466666665E7
588    20041010	2.0019677066666666E7
588    20041027	2.0021007833333332E7
588    20041110	2.0022340933333334E7
588    20041121	2.00236743E7
588    20041202	2.0025010366666667E7
588    20050128	2.0026344566666666E7
588    20050207	2.0027681133333333E7
588    20050210	2.00290174E7
588    20050304	2.0030347466666665E7
588    20050321	2.00316713E7
588    20050322	2.0032994766666666E7
588    20050331	2.0034318466666665E7
588    20050403	2.00356416E7
588    20050405	2.0036964533333335E7
588    20050412	2.0038277633333333E7
588    20050419	2.00395844E7
588    20050723	2.00406046E7
588    20051023	2.0041632E7
588    20051110	2.0042655233333334E7
588    20060128	2.00439519E7
588    20060203	2.0044948433333334E7
588    20060215	2.0045942066666666E7
588    20060310	2.0046938766666666E7
588    20060418	2.00479356E7
588    20060518	2.0048928533333335E7
588    20061109	2.00499321E7
588    20061112	2.0050611566666666E7
588    20061123	2.0051288333333332E7
588    20061221	2.0051968266666666E7
588    20061223	2.00526456E7
588    20070228	2.0053619533333335E7
588    20070302	2.0054595366666667E7
588    20070627	2.0055579266666666E7
588    20080205	2.0056882066666666E7
588    20080714	2.0058199133333333E7
588    20080810	2.0059221866666667E7
588    20081028	2.0060249233333334E7
588    20081129	2.0061279866666667E7
588    20081130	2.00623074E7
588    20081210	2.0063337033333335E7
588    20090402	2.0064673033333335E7
588    20090413	2.00660091E7
588    20090414	2.00673428E7
588    20090422	2.00686767E7
588    20091020	2.00700303E7
588    20091107	2.0071386566666666E7
588    20100430	2.0073043466666665E7
588    20100516	2.0074693233333334E7
588    20101001	2.0076356266666666E7
588    20110127	2.00780229E7
588    20110219	2.00796901E7
588    20110228	2.00813572E7
588    20110422	2.00830276E7
588    20110429	2.0084694633333333E7
588    20110509	2.0086361E7
588    20110901	2.0088020733333334E7
588    20120629	2.0090004633333333E7
588    20121123	2.0092004633333333E7
588    20130103	2.00943007E7
588    20130218	2.0096600533333335E7
588    20130620	2.00986136E7
588    20140115	2.01009407E7
588    20140126	2.0103257333333332E7
588    20140721	2.0105274533333335E7
588    20150518	2.0107601333333332E7
588    20150609	2.0109927966666665E7
588    20150727	2.0112251266666666E7
588    20150813	2.0114574066666666E7
588    20150902	2.01168998E7
588    20151107	2.01192297E7
588    20151129	2.0121253933333334E7
588    20151230	2.0123281166666668E7
588    20160410	2.0125614366666667E7
588    20160416	2.01279475E7
588    20160507	2.0130263733333334E7
588    20160510	2.0132577166666668E7
588    20160524	2.01345803E7
588    20160608	2.0136583366666667E7
588    20160721	2.0138574033333335E7
588    20160801	2.0140263166666668E7
588    20160818	2.01419498E7
588    20160907	2.01436391E7
