589    19960902	1.9960703533333335E7
589    19960909	3.99214451E7
589    19960910	1.9960739E7
589    19960920	1.9960749333333332E7
589    19960921	3.99215295E7
589    19960925	1.99607802E7
589    19961007	1.99607932E7
589    19961012	1.9960806366666667E7
589    19961015	1.9960819566666666E7
589    19961016	1.9960832766666666E7
589    19961017	1.9960845966666665E7
589    19961019	1.99608592E7
589    19961020	1.9960869666666668E7
589    19961023	1.9960880133333333E7
589    19961026	1.99608905E7
589    19961027	1.9960900866666667E7
589    19961106	3.99218404E7
589    19961107	1.9960939166666668E7
589    19961108	1.99609494E7
589    19961115	1.9960959866666667E7
589    19961116	1.9960970166666668E7
589    19961120	3.99219708E7
589    19961122	1.9961000333333332E7
589    19961124	1.9961010133333333E7
589    19961216	1.9961023E7
589    19961229	1.9961036266666666E7
589    19970121	1.9961343566666666E7
589    19970131	1.9961650966666665E7
589    19970205	1.9961960833333332E7
589    19970417	1.9962277733333334E7
589    19970623	1.9962601166666668E7
589    19970708	1.99629274E7
589    19980201	1.9963570066666666E7
589    19980402	1.99642193E7
589    19980814	1.9964879533333335E7
589    19981002	1.9965545866666667E7
589    19981207	1.9966218933333334E7
589    19990928	1.9967216E7
589    19991002	1.99682155E7
589    19991003	1.9969214966666665E7
589    19991007	1.9970214533333335E7
589    19991012	1.9971214166666668E7
589    19991015	1.99722138E7
589    19991023	1.9973213666666668E7
589    19991115	1.9974213966666665E7
589    19991123	1.9975214533333335E7
589    19991213	1.9976218066666666E7
589    19991216	1.9977221666666668E7
589    19991217	1.9978225066666666E7
589    19991228	1.99792288E7
589    19991229	1.9980232433333334E7
589    20000107	1.9981532E7
589    20000117	1.9982831833333332E7
589    20000122	1.9984131766666666E7
589    20000131	1.9985428933333334E7
589    20000207	1.99867282E7
589    20000209	1.9987731133333333E7
589    20000219	1.9988734066666666E7
589    20000316	1.9989737766666666E7
589    20000401	1.9990737233333334E7
589    20000406	1.999173E7
589    20000424	1.9992720533333335E7
589    20000504	1.99933973E7
589    20000602	1.9994070633333333E7
589    20000803	1.9994736933333334E7
589    20000805	1.9995397033333335E7
589    20001003	1.99960569E7
589    20001104	1.99963961E7
589    20001108	1.9996732966666665E7
589    20001118	1.9997070133333333E7
589    20001119	1.99974072E7
589    20001120	1.9997744133333333E7
589    20001121	1.9998081E7
589    20001127	1.99984178E7
589    20001128	3.999783663333333E7
589    20001130	1.9999415633333333E7
589    20001209	1.9999748733333334E7
589    20001229	2.0000082466666665E7
589    20010130	2.0000712533333335E7
589    20010708	2.0001361833333332E7
589    20010717	2.00017155E7
589    20010815	2.00020721E7
589    20011016	2.0002435233333334E7
589    20011019	2.0002798166666668E7
589    20020418	2.0003471866666667E7
589    20020624	2.0004152366666667E7
589    20021208	2.0004852E7
589    20021228	2.0005549066666666E7
589    20030207	2.00065426E7
589    20030409	2.00075427E7
589    20030527	2.0008546133333333E7
589    20030706	2.0009552866666667E7
589    20030717	2.00105567E7
589    20030729	2.0011554233333334E7
589    20030827	2.0012554966666665E7
589    20030926	2.00135524E7
589    20030929	2.0014546566666666E7
589    20031022	2.00155437E7
589    20040216	2.0016846966666665E7
589    20040603	2.00181631E7
589    20040728	2.0019483366666667E7
589    20040903	2.0020809433333334E7
589    20040929	2.0022136166666668E7
589    20041010	2.0023465566666666E7
589    20041110	2.00247983E7
589    20041128	2.0026131566666666E7
589    20041202	2.0027464666666668E7
589    20050110	2.0029094033333335E7
589    20050207	2.0030429933333334E7
589    20050210	2.0031746666666668E7
589    20050211	2.0033063133333333E7
589    20050309	2.00343796E7
589    20050310	2.00356894E7
589    20050321	2.0036999466666665E7
589    20050322	4.007698246666667E7
589    20050411	2.0039959633333333E7
589    20050412	2.0040932433333334E7
589    20050416	2.0041606066666666E7
589    20050419	2.0042273066666666E7
589    20050518	2.0042939433333334E7
589    20050529	2.00436002E7
589    20051006	2.00442765E7
589    20051023	2.0044952966666665E7
589    20051110	2.0045629066666666E7
589    20051116	2.0046302066666666E7
589    20060116	2.0047274966666665E7
589    20060130	2.0048245233333334E7
589    20060203	2.0048911466666665E7
589    20060215	2.00495652E7
589    20060418	2.0050221533333335E7
589    20060517	2.0050875333333332E7
589    20060609	2.0051531333333332E7
589    20060717	2.0052188233333334E7
589    20060801	2.00528446E7
589    20060814	2.00535008E7
589    20061108	2.0054164333333332E7
589    20061208	2.0054534266666666E7
589    20061229	4.011017063333333E7
589    20070302	2.0055938666666668E7
589    20070703	2.0056618466666665E7
589    20080126	2.0057612333333332E7
589    20080205	2.0058608466666665E7
589    20080410	2.00596114E7
589    20080711	2.0060624366666667E7
589    20080810	2.0061637666666668E7
589    20081028	2.00626582E7
589    20081128	2.0063681933333334E7
589    20090124	2.0065005433333334E7
589    20090413	2.0066335266666666E7
589    20090420	2.0067664966666665E7
589    20091015	2.00689986E7
589    20091107	2.0070334733333334E7
589    20100126	2.00719686E7
589    20100430	2.00736124E7
589    20100516	2.0074959066666666E7
589    20101205	2.0076328233333334E7
589    20101215	2.00776953E7
589    20110222	2.00793622E7
589    20110429	2.0081029233333334E7
589    20110711	2.0082702366666667E7
589    20110901	2.0084378766666666E7
589    20120622	2.00863756E7
589    20120731	2.0088373266666666E7
589    20120808	2.0090373066666666E7
589    20121029	2.0092370433333334E7
589    20130205	2.0094670333333332E7
589    20130218	2.0096969966666665E7
589    20130902	2.00992924E7
589    20140126	2.0101619866666667E7
589    20140823	2.01039572E7
589    20141012	2.0105986733333334E7
589    20141206	2.01080201E7
589    20150203	2.0110346533333335E7
589    20150330	2.0112667166666668E7
589    20150424	2.0114987633333333E7
589    20150608	2.0117306966666665E7
589    20150701	2.0119626066666666E7
589    20150713	2.01216457E7
589    20150902	2.0123662E7
589    20150913	2.0125678433333334E7
589    20151013	2.0127678366666667E7
589    20151104	2.0129678266666666E7
589    20151109	2.01313777E7
589    20151110	2.0133067033333335E7
589    20151121	2.0134753866666667E7
589    20151129	2.0136418E7
589    20151205	2.0138084333333332E7
589    20160115	2.0139747433333334E7
589    20160410	2.0141413466666665E7
589    20160416	2.01430703E7
589    20160507	2.0144723833333332E7
589    20160508	2.0146053366666667E7
589    20160522	2.0147379733333334E7
589    20160524	2.01487036E7
589    20160608	2.01500229E7
589    20160717	2.0151039966666665E7
589    20160721	2.0152056733333334E7
589    20160816	2.0153053866666667E7
589    20160907	2.0153746566666666E7
589    20161006	2.0154419333333332E7
589    20161014	2.0155086066666666E7
