590    19960715	1.99605602E7
590    19960716	1.9960573066666666E7
590    19960717	1.9960583233333334E7
590    19960724	1.9960593566666666E7
590    19960726	1.9960603966666665E7
590    19960729	1.99606113E7
590    19960801	1.9960620966666665E7
590    19960807	1.99606308E7
590    19960813	1.9960640766666666E7
590    19960815	1.9960650666666668E7
590    19960816	1.9960660566666666E7
590    19960819	1.9960670566666666E7
590    19960826	1.99606807E7
590    19960830	1.9960690933333334E7
590    19960902	1.99607035E7
590    19960905	1.9960716066666666E7
590    19960906	1.9960726066666666E7
590    19960909	1.9960736033333335E7
590    19960910	1.9960745966666665E7
590    19960919	1.99607562E7
590    19960920	1.9960766366666667E7
590    19960921	3.992156313333333E7
590    19960924	1.99607968E7
590    19960925	1.9960806966666665E7
590    19960926	1.9960817133333333E7
590    19961003	1.9960829633333333E7
590    19961007	1.9960842233333334E7
590    19961012	1.9960852433333334E7
590    19961016	1.9960862666666668E7
590    19961017	1.9960872733333334E7
590    19961019	1.9960882833333332E7
590    19961020	1.9960892933333334E7
590    19961023	1.99609029E7
590    19961026	1.99609129E7
590    19961027	1.9960922833333332E7
590    19961029	1.9960930433333334E7
590    19961103	1.99609403E7
590    19961106	3.9921909833333336E7
590    19961107	1.9960969466666665E7
590    19961108	1.99609791E7
590    19961110	1.9960988566666666E7
590    19961115	1.9960998066666666E7
590    19961116	1.99610052E7
590    19961120	3.992203186666667E7
590    19961122	1.99610266E7
590    19961124	1.9961033733333334E7
590    19961125	1.99610406E7
590    19961129	1.9961047566666666E7
590    19961216	1.99610574E7
590    19961229	1.9961067666666668E7
590    19970121	3.9923055E7
590    19970127	1.9961987466666665E7
590    19970131	1.9962291733333334E7
590    19970205	1.9962598333333332E7
590    19970303	1.9962908033333335E7
590    19971114	1.9963244633333333E7
590    19980201	1.99638841E7
590    19980402	1.99645302E7
590    19980622	1.99651836E7
590    19980814	1.99658433E7
590    19981007	1.9966509333333332E7
590    19981207	1.9967182E7
590    19990727	1.9968171933333334E7
590    19991001	1.9969168533333335E7
590    19991012	1.99701654E7
590    19991015	1.9971162366666667E7
590    19991107	1.9972162366666667E7
590    19991123	1.9973162866666667E7
590    19991213	1.99741663E7
590    19991217	1.99751697E7
590    19991228	1.9976173433333334E7
590    19991229	1.9977177066666666E7
590    20000107	1.9978476633333333E7
590    20000108	1.9979776166666668E7
590    20000117	1.9981075933333334E7
590    20000131	1.9982376133333333E7
590    20000205	1.9983678666666668E7
590    20000406	1.9984985E7
590    20000424	1.99862915E7
590    20000425	1.9987301633333333E7
590    20000509	1.9988314566666666E7
590    20000731	1.99893347E7
590    20000803	1.99903571E7
590    20000805	1.99913771E7
590    20000811	1.9992394033333335E7
590    20001003	1.9993390333333332E7
590    20001104	1.99940871E7
590    20001120	1.99947777E7
590    20001202	1.99954637E7
590    20001209	1.9996143533333335E7
590    20001228	1.9996817566666666E7
590    20010113	1.99977811E7
590    20010122	1.99984276E7
590    20010715	1.9999084733333334E7
590    20011204	1.99997578E7
590    20011216	2.0000431166666668E7
590    20020117	2.0001398166666668E7
590    20020201	2.0002367433333334E7
590    20020418	2.0003340933333334E7
590    20020601	2.00043204E7
590    20030207	2.00056197E7
590    20030409	2.00069257E7
590    20030729	2.0007946433333334E7
590    20030929	2.00089738E7
590    20031002	2.00100033E7
590    20031217	2.00110395E7
590    20040301	2.0012376033333335E7
590    20040623	2.00137166E7
590    20040808	2.0015062733333334E7
590    20040820	2.0016409233333334E7
590    20041013	2.0017759366666667E7
590    20041128	2.0019105933333334E7
590    20041202	2.0020452566666666E7
590    20050110	2.0022096066666666E7
590    20050304	2.0023745833333332E7
590    20050305	2.0025389233333334E7
590    20050321	2.00270298E7
590    20050322	4.005897706666667E7
590    20050403	2.0031947E7
590    20050405	2.0033586233333334E7
590    20050416	2.0034929666666668E7
590    20050423	2.0036273033333335E7
590    20050501	2.0037599233333334E7
590    20050603	2.0038912533333335E7
590    20050608	2.00402256E7
590    20050923	2.0041252466666665E7
590    20051023	2.0042279866666667E7
590    20051122	2.0043303333333332E7
590    20060130	2.0044620966666665E7
590    20060203	2.0045620833333332E7
590    20060215	2.0046614366666667E7
590    20060217	2.00475973E7
590    20060411	2.0048580033333335E7
590    20060418	2.0049560566666666E7
590    20060527	2.0050537566666666E7
590    20060813	2.00512213E7
590    20060904	2.0051897333333332E7
590    20061108	2.0052574E7
590    20061229	2.00532543E7
590    20070302	2.00542306E7
590    20071110	2.005523E7
590    20080126	2.0056527466666665E7
590    20080205	2.0057530633333333E7
590    20080410	2.0058534166666668E7
590    20080623	2.0059544766666666E7
590    20080711	2.0060557766666666E7
590    20080810	2.0061574033333335E7
590    20081128	2.00626009E7
590    20090402	2.00639342E7
590    20090422	2.00652681E7
590    20091015	2.00666214E7
590    20091107	2.0067977533333335E7
590    20100430	2.0069641833333332E7
590    20100807	2.00713153E7
590    20100916	2.0072992233333334E7
590    20101214	2.00746686E7
590    20110127	2.0076638733333334E7
590    20110222	2.0078608733333334E7
590    20110306	2.0080281266666666E7
590    20110509	2.0081958133333333E7
590    20120310	2.00839613E7
590    20120502	2.00859708E7
590    20120609	2.00879774E7
590    20120622	2.00899842E7
590    20130404	2.0092313433333334E7
590    20140115	2.0094956833333332E7
590    20151230	2.00979677E7
590    20160507	2.0101281E7
