592    19960709	1.99605544E7
592    19960715	1.9960567233333334E7
592    19960716	1.99605773E7
592    19960717	1.9960587233333334E7
592    19960724	1.99605944E7
592    19960726	1.9960601566666666E7
592    19960729	1.99606088E7
592    19960801	1.9960618366666667E7
592    19960813	1.99606283E7
592    19960815	1.99606382E7
592    19960816	1.99606481E7
592    19960819	1.99606581E7
592    19960826	1.9960668233333334E7
592    19960830	1.99606785E7
592    19960902	1.9960691133333333E7
592    19960905	1.99607038E7
592    19960906	1.99607164E7
592    19960909	1.99607265E7
592    19960910	1.99607365E7
592    19960919	1.9960746733333334E7
592    19960921	3.99215243E7
592    19960924	1.9960777566666666E7
592    19960925	1.9960787833333332E7
592    19960926	1.9960798133333333E7
592    19961003	1.99608109E7
592    19961007	1.9960823766666666E7
592    19961012	1.9960836766666666E7
592    19961015	1.9960849666666668E7
592    19961016	1.9960862566666666E7
592    19961017	1.9960872833333332E7
592    19961020	1.9960883E7
592    19961023	1.9960893233333334E7
592    19961026	1.9960903533333335E7
592    19961027	1.9960913633333333E7
592    19961103	1.99609262E7
592    19961106	5.98828464E7
592    19961108	1.9960968466666665E7
592    19961110	1.9960978266666666E7
592    19961115	1.9960988133333333E7
592    19961116	1.99609978E7
592    19961120	3.99220222E7
592    19961122	1.9961021966666665E7
592    19961124	1.9961029233333334E7
592    19961125	1.9961036433333334E7
592    19961129	1.9961043733333334E7
592    19961216	1.9961053633333333E7
592    19961229	1.99610639E7
592    19970121	3.99230477E7
592    19970131	1.9961984E7
592    19970205	1.99622933E7
592    19970623	1.9962613966666665E7
592    19970708	1.9962937333333332E7
592    19980402	1.9963583666666668E7
592    19980610	1.9964236833333332E7
592    19980718	1.9964893566666666E7
592    19981007	1.99655599E7
592    19981209	1.9966232866666667E7
592    19991015	1.99672326E7
592    19991115	1.9968235566666666E7
592    19991116	1.9969238533333335E7
592    19991211	1.9970242133333333E7
592    19991215	1.9971245766666666E7
592    19991216	1.9972249433333334E7
592    19991229	1.9973253533333335E7
592    20000103	1.9974553366666667E7
592    20000315	1.99758602E7
592    20000406	1.99771699E7
592    20000425	1.99784802E7
592    20000505	1.9979793033333335E7
592    20000509	1.9981106E7
592    20000520	1.9982419266666666E7
592    20000602	1.99837352E7
592    20000803	1.99850578E7
592    20000805	1.9986380333333332E7
592    20001120	1.9987710466666665E7
592    20001228	1.9989043766666666E7
592    20010122	1.9990377133333333E7
592    20010204	1.9991713233333334E7
592    20010717	1.99930661E7
592    20010815	1.9994419766666666E7
592    20020201	1.9996072366666667E7
592    20020624	1.9997736233333334E7
592    20030409	1.9999403133333333E7
592    20030516	2.0001066666666668E7
592    20031230	2.00027504E7
592    20040301	2.0004726866666667E7
592    20040312	2.0006696966666665E7
592    20040601	2.0008349833333332E7
592    20040726	2.0010003533333335E7
592    20040903	2.00116631E7
592    20041010	2.0013323066666666E7
592    20041031	2.00149836E7
592    20041110	2.0016646733333334E7
592    20041128	2.0018310033333335E7
592    20041202	2.001968E7
592    20050127	2.00213404E7
592    20050302	2.00230036E7
592    20050309	2.00246664E7
592    20050310	2.0026326566666666E7
592    20050322	4.005763406666667E7
592    20050401	2.0031307033333335E7
592    20050405	2.0032960433333334E7
592    20050416	2.0034614133333333E7
592    20050423	2.0036257566666666E7
592    20050529	2.0037900933333334E7
592    20050607	2.0039250433333334E7
592    20050608	2.0040597233333334E7
592    20050927	2.0041937566666666E7
592    20051023	2.0043277833333332E7
592    20051110	2.0044308133333333E7
592    20051122	2.0045324733333334E7
592    20060203	2.0046317866666667E7
592    20060215	2.0047307833333332E7
592    20060322	2.0048277566666666E7
592    20060330	2.00489452E7
592    20060418	2.00496154E7
592    20060526	2.0050279566666666E7
592    20060717	2.0050945933333334E7
592    20060725	2.0051606666666668E7
592    20061004	2.0052273133333333E7
592    20061108	2.0052942366666667E7
592    20061123	2.0053609466666665E7
592    20061229	4.010922656666667E7
592    20070228	2.00556171E7
592    20070302	2.0056283766666666E7
592    20070627	2.0056961033333335E7
592    20070703	2.00576408E7
592    20071110	2.0058333733333334E7
592    20080623	2.0059343766666666E7
592    20080628	2.0060351333333332E7
592    20080711	2.0061361533333335E7
592    20080714	2.0062371466666665E7
592    20080810	2.0063384366666667E7
592    20080814	2.0064393866666667E7
592    20081030	2.0065407966666665E7
592    20081128	2.00664253E7
592    20090124	2.0067731866666667E7
592    20090402	2.00690445E7
592    20090414	2.0070354633333333E7
592    20091014	2.0071684366666667E7
592    20091020	2.00727116E7
592    20110222	2.00743785E7
592    20110228	2.0076042033333335E7
592    20110306	2.00777079E7
592    20110429	2.0079374933333334E7
592    20110509	2.0081041033333335E7
592    20110901	2.0082713833333332E7
592    20111120	2.0084393666666668E7
592    20120801	2.00863869E7
592    20120805	2.00883768E7
592    20121203	2.0090379466666665E7
592    20130218	2.00926791E7
592    20140126	2.0095309E7
592    20141206	2.0097674933333334E7
592    20150919	2.0100362166666668E7
592    20151112	2.0103045E7
592    20151230	2.0105729233333334E7
592    20160123	2.0108696333333332E7
592    20160507	2.0111359133333333E7
592    20160816	2.0114032066666666E7
