593    19960729	1.9960618233333334E7
593    19960801	1.99606278E7
593    19960807	1.9960637533333335E7
593    19960813	1.9960647333333332E7
593    19960815	1.99606572E7
593    19960816	1.9960666966666665E7
593    19960822	1.9960676866666667E7
593    19960826	1.99606868E7
593    19960830	3.99214011E7
593    19960901	1.9960714133333333E7
593    19960902	1.9960723866666667E7
593    19960905	1.9960733633333333E7
593    19960906	1.9960743433333334E7
593    19960909	1.9960753266666666E7
593    19960910	1.9960763033333335E7
593    19960919	1.99607731E7
593    19960920	1.9960783133333333E7
593    19960921	3.9921596333333336E7
593    19960924	1.9960813233333334E7
593    19960925	1.9960823133333333E7
593    19960926	1.9960833033333335E7
593    19961003	1.9960842933333334E7
593    19961007	1.9960852866666667E7
593    19961012	1.9960862766666666E7
593    19961015	1.9960872733333334E7
593    19961016	1.99608827E7
593    19961017	1.9960892466666665E7
593    19961019	1.9960902233333334E7
593    19961020	1.9960911933333334E7
593    19961023	1.9960919333333332E7
593    19961103	1.99609292E7
593    19961116	1.99609393E7
593    19961124	1.99609496E7
593    19961216	3.9921939E7
593    19970121	3.99228815E7
593    19970131	1.9961905633333333E7
593    19970205	1.9962215766666666E7
593    19970303	1.9962529133333333E7
593    19971114	1.9962869433333334E7
593    19980201	1.99635126E7
593    19980402	1.9964162366666667E7
593    19980417	1.99648126E7
593    19980609	1.9965468933333334E7
593    19980814	1.9966132066666666E7
593    19981002	1.9966801433333334E7
593    19981207	1.9967477633333333E7
593    19990727	1.9968471066666666E7
593    19990928	1.9969471166666668E7
593    19990929	1.9970471266666666E7
593    19991001	1.99714712E7
593    19991004	3.994594193333333E7
593    19991007	3.9949940833333336E7
593    19991008	1.9976469966666665E7
593    19991012	1.9977469733333334E7
593    19991101	3.995794746666667E7
593    19991115	1.9980475433333334E7
593    19991123	1.9981475666666668E7
593    19991204	1.9982478333333332E7
593    19991210	1.9983478133333333E7
593    19991213	3.996965913333333E7
593    19991216	1.9985884266666666E7
593    19991229	1.9986587533333335E7
593    20000107	1.9987584266666666E7
593    20000122	1.9988578233333334E7
593    20000131	1.9989545466666665E7
593    20000209	1.99902124E7
593    20000219	1.9990872966666665E7
593    20000315	1.9991536233333334E7
593    20000407	1.9992196166666668E7
593    20000424	1.9992849833333332E7
593    20000425	1.9993497266666666E7
593    20000505	1.9994140533333335E7
593    20000602	1.99944697E7
593    20000612	1.99947925E7
593    20000702	1.9995118266666666E7
593    20000703	1.9995441666666668E7
593    20000731	5.99882703E7
593    20000803	1.99967408E7
593    20000805	1.9997067366666667E7
593    20000826	1.99973945E7
593    20001002	1.9997724533333335E7
593    20001010	1.9998054833333332E7
593    20001016	1.9998384866666667E7
593    20001105	1.99987176E7
593    20001108	1.9999047733333334E7
593    20001114	1.9999377866666667E7
593    20001116	1.9999707966666665E7
593    20001118	2.0000038133333333E7
593    20001120	8.000256296666667E7
593    20001127	2.00007982E7
593    20001209	2.0000831533333335E7
593    20001216	2.0000864766666666E7
593    20001224	2.0000895066666666E7
593    20010101	2.00012182E7
593    20010130	2.0001541733333334E7
593    20010225	2.00018684E7
593    20010610	2.0002205233333334E7
593    20010626	2.0002539366666667E7
593    20010715	2.0002876133333333E7
593    20010813	2.0003213166666668E7
593    20010815	2.0003550233333334E7
593    20011016	2.0003893066666666E7
593    20011019	2.0004236E7
593    20011228	2.00045859E7
593    20020203	2.0005232566666666E7
593    20020413	2.0005886166666668E7
593    20020414	2.00065391E7
593    20020418	2.00071863E7
593    20020419	2.0007833266666666E7
593    20020717	2.0008489966666665E7
593    20020820	2.0009147133333333E7
593    20021228	2.00098178E7
593    20030406	2.00107942E7
593    20030409	2.0011770633333333E7
593    20031230	2.0012774366666667E7
593    20040301	2.00140804E7
593    20040312	2.00153868E7
593    20040603	2.00167029E7
593    20040808	2.0018025833333332E7
593    20040903	2.00193517E7
593    20040921	2.0020675433333334E7
593    20041010	2.00220019E7
593    20041027	2.0023328666666668E7
593    20041110	2.00243623E7
593    20041128	2.0025395566666666E7
593    20041202	2.0026428133333333E7
593    20050128	2.00277454E7
593    20050207	2.0029064766666666E7
593    20050210	2.0030381266666666E7
593    20050304	2.0031697633333333E7
593    20050310	2.0033014133333333E7
593    20050321	2.00343243E7
593    20050322	6.011051343333333E7
593    20050328	2.0038938666666668E7
593    20050403	2.00399383E7
593    20050405	2.0040937866666667E7
593    20050412	2.0041937633333333E7
593    20050416	2.00429276E7
593    20050426	2.0043914466666665E7
593    20050530	2.00448912E7
593    20050603	2.0045564433333334E7
593    20050923	2.0046248233333334E7
593    20051023	2.0046908E7
593    20051111	2.0047268333333332E7
593    20060127	2.0047928833333332E7
593    20060130	2.0048579733333334E7
593    20060203	2.0049226233333334E7
593    20060215	2.0049869966666665E7
593    20060219	2.0050513233333334E7
593    20060310	2.0051156566666666E7
593    20060411	2.00518027E7
593    20060418	2.00524463E7
593    20060517	2.00530926E7
593    20060518	2.0053736466666665E7
593    20060526	2.0054083066666666E7
593    20060606	2.00544297E7
593    20060725	2.00547802E7
593    20060801	2.00551301E7
593    20060813	2.00554802E7
593    20060924	2.0055833633333333E7
593    20061108	2.0056193166666668E7
593    20061109	2.0056552733333334E7
593    20061113	2.0056912433333334E7
593    20061229	4.011491246666667E7
593    20070228	2.0058297433333334E7
593    20070407	2.0058963933333334E7
593    20070703	2.0059640166666668E7
593    20080126	2.0060630166666668E7
593    20080205	2.0061619333333332E7
593    20080415	2.0062613066666666E7
593    20080623	2.0063603066666666E7
593    20080701	2.0064592333333332E7
593    20080711	2.0065579E7
593    20080727	2.0066265666666668E7
593    20080810	2.0066955E7
593    20080814	2.0067642033333335E7
593    20081128	2.0068339133333333E7
593    20081130	2.0069036166666668E7
593    20081210	2.0069732833333332E7
593    20090402	2.0070732533333335E7
593    20090405	2.00717321E7
593    20090413	2.0072728633333333E7
593    20090414	2.0073725166666668E7
593    20091020	2.0074741633333333E7
593    20100118	2.00760587E7
593    20100420	2.0077381866666667E7
593    20100430	2.0078702833333332E7
593    20100516	2.0080026266666666E7
593    20100807	2.00813557E7
593    20100808	2.0082679033333335E7
593    20100829	2.0084003033333335E7
593    20100916	2.00853298E7
593    20101207	2.00866624E7
593    20110127	2.0088292333333332E7
593    20110228	2.0089625666666668E7
593    20110306	2.0090955633333333E7
593    20110429	2.0092279833333332E7
593    20110711	2.0093299333333332E7
593    20110901	2.0094322533333335E7
593    20111015	2.0095342533333335E7
593    20111124	2.0096359233333334E7
593    20120502	2.0097685933333334E7
593    20120622	2.00990163E7
593    20120626	2.0100346266666666E7
593    20120719	2.0101676566666666E7
593    20120731	2.0103007133333333E7
593    20121205	2.0104343033333335E7
593    20130204	2.0105978833333332E7
593    20130218	2.0107612433333334E7
593    20130404	2.0108945833333332E7
593    20130601	2.01102857E7
593    20130902	2.0111635333333332E7
593    20130927	2.0112985766666666E7
593    20140126	2.0114622633333333E7
593    20140213	2.0115959133333333E7
593    20140421	2.01172925E7
593    20140825	2.0118639E7
593    20141116	2.0119992333333332E7
593    20141206	2.0121338966666665E7
593    20141219	2.0122686E7
593    20150105	2.0124328533333335E7
593    20150217	2.01259719E7
593    20150224	2.01276058E7
593    20150304	2.0128945033333335E7
593    20150330	2.0130281766666666E7
593    20150522	2.01316223E7
593    20150523	2.0132958766666666E7
593    20150609	2.01342887E7
593    20150701	2.0135615366666667E7
593    20150709	2.01369385E7
593    20150711	2.0138258066666666E7
593    20150713	2.01392651E7
593    20150714	2.0140268166666668E7
593    20150715	2.0141271133333333E7
593    20150719	2.0142271133333333E7
593    20150720	2.0143270766666666E7
593    20150726	2.01442548E7
593    20150731	2.0144939033333335E7
593    20150921	2.0145629133333333E7
593    20151002	2.0146315733333334E7
593    20151013	2.0146996133333333E7
593    20151123	2.0147670166666668E7
593    20151205	2.01483461E7
593    20151230	2.0148716233333334E7
593    20160115	2.0149379633333333E7
593    20160330	2.0150043266666666E7
593    20160410	2.01506961E7
593    20160416	2.0151339433333334E7
593    20160427	2.0151980133333333E7
593    20160507	2.0152623066666666E7
593    20160508	2.0152969833333332E7
593    20160516	2.0153313133333333E7
593    20160608	2.0153659266666666E7
593    20160626	4.030834986666667E7
593    20160717	2.0154686366666667E7
593    20160728	2.0155026533333335E7
593    20160816	2.0155366766666666E7
593    20161006	2.0155710266666666E7
