59315    20110429	2.0091336833333332E7
59315    20110509	2.0092336766666666E7
59315    20110711	2.00933434E7
59315    20110901	2.0094352833333332E7
59315    20111124	2.00953666E7
59315    20120501	2.0096692833333332E7
59315    20120609	2.0098022466666665E7
59315    20120731	2.00993462E7
59315    20121029	2.0100679566666666E7
59315    20121110	2.01020123E7
59315    20130218	2.01036486E7
59315    20131212	2.0105314866666667E7
59315    20140618	2.01069987E7
59315    20140908	2.0108691266666666E7
59315    20150105	2.0110688066666666E7
59315    20150203	2.01126844E7
59315    20150226	2.01146713E7
59315    20150306	2.0116647666666668E7
59315    20150424	2.01186278E7
59315    20150522	2.01206083E7
59315    20150523	2.01222882E7
59315    20150711	2.0123967666666668E7
59315    20150823	2.0125648366666667E7
59315    20150917	2.01273316E7
59315    20150921	2.0129011766666666E7
59315    20150927	2.01306921E7
59315    20151013	2.0132359E7
59315    20151103	2.0134022266666666E7
59315    20151104	2.01356855E7
59315    20151111	2.0137051633333333E7
59315    20151129	2.01384083E7
59315    20160207	2.01400649E7
59315    20160416	2.0141721733333334E7
59315    20160427	2.01433726E7
59315    20160507	2.01450187E7
59315    20160524	2.01463528E7
59315    20160608	2.01476861E7
59315    20160626	4.0299351766666666E7
59315    20160721	2.01516562E7
59315    20160723	2.0152673033333335E7
59315    20160729	2.0153656933333334E7
59315    20160816	2.01543302E7
59315    20160907	2.0154996833333332E7
59315    20161006	2.01553602E7
59315    20161014	2.0155720566666666E7
