594    19991216	1.9969486666666668E7
594    19991228	1.9970510166666668E7
594    20000207	1.99718328E7
594    20000321	1.9973156266666666E7
594    20000406	1.9974479266666666E7
594    20000505	1.9975802233333334E7
594    20000510	1.9977125033333335E7
594    20000802	1.9978457433333334E7
594    20001120	1.9979797433333334E7
594    20001207	1.99811402E7
594    20001221	1.9982483366666667E7
594    20010618	1.99841372E7
594    20010709	1.9985793533333335E7
594    20011019	1.9987460166666668E7
594    20011216	1.9989133266666666E7
594    20020201	1.99911031E7
594    20020418	1.9993079833333332E7
594    20030307	1.9995382433333334E7
594    20030517	1.9997395633333333E7
594    20030717	1.99994155E7
594    20030919	2.00014393E7
594    20040808	2.0003775966666665E7
594    20040823	2.0006096166666668E7
594    20050322	2.0008433533333335E7
594    20050723	2.0010777066666666E7
594    20060203	2.0013429966666665E7
594    20060418	2.0015740533333335E7
594    20061211	2.00180772E7
594    20070301	2.0020713533333335E7
594    20080714	2.00236969E7
594    20080810	2.0026683366666667E7
594    20090131	2.0029980133333333E7
594    20090413	2.0032987E7
594    20090414	2.00359901E7
594    20090528	2.0038994166666668E7
594    20090614	2.00419978E7
594    20091017	2.00450147E7
594    20110127	2.0048658866666667E7
594    20110307	2.0052298433333334E7
594    20110901	2.00559549E7
594    20120622	2.0059934933333334E7
594    20160507	2.0064931233333334E7
