595    19960729	1.9960578E7
595    19960801	1.99605909E7
595    19960802	1.9960603833333332E7
595    19960813	1.9960616966666665E7
595    19960815	1.9960627166666668E7
595    19960816	1.9960637333333332E7
595    19960822	1.9960647666666668E7
595    19960826	1.9960658033333335E7
595    19960902	1.99606708E7
595    19960905	1.9960683666666668E7
595    19960910	1.99606966E7
595    19960919	1.9960709833333332E7
595    19960920	1.9960723066666666E7
595    19960921	1.9960736266666666E7
595    19960924	1.9960749466666665E7
595    19960925	1.9960762633333333E7
595    19960926	1.9960773333333332E7
595    19961003	1.9960786566666666E7
595    19961007	1.99607998E7
595    19961012	1.9960813033333335E7
595    19961015	1.99608263E7
595    19961016	1.99608396E7
595    19961017	1.9960852866666667E7
595    19961019	1.9960866166666668E7
595    19961020	1.9960879233333334E7
595    19961023	1.99608897E7
595    19961026	1.9960900033333335E7
595    19961027	1.9960910366666667E7
595    19961106	3.992185886666667E7
595    19961108	1.99609484E7
595    19961110	1.99609587E7
595    19961116	1.9960969166666668E7
595    19961120	1.99609794E7
595    19961122	1.9960989633333333E7
595    19961125	1.9960999933333334E7
595    19961216	1.9961013066666666E7
595    19961229	1.99610265E7
595    19970121	3.99229748E7
595    19970131	1.9961948366666667E7
595    19970205	1.99622579E7
595    19970303	1.9962570666666668E7
595    19970708	1.99628969E7
595    19971120	1.9963236766666666E7
595    19980201	1.99638793E7
595    19980417	1.9964529E7
595    19980616	1.9965182766666666E7
595    19981207	1.99658561E7
595    19990727	1.99668466E7
595    19990928	1.99678437E7
595    19991003	1.9968843266666666E7
595    19991101	1.9969846066666666E7
595    19991111	1.9970849133333333E7
595    19991211	1.99718555E7
595    19991213	1.9972861833333332E7
595    19991216	1.9973868166666668E7
595    19991228	1.9974874866666667E7
595    19991230	1.9975879E7
595    20000117	1.9977179366666667E7
595    20000122	1.9978479833333332E7
595    20000126	1.9979780366666667E7
595    20000321	1.99810872E7
595    20000406	1.9982396733333334E7
595    20000424	1.99837068E7
595    20000504	1.9985019433333334E7
595    20000802	1.9986338966666665E7
595    20001108	1.9987668266666666E7
595    20001120	1.9988701566666666E7
595    20001129	1.9989735166666668E7
595    20001202	1.9990770866666667E7
595    20001206	1.9991804233333334E7
595    20010102	1.9993130866666667E7
595    20010204	1.99944474E7
595    20010618	1.9995764E7
595    20020201	1.9997097333333332E7
595    20020413	1.9998430533333335E7
595    20020425	1.99997575E7
595    20030307	2.0001394166666668E7
595    20030406	2.00027168E7
595    20030409	2.0004032833333332E7
595    20030513	2.0005349833333332E7
595    20031230	2.0006687466666665E7
595    20040726	2.00083413E7
595    20040823	2.0009995033333335E7
595    20041010	2.0011654933333334E7
595    20041031	2.0013315433333334E7
595    20041110	2.0014978166666668E7
595    20041202	2.00166439E7
595    20050110	2.0018310333333332E7
595    20050321	2.0019983633333333E7
595    20050322	2.0021656833333332E7
595    20050723	2.00233369E7
595    20060203	2.0025330133333333E7
595    20060208	2.0027322933333334E7
595    20060215	2.00293133E7
595    20060310	2.00312969E7
595    20060418	2.00332739E7
595    20060518	2.0035253833333332E7
595    20060525	2.00372337E7
595    20060526	2.0039211166666668E7
595    20060820	2.00411983E7
595    20061111	2.00428986E7
595    20061112	2.0044595533333335E7
595    20070228	2.0046582533333335E7
595    20070302	2.0048252566666666E7
595    20070813	2.0049932566666666E7
595    20080205	2.0051925233333334E7
595    20080618	2.0053602266666666E7
595    20080714	2.00552792E7
595    20080810	2.0056959233333334E7
595    20081028	2.0058643066666666E7
595    20081128	2.0060306333333332E7
595    20081130	2.0061653133333333E7
595    20081210	2.0062999366666667E7
595    20090101	2.0064635733333334E7
595    20090402	2.0066281433333334E7
595    20090414	2.00679249E7
595    20090528	2.00695691E7
595    20100327	2.0071243E7
595    20100626	2.0072919833333332E7
595    20100924	2.0074606566666666E7
595    20110127	2.00765867E7
595    20110228	2.00782542E7
595    20110307	2.0079924166666668E7
595    20110422	2.0081597733333334E7
595    20110429	2.0083268366666667E7
595    20110509	2.0084938066666666E7
595    20110901	2.00866175E7
595    20111124	2.0088304133333333E7
595    20120611	2.0090306966666665E7
595    20120629	2.00923006E7
595    20121111	2.00943006E7
595    20130218	2.0096604133333333E7
595    20130424	2.0098610666666668E7
595    20130620	2.0100621266666666E7
595    20140721	2.0102951533333335E7
595    20141116	2.01049819E7
595    20150609	2.0107314933333334E7
595    20150720	2.0109648466666665E7
595    20150727	2.0111979033333335E7
595    20160410	2.01146251E7
595    20160416	2.0117268033333335E7
595    20160507	2.0119913933333334E7
595    20160510	2.0122557266666666E7
595    20160721	2.0124911266666666E7
595    20160801	2.01272579E7
