5952    20040808	2.0032224933333334E7
5952    20040823	2.0032878366666667E7
5952    20040903	2.0033238033333335E7
5952    20040921	2.0033598266666666E7
5952    20040929	2.0033955666666668E7
5952    20041021	2.0034316133333333E7
5952    20041027	2.0034676733333334E7
5952    20041121	2.0035037366666667E7
5952    20041202	2.0035400666666668E7
5952    20050127	2.0036061366666667E7
5952    20050207	2.0036724466666665E7
5952    20050211	2.0037387666666668E7
5952    20050304	2.0038053833333332E7
5952    20050309	4.0078097666666664E7
5952    20050321	2.0040040666666668E7
5952    20050322	6.01240392E7
5952    20050401	2.00426471E7
5952    20050403	4.00872418E7
5952    20050413	2.0044588766666666E7
5952    20050419	2.0045228466666665E7
5952    20050426	2.0045868333333332E7
5952    20050514	2.0046211833333332E7
5952    20050518	2.0046555233333334E7
5952    20050723	2.0046898566666666E7
5952    20050904	2.00472445E7
5952    20050923	2.00475852E7
5952    20051023	2.00479257E7
5952    20051110	2.00482686E7
5952    20051116	2.0048609033333335E7
5952    20060128	2.0049249266666666E7
5952    20060130	2.00498893E7
5952    20060203	2.00505287E7
5952    20060305	2.00511713E7
5952    20060310	2.0051810933333334E7
5952    20060322	2.0052448266666666E7
5952    20060411	2.0052791066666666E7
5952    20060418	2.0053131433333334E7
5952    20060517	2.0053474966666665E7
5952    20060526	2.00538157E7
5952    20060719	2.00541627E7
5952    20060801	2.0054512433333334E7
5952    20060828	2.0054862666666668E7
5952    20061022	2.0055219333333332E7
5952    20061113	2.0055579033333335E7
5952    20061207	2.0055941866666667E7
5952    20061229	2.00563028E7
5952    20070301	2.0056966066666666E7
5952    20070518	2.0057636566666666E7
5952    20070627	2.0058310366666667E7
5952    20070703	2.00589865E7
5952    20070919	2.00596696E7
5952    20071110	2.0060356133333333E7
5952    20080126	2.0061343066666666E7
5952    20080203	2.0062325733333334E7
5952    20080205	2.0063302433333334E7
5952    20080415	2.00642855E7
5952    20080618	2.0065272E7
5952    20080623	2.0066255766666666E7
5952    20080627	2.0067239466666665E7
5952    20080701	2.0067925233333334E7
5952    20080711	2.0068611266666666E7
5952    20080714	2.0069294966666665E7
5952    20080810	2.0069978466666665E7
5952    20081028	2.0070669066666666E7
5952    20081130	2.0071362666666668E7
5952    20081210	2.0072055966666665E7
5952    20090124	2.0073046166666668E7
5952    20090209	2.00740359E7
5952    20090314	2.0075028833333332E7
5952    20090405	2.0076018366666667E7
5952    20090413	2.0077005433333334E7
5952    20090414	2.0077991633333333E7
5952    20090422	2.0078971633333333E7
5952    20091107	2.0079971433333334E7
5952    20100111	2.0081268233333334E7
5952    20100327	2.00825715E7
5952    20100420	2.0083575466666665E7
5952    20100430	2.0084572533333335E7
5952    20100516	2.0085568833333332E7
5952    20100517	2.0086562633333333E7
5952    20100807	2.00875589E7
5952    20100910	2.0088552233333334E7
5952    20101205	2.0089254866666667E7
5952    20101207	2.0089955E7
5952    20101215	2.0090655333333332E7
5952    20110119	2.0091645466666665E7
5952    20110127	2.00926291E7
5952    20110429	2.0093622633333333E7
5952    20110509	2.00946187E7
5952    20110531	2.0095613033333335E7
5952    20110624	2.0096610133333333E7
5952    20110901	2.0097616366666667E7
5952    20111027	2.00986236E7
5952    20120501	2.0099939366666667E7
5952    20120626	2.01012559E7
5952    20120719	2.0102572866666667E7
5952    20120731	2.01035931E7
5952    20121127	2.01046237E7
5952    20130205	2.01059534E7
5952    20130218	2.01072805E7
5952    20130404	2.0108613533333335E7
5952    20130419	2.0109947033333335E7
5952    20130424	2.0111280433333334E7
5952    20130620	2.0112597533333335E7
5952    20130902	2.01136239E7
5952    20140202	2.0114953066666666E7
5952    20140524	2.0116289866666667E7
5952    20140721	2.01176329E7
5952    20140823	2.0118976466666665E7
5952    20140826	2.01203201E7
5952    20140910	2.0121656866666667E7
5952    20141115	2.0122997033333335E7
5952    20141206	2.01243304E7
5952    20150203	2.01259636E7
5952    20150226	2.01275973E7
5952    20150424	2.01289408E7
5952    20150522	2.01302873E7
5952    20150523	2.0131623766666666E7
5952    20150609	2.0132960433333334E7
5952    20150611	2.0134296433333334E7
5952    20150709	2.01356326E7
5952    20150711	4.0275242E7
5952    20150715	2.0139289533333335E7
5952    20150823	2.01402961E7
5952    20150917	2.01413027E7
5952    20150921	2.0142309033333335E7
5952    20150927	2.0143302366666667E7
5952    20151013	2.0143995966666665E7
5952    20151103	2.0144692133333333E7
5952    20151104	4.0291453766666666E7
5952    20151107	2.0146761066666666E7
5952    20151121	2.0147444433333334E7
5952    20151129	2.0148118666666668E7
5952    20151205	2.0148485433333334E7
5952    20151230	2.01488423E7
5952    20160215	2.01494921E7
5952    20160410	2.0150145E7
5952    20160416	2.0150798E7
5952    20160427	2.0151448566666666E7
5952    20160507	2.0152094966666665E7
5952    20160508	2.0152738366666667E7
5952    20160511	2.0153081966666665E7
5952    20160608	2.0153428033333335E7
5952    20160626	4.0307873E7
5952    20160721	2.0154444833333332E7
5952    20160723	2.0154781966666665E7
5952    20160801	2.0155121633333333E7
5952    20160816	2.0155458533333335E7
5952    20160907	2.01557984E7
5952    20161005	2.0156141533333335E7
5952    20161006	2.0156484566666666E7
5952    20161014	2.0156824266666666E7
