596    20001119	1.99800659E7
596    20001120	1.9981419133333333E7
596    20010618	1.99830888E7
596    20010717	1.99847588E7
596    20011019	1.9986432233333334E7
596    20020201	1.99884114E7
596    20020418	1.9990397666666668E7
596    20030324	1.9992711466666665E7
596    20030517	1.99950283E7
596    20030520	1.9997344866666667E7
596    20030730	1.9999665333333332E7
596    20040726	2.00023186E7
596    20040921	2.00046786E7
596    20050211	2.0007345466666665E7
596    20050321	2.0009999233333334E7
596    20050323	2.0012329433333334E7
596    20050401	2.00146558E7
596    20050723	2.0016642866666667E7
596    20060203	2.00189426E7
596    20070228	2.0021576333333332E7
596    20080719	2.0024559533333335E7
596    20080810	2.0027545533333335E7
596    20081212	2.0030248933333334E7
596    20090131	2.00332464E7
596    20090414	2.00362495E7
596    20090603	2.0039256066666666E7
596    20090701	2.00422626E7
596    20091017	2.00452794E7
596    20110127	2.0048929866666667E7
596    20110630	2.00525908E7
596    20120622	2.0056574233333334E7
596    20120629	2.0060557866666667E7
596    20130424	2.00645514E7
596    20150611	2.0069214533333335E7
596    20160115	2.00741844E7
596    20160507	2.0078861266666666E7
596    20160510	2.0083531E7
