597    19961003	1.99607725E7
597    19961007	1.9960788633333333E7
597    19961012	1.99608047E7
597    19961015	1.9960818333333332E7
597    19961019	1.9960831966666665E7
597    19961020	1.9960845533333335E7
597    19961023	1.9960859066666666E7
597    19961026	1.9960872533333335E7
597    19961027	1.9960883233333334E7
597    19961103	1.9960896366666667E7
597    19961106	3.99218317E7
597    19961107	1.99609351E7
597    19961108	1.9960947733333334E7
597    19961115	1.99609582E7
597    19961116	1.9960968666666668E7
597    19961120	1.99609791E7
597    19961122	1.9960989333333332E7
597    19961124	1.99609996E7
597    19961216	1.99610126E7
597    19970121	3.99229543E7
597    19970127	1.9961941866666667E7
597    19970131	1.9962249533333335E7
597    19970205	1.9962559633333333E7
597    19970303	1.9962872766666666E7
597    19980622	1.9963529833333332E7
597    19981207	1.9964206033333335E7
597    19991012	1.9965208966666665E7
597    19991213	1.9966218566666666E7
597    19991216	1.9967225666666668E7
597    19991226	1.9968232966666665E7
597    20000219	1.9969539866666667E7
597    20000317	1.9970849933333334E7
597    20000402	1.99721627E7
597    20000406	1.9973475566666666E7
597    20000425	1.9974788966666665E7
597    20000504	1.99761049E7
597    20000510	1.9977421E7
597    20000602	1.9978737633333333E7
597    20001002	1.99800675E7
597    20001104	1.9981400766666666E7
597    20001114	1.9982734333333332E7
597    20001117	1.9984067966666665E7
597    20001121	1.99854015E7
597    20001208	1.99867379E7
597    20001209	1.99880742E7
597    20010130	1.99897078E7
597    20010618	1.99913576E7
597    20020412	1.99933308E7
597    20020418	1.9995007366666667E7
597    20030324	1.9997014133333333E7
597    20030406	1.9999023433333334E7
597    20030409	2.00010327E7
597    20040214	2.0003366333333332E7
597    20040601	2.00057096E7
597    20040808	2.00077158E7
597    20040820	2.00097029E7
597    20041010	2.00113695E7
597    20041012	2.0013029466666665E7
597    20041027	2.0014689833333332E7
597    20041110	2.0016352633333333E7
597    20041121	2.0017716033333335E7
597    20050321	2.0019382833333332E7
597    20050322	2.0021046833333332E7
597    20050331	2.0022711E7
597    20050405	2.0024377E7
597    20050416	2.0026040733333334E7
597    20050501	2.00277071E7
597    20050505	2.0029370533333335E7
597    20050603	2.00310239E7
597    20051023	2.0032687866666667E7
597    20051116	2.00343546E7
597    20060130	2.00363217E7
597    20060203	2.00382911E7
597    20060215	2.0040258E7
597    20060411	2.00422314E7
597    20060418	2.0043907666666668E7
597    20060609	2.0045574033333335E7
597    20060623	2.00469144E7
597    20061111	2.0048270833333332E7
597    20061112	2.00492971E7
597    20061123	2.0050321E7
597    20061229	4.0103397166666664E7
597    20070302	2.0053038866666667E7
597    20070703	2.0054035366666667E7
597    20080126	2.0055345566666666E7
597    20080711	2.0056668933333334E7
597    20080810	2.0057995533333335E7
597    20081128	2.0059332233333334E7
597    20081130	2.0060666233333334E7
597    20081210	2.0062002533333335E7
597    20090124	2.00633293E7
597    20090402	2.00646653E7
597    20090413	2.0066001366666667E7
597    20090609	2.00673415E7
597    20090809	2.0068687933333334E7
597    20091020	2.0070038566666666E7
597    20100807	2.00717153E7
597    20110127	2.0073699433333334E7
597    20110222	2.0075672733333334E7
597    20110306	2.0077645733333334E7
597    20110509	2.0079325033333335E7
597    20110901	2.0081014966666665E7
597    20120502	2.0083024533333335E7
597    20120622	2.0085031566666666E7
597    20130218	2.0087358233333334E7
597    20130404	2.0089684733333334E7
597    20130424	2.0092011433333334E7
597    20140303	2.0094651166666668E7
597    20150611	2.0097634466666665E7
597    20150727	2.0100621266666666E7
597    20150814	2.0103607433333334E7
597    20160115	2.0106903633333333E7
597    20160330	2.0109904566666666E7
597    20160410	2.01128948E7
597    20160507	2.0115574166666668E7
