5989    20050426	2.00402448E7
5989    20050503	2.0041220566666666E7
5989    20050704	2.0041903733333334E7
5989    20051023	2.0042590966666665E7
5989    20051110	2.0043277533333335E7
5989    20051204	2.0043964E7
5989    20051213	2.00446503E7
5989    20060130	2.0045630866666667E7
5989    20060215	2.0046610733333334E7
5989    20060327	2.0047590666666668E7
5989    20060418	2.0048573633333333E7
5989    20060517	2.00495568E7
5989    20060526	2.0050533966666665E7
5989    20060724	2.00512142E7
5989    20060731	2.0051894233333334E7
5989    20060905	2.0052566866666667E7
5989    20061207	2.0053246333333332E7
5989    20061229	2.0053919733333334E7
5989    20071110	2.0054919333333332E7
5989    20080126	2.0055919866666667E7
5989    20080205	2.0056922433333334E7
5989    20080618	2.00579329E7
5989    20080627	2.0058943466666665E7
5989    20081028	2.0059967E7
5989    20081128	2.0060993866666667E7
5989    20081210	2.0062023466666665E7
5989    20081227	2.00630536E7
5989    20090209	2.0064380533333335E7
5989    20090606	2.0065720633333333E7
5989    20090609	2.00670605E7
5989    20100219	2.0068720266666666E7
5989    20100516	2.0070387366666667E7
5989    20100610	2.00720509E7
5989    20100829	2.00737111E7
5989    20101207	2.0075381E7
5989    20110127	2.00773451E7
5989    20110222	2.0079312066666666E7
5989    20110307	2.0080984633333333E7
5989    20110509	2.00826611E7
5989    20110901	2.00843469E7
5989    20120310	2.00863433E7
5989    20120501	2.0088342766666666E7
5989    20120611	2.00903456E7
5989    20120626	2.0092342333333332E7
5989    20121005	2.0094351466666665E7
5989    20121029	2.00963556E7
5989    20121114	2.00983525E7
5989    20130621	2.0100665566666666E7
5989    20130902	2.0102658633333333E7
5989    20140202	2.0104661166666668E7
5989    20140303	2.0106664433333334E7
5989    20140421	2.0108657866666667E7
5989    20140910	2.01106673E7
5989    20150304	2.01129765E7
5989    20150424	2.0115286366666667E7
5989    20150612	2.0117599766666666E7
5989    20150714	2.0119916E7
5989    20150715	2.0121932866666667E7
5989    20150726	2.0123936866666667E7
5989    20150902	2.0125946633333333E7
5989    20150930	2.0127637E7
5989    20151103	2.0129323233333334E7
5989    20151109	2.0131006533333335E7
5989    20151230	2.0132686566666666E7
5989    20160115	2.0134650166666668E7
5989    20160427	2.0136326833333332E7
5989    20160508	2.0138003033333335E7
5989    20160728	2.0139683733333334E7
5989    20160816	2.0141360633333333E7
5989    20161005	2.0143030766666666E7
