5991    20060527	2.00398762E7
5991    20061229	2.00409137E7
5991    20070301	2.0042252833333332E7
5991    20080711	2.0043936266666666E7
5991    20081130	2.00456334E7
5991    20081210	2.0047330333333332E7
5991    20090313	2.0049330566666666E7
5991    20090414	2.00513339E7
5991    20091015	2.0053357133333333E7
5991    20101207	2.0055717166666668E7
5991    20110127	2.0058374366666667E7
5991    20110306	2.0061034133333333E7
5991    20111208	2.0063710333333332E7
5991    20120522	2.0066696866666667E7
5991    20120622	2.00696766E7
5991    20130127	2.0072670733333334E7
5991    20150715	2.0076336966666665E7
5991    20150930	2.00800072E7
5991    20151109	2.0083680066666666E7
5991    20160215	2.0087653566666666E7
5991    20160723	2.0091643433333334E7
5991    20160801	2.0095632766666666E7
