5995    20080810	2.0052014066666666E7
5995    20081210	2.00537173E7
5995    20090414	2.00557077E7
5995    20090809	2.0057710766666666E7
5995    20100420	2.00600338E7
5995    20100510	2.0062356833333332E7
5995    20110127	2.00649937E7
5995    20110306	2.0067633433333334E7
5995    20110624	2.0069960133333333E7
5995    20110711	2.00719737E7
5995    20110920	2.0073990933333334E7
5995    20120622	2.0076331133333333E7
5995    20120805	2.00786746E7
5995    20121005	2.0081021333333332E7
5995    20121111	2.0083368333333332E7
5995    20130620	2.00860314E7
5995    20130902	2.0088698E7
5995    20141206	2.0091701466666665E7
5995    20150219	2.00950051E7
5995    20150609	2.0098021166666668E7
5995    20150823	2.0101044266666666E7
5995    20150926	2.01040576E7
5995    20151102	2.0107070966666665E7
5995    20151103	2.01100805E7
5995    20151104	2.0113089633333333E7
5995    20151205	2.0116092733333334E7
5995    20160330	2.0119396833333332E7
5995    20160427	2.0122403533333335E7
5995    20160508	2.0125072966666665E7
5995    20160516	2.0127733466666665E7
5995    20160728	2.01303974E7
5995    20160813	2.0133050833333332E7
