6    19970131	1.99627696E7
6    19970205	1.9963098766666666E7
6    19970214	1.9963421933333334E7
6    19970215	1.9963745133333333E7
6    19970221	1.9964068333333332E7
6    19970303	1.99643884E7
6    19970318	1.99647088E7
6    19970324	1.9965026233333334E7
6    19970408	1.9965346E7
6    19970409	1.9965662666666668E7
6    19970417	1.9965979233333334E7
6    19970506	1.9966295866666667E7
6    19970623	1.9966616333333332E7
6    19970708	1.9966939633333333E7
6    19970716	1.9967262833333332E7
6    19970927	1.99675903E7
6    19970929	1.9967917733333334E7
6    19971203	1.9968253833333332E7
6    19980201	1.9968889866666667E7
6    19981002	1.9969552533333335E7
6    19981207	1.99702218E7
6    19991007	1.99712148E7
6    19991009	1.99722077E7
6    19991215	1.9973207266666666E7
6    19991229	1.9974207266666666E7
6    20000107	1.9975207233333334E7
6    20000306	1.9976213833333332E7
6    20000425	1.9977224366666667E7
6    20000504	1.9978237133333333E7
6    20000602	1.9979253033333335E7
6    20001104	1.9980285466666665E7
6    20001108	1.9981315566666666E7
6    20001121	1.99823458E7
6    20001128	1.9983376233333334E7
6    20001209	1.9984409166666668E7
6    20010709	1.9985756033333335E7
6    20020316	1.9987422633333333E7
6    20020624	1.99890993E7
6    20020717	1.9990776266666666E7
6    20021218	1.99924699E7
6    20040330	1.9994800333333332E7
6    20040526	1.9997134333333332E7
6    20040728	1.9999471166666668E7
6    20041110	2.00018179E7
6    20050128	2.0004464966666665E7
6    20050304	2.0007110866666667E7
6    20050309	2.0009756866666667E7
6    20050321	2.0012394133333333E7
6    20050322	2.00147315E7
6    20050323	2.00170422E7
6    20050923	2.0019366066666666E7
6    20051006	2.0021366033333335E7
6    20051023	2.00233665E7
6    20060130	2.0025663666666668E7
6    20060527	2.00279736E7
6    20060604	2.0029990166666668E7
6    20060821	2.0032007333333332E7
6    20060824	2.0034020633333333E7
6    20061111	2.0036040866666667E7
6    20061229	2.0038061766666666E7
6    20080126	2.0040695833333332E7
6    20080301	2.00433356E7
6    20090124	2.0046302366666667E7
6    20110127	2.0049935666666668E7
6    20110901	2.0053592066666666E7
6    20120502	2.0057251833333332E7
6    20120521	2.0060592E7
6    20140303	2.00645813E7
6    20140501	2.00685741E7
6    20140910	2.0072563833333332E7
6    20141206	2.0075926366666667E7
6    20150917	2.0079606066666666E7
6    20151103	2.0083285233333334E7
6    20160519	2.0087265533333335E7
6    20160816	2.0090955133333333E7
