60069    20110711	2.0095274666666668E7
60069    20110919	2.0096284366666667E7
60069    20111211	2.0097301033333335E7
60069    20120221	2.0098617766666666E7
60069    20120501	2.00999438E7
60069    20120622	2.01012636E7
60069    20120626	2.01025802E7
60069    20120719	2.0103897066666666E7
60069    20121113	4.021148706666667E7
60069    20130218	2.0107597333333332E7
60069    20130620	2.01089472E7
60069    20130630	2.0110294566666666E7
60069    20130908	2.0111627266666666E7
60069    20140114	2.0113263933333334E7
60069    20141116	2.01149338E7
60069    20141206	2.0116296733333334E7
60069    20150105	2.0117955933333334E7
60069    20150203	2.0119615366666667E7
60069    20150226	2.0121275233333334E7
60069    20150304	2.0122925133333333E7
60069    20150523	2.01245816E7
60069    20150608	2.0126237766666666E7
60069    20150709	2.0127887833333332E7
60069    20150710	2.0129241466666665E7
60069    20150711	2.0130595033333335E7
60069    20150715	2.0131948233333334E7
60069    20150726	2.0133301533333335E7
60069    20150913	2.0134651E7
60069    20150927	2.0135998266666666E7
60069    20150930	2.01373389E7
60069    20151020	2.01386756E7
60069    20151104	2.0140005366666667E7
60069    20151107	2.01410349E7
60069    20151108	2.0142055133333333E7
60069    20151112	2.0143071466666665E7
60069    20151205	2.0144090766666666E7
60069    20151207	2.0145107033333335E7
60069    20160215	2.0146410433333334E7
60069    20160415	2.01477205E7
60069    20160416	2.01487271E7
60069    20160427	2.0149720666666668E7
60069    20160507	2.0150716566666666E7
60069    20160508	2.0151703233333334E7
60069    20160721	2.0152390133333333E7
60069    20160723	2.01530437E7
60069    20160729	2.0153694466666665E7
