6016    20091013	2.00612583E7
6016    20100402	2.00635847E7
6016    20100430	2.00655919E7
6016    20100506	2.0067581433333334E7
6016    20100829	2.0069581666666668E7
6016    20100902	2.0071578166666668E7
6016    20101207	2.0073581233333334E7
6016    20110516	2.0075590966666665E7
6016    20110624	2.00776011E7
6016    20110806	2.0079617233333334E7
6016    20110813	2.0081633566666666E7
6016    20111015	2.00836532E7
6016    20120120	2.0085959766666666E7
6016    20120731	2.0088277333333332E7
6016    20120818	2.0090300366666667E7
6016    20121005	2.00923296E7
6016    20121110	2.0094362266666666E7
6016    20130829	2.00967057E7
6016    20140712	2.0099368966666665E7
6016    20140823	2.01020355E7
6016    20141206	2.01047148E7
6016    20150203	2.01073714E7
6016    20150224	2.01100221E7
6016    20150424	2.0112356033333335E7
6016    20150501	2.0114691933333334E7
6016    20150609	2.01170113E7
6016    20150701	2.0119331E7
6016    20150715	2.01213507E7
6016    20150823	2.01233677E7
6016    20151102	2.0125390633333333E7
6016    20151103	2.0127393633333333E7
6016    20151108	2.0129083833333332E7
6016    20151111	2.01307732E7
6016    20151205	2.0132463166666668E7
6016    20160101	2.01344389E7
6016    20160516	2.0136426033333335E7
6016    20160626	2.0138406666666668E7
6016    20160728	2.01400804E7
6016    20160816	2.0141753466666665E7
6016    20160824	2.0143420733333334E7
