608    19970214	1.99642819E7
608    19970215	1.99646114E7
608    19970221	1.9964938366666667E7
608    19970303	1.99652645E7
608    19970317	1.9965588066666666E7
608    19970329	1.9965908833333332E7
608    19970408	1.9966231866666667E7
608    19970409	1.9966551633333333E7
608    19970413	1.9966868566666666E7
608    19970417	1.99671855E7
608    19970426	1.99675027E7
608    19970506	1.9967819266666666E7
608    19970519	1.9968136166666668E7
608    19970621	1.9968453333333332E7
608    19970623	1.99687705E7
608    19970708	1.9969090233333334E7
608    19970928	1.9969417166666668E7
608    19971108	1.9969749966666665E7
608    19971114	1.9970079833333332E7
608    19971203	1.99704123E7
608    19980101	1.99707454E7
608    19980201	1.99710818E7
608    19980616	1.9971431633333333E7
608    19980617	1.99717815E7
608    19981002	1.9972144166666668E7
608    19981007	1.9972507E7
608    19981209	1.9972876466666665E7
608    19990726	1.9973563066666666E7
608    19990928	3.99491984E7
608    19990929	1.9975635066666666E7
608    19991001	1.9976327933333334E7
608    19991002	1.9977020633333333E7
608    19991003	3.99561108E7
608    19991004	1.9979089333333332E7
608    19991007	1.9979775966666665E7
608    19991008	1.99804626E7
608    19991011	1.99811492E7
608    19991012	1.99818357E7
608    19991101	3.9965736233333334E7
608    19991115	1.99838979E7
608    19991204	1.9984584E7
608    19991211	3.997122396666667E7
608    19991213	5.99618999E7
608    19991216	1.99886371E7
608    19991229	1.9989008033333335E7
608    20000107	1.9989671566666666E7
608    20000108	1.99903213E7
608    20000207	1.99909743E7
608    20000209	3.998386913333333E7
608    20000219	1.9992888266666666E7
608    20000401	1.9993210766666666E7
608    20000402	1.9993526566666666E7
608    20000406	1.99938425E7
608    20000419	1.9994158833333332E7
608    20000424	1.9994472933333334E7
608    20000425	1.9994787033333335E7
608    20000505	1.9995103766666666E7
608    20000602	1.9995423733333334E7
608    20000603	1.99957437E7
608    20000703	1.99960669E7
608    20000731	3.9993106E7
608    20000803	1.9997041366666667E7
608    20000805	1.9997364833333332E7
608    20000826	1.9997689E7
608    20000903	1.9998015266666666E7
608    20000904	1.99983386E7
608    20001002	1.9998664966666665E7
608    20001010	1.99989916E7
608    20001108	1.9999321433333334E7
608    20001117	1.9999651566666666E7
608    20001118	1.9999981733333334E7
608    20001120	6.0001628766666666E7
608    20001121	2.00007091E7
608    20001209	2.00007425E7
608    20001216	2.0000776066666666E7
608    20001224	2.00008099E7
608    20010122	2.000114E7
608    20010130	2.00014643E7
608    20010225	2.0001791733333334E7
608    20010626	2.00021324E7
608    20010728	2.0002476033333335E7
608    20010815	2.00028224E7
608    20011016	2.0003175433333334E7
608    20020405	2.0003838766666666E7
608    20020413	2.0004499133333333E7
608    20021228	2.0005186633333333E7
608    20030409	2.0006176833333332E7
608    20030803	2.0007179233333334E7
608    20030929	4.001737586666667E7
608    20031114	2.0010200333333332E7
608    20031122	2.00112102E7
608    20031204	2.0012220233333334E7
608    20031230	2.00132311E7
608    20040114	2.0014534833333332E7
608    20040601	2.0015854533333335E7
608    20040726	2.0017175133333333E7
608    20040823	2.0018498666666668E7
608    20041010	2.00198284E7
608    20041027	2.0021158633333333E7
608    20041110	2.0022491633333333E7
608    20041202	2.00238277E7
608    20050128	2.0025461266666666E7
608    20050129	2.0027091933333334E7
608    20050310	2.00287284E7
608    20050320	2.0030364933333334E7
608    20050322	2.0031704933333334E7
608    20050403	2.0033047366666667E7
608    20050405	2.00343867E7
608    20050412	2.00357129E7
608    20050416	2.0037035833333332E7
608    20050426	2.00383562E7
608    20050904	2.00396858E7
608    20050923	2.0040703066666666E7
608    20051006	2.0041722833333332E7
608    20060130	2.0043019566666666E7
608    20060203	2.00440127E7
608    20060215	2.00449931E7
608    20060305	2.00459723E7
608    20060418	2.0046955266666666E7
608    20060518	2.00479354E7
608    20060526	2.0048915533333335E7
608    20060814	2.0049902533333335E7
608    20060817	2.0050888766666666E7
608    20060821	2.0051579E7
608    20060924	2.0052256433333334E7
608    20061229	4.010655993333333E7
608    20070302	2.0054596466666665E7
608    20070623	2.0055583E7
608    20070703	2.0056569433333334E7
608    20070707	2.0057552933333334E7
608    20080126	2.0058552866666667E7
608    20080623	2.0059569333333332E7
608    20081005	2.00605925E7
608    20081030	2.0061616166666668E7
608    20081128	2.0062643033333335E7
608    20090124	2.0063967066666666E7
608    20090402	2.00653003E7
608    20090414	2.00666337E7
608    20090609	2.0067973466666665E7
608    20091013	2.0069326366666667E7
608    20091116	2.0070666766666666E7
608    20100430	2.0072317E7
608    20100721	2.0073974166666668E7
608    20100807	2.0075330066666666E7
608    20100829	2.0076684266666666E7
608    20110127	2.0078348E7
608    20110222	2.00800119E7
608    20110306	2.0081674833333332E7
608    20110429	2.0083338533333335E7
608    20110624	2.0085008466666665E7
608    20110901	2.0086678033333335E7
608    20111015	2.00883513E7
608    20120502	2.0090340666666668E7
608    20120622	2.00923306E7
608    20120805	2.0094316466666665E7
608    20121020	2.00963095E7
608    20121111	2.0098003133333333E7
608    20121123	2.0099686466666665E7
608    20130205	2.0101669866666667E7
608    20130218	2.0103653566666666E7
608    20130601	2.0105336066666666E7
608    20140501	2.0107332E7
608    20140524	2.0109315966666665E7
608    20140712	2.0111305366666667E7
608    20141206	2.0113307966666665E7
608    20150224	2.01153113E7
608    20150611	2.0117318266666666E7
608    20150701	2.0119327833333332E7
608    20150715	2.0121331366666667E7
608    20150720	2.01233216E7
608    20151112	2.0125321466666665E7
608    20151123	2.0127011233333334E7
608    20151205	2.0128694033333335E7
608    20151212	2.01303742E7
608    20160207	2.0132353466666665E7
608    20160410	2.0134029566666666E7
608    20160416	2.01357027E7
608    20160427	2.01373734E7
608    20160507	2.0139042666666668E7
608    20160516	2.0140705733333334E7
608    20160717	2.0142366266666666E7
608    20160816	2.01440263E7
608    20161006	2.0145376433333334E7
