62    19970125	1.9962728266666666E7
62    19970131	1.9963052166666668E7
62    19970215	1.99633787E7
62    19970221	1.99637021E7
62    19970303	1.9964025E7
62    19970317	1.99643482E7
62    19970318	1.99646685E7
62    19970409	1.99649916E7
62    19970413	1.99653148E7
62    19970417	1.9965634733333334E7
62    19970426	1.9965954733333334E7
62    19970623	1.9966281166666668E7
62    19970708	1.9966608033333335E7
62    19970928	1.9966942E7
62    19971108	1.9967281466666665E7
62    19971114	1.9967620933333334E7
62    19971203	1.9967960733333334E7
62    19981207	1.9968633666666668E7
62    19991007	1.9969630033333335E7
62    19991012	1.9970626433333334E7
62    19991101	1.99716258E7
62    19991229	1.99726262E7
62    20000407	1.99739325E7
62    20000605	1.9975245233333334E7
62    20001002	1.9976571E7
62    20001121	1.9977604766666666E7
62    20001209	1.9978641433333334E7
62    20010130	1.9979975066666666E7
62    20010715	1.99813282E7
62    20020116	1.9982994666666668E7
62    20020201	1.9984663866666667E7
62    20030827	1.9986687066666666E7
62    20040808	1.9989040166666668E7
62    20040820	1.9991393466666665E7
62    20050125	1.99940542E7
62    20050128	1.9996714566666666E7
62    20050327	1.9999381533333335E7
62    20050405	2.0002048066666666E7
62    20050422	2.0004715033333335E7
62    20050603	2.00073879E7
62    20050723	2.0010064466666665E7
62    20060215	2.0013050866666667E7
62    20060418	2.00160412E7
62    20060525	2.0019027766666666E7
62    20061111	2.0022027866666667E7
62    20061221	2.0025031433333334E7
62    20070228	2.0028332266666666E7
62    20070703	2.0031315466666665E7
62    20080711	2.00343056E7
62    20081210	2.00373122E7
62    20090414	2.0040622633333333E7
62    20100807	2.0044275233333334E7
62    20110127	2.0047932566666666E7
62    20110307	2.00515893E7
62    20110509	2.0055239533333335E7
62    20131206	2.00595757E7
62    20151230	2.00645764E7
62    20160416	2.0069585933333334E7
