628    20001209	1.99809497E7
628    20010407	1.9982595933333334E7
628    20030406	1.9984902566666666E7
628    20030429	1.9987209266666666E7
628    20031204	1.9989541766666666E7
628    20040726	1.9991895666666668E7
628    20040802	1.99942517E7
628    20040820	1.99966083E7
628    20040921	1.9998967966666665E7
628    20050323	2.0001638566666666E7
628    20050403	2.00043115E7
628    20060130	2.0007308466666665E7
628    20060215	2.0010305533333335E7
628    20060220	2.0013302266666666E7
628    20060731	2.0016315833333332E7
628    20080205	2.0019972033333335E7
628    20081005	2.0023651433333334E7
628    20081226	2.0027018933333334E7
628    20110901	2.00313489E7
628    20141024	2.00363463E7
628    20150814	2.0041666233333334E7
