63082    20140826	2.0109921533333335E7
63082    20141206	2.0111624966666665E7
63082    20141219	2.01133284E7
63082    20150203	2.0115324833333332E7
63082    20150219	2.0117318066666666E7
63082    20150523	2.01193185E7
63082    20150612	2.01213219E7
63082    20150711	2.0123314733333334E7
63082    20150715	2.0125304766666666E7
63082    20150716	2.01269819E7
63082    20150727	2.01286588E7
63082    20150902	2.0130334733333334E7
63082    20150926	2.0131998433333334E7
63082    20151109	2.0133661833333332E7
63082    20151205	2.01350311E7
63082    20160115	2.0136691366666667E7
63082    20160216	2.0138350933333334E7
63082    20160330	2.01400049E7
63082    20160416	2.0141647966666665E7
63082    20160508	2.0142990866666667E7
63082    20160626	2.0144328366666667E7
63082    20160816	2.0145664533333335E7
63082    20160907	2.0147000833333332E7
