6333    20051110	2.0042243666666668E7
6333    20060203	2.00432337E7
6333    20060215	2.0044223733333334E7
6333    20060310	2.0045216733333334E7
6333    20060418	2.00462133E7
6333    20060518	2.0047210233333334E7
6333    20060526	2.0048204233333334E7
6333    20060721	2.0049204366666667E7
6333    20060924	2.0050210866666667E7
6333    20061110	2.00512169E7
6333    20061207	2.0052216166666668E7
6333    20061229	2.00529134E7
6333    20070228	2.00538968E7
6333    20080203	2.0055209466666665E7
6333    20080415	2.0056526533333335E7
6333    20080627	2.0057846533333335E7
6333    20080628	2.0058860566666666E7
6333    20080711	2.0059877233333334E7
6333    20081028	2.0060901433333334E7
6333    20081130	2.00619288E7
6333    20081208	2.0062958366666667E7
6333    20090124	2.00642851E7
6333    20090209	2.0065614666666668E7
6333    20110127	2.0067608166666668E7
6333    20110429	2.0069611433333334E7
6333    20110901	2.0071628033333335E7
6333    20111211	2.0073654666666668E7
6333    20120502	2.0075990766666666E7
6333    20130103	2.0078643266666666E7
6333    20130127	2.0081280066666666E7
6333    20130218	2.0083917E7
6333    20140303	2.0086587E7
6333    20141127	2.0089284066666666E7
6333    20150203	2.00922805E7
6333    20150304	2.00952767E7
6333    20150409	2.0098273066666666E7
6333    20150711	2.0101279233333334E7
6333    20150715	2.0104279033333335E7
6333    20150813	2.0107275333333332E7
6333    20150823	2.0110265766666666E7
6333    20150921	2.0113256233333334E7
6333    20151109	2.0116252233333334E7
6333    20151230	2.01189523E7
6333    20160123	2.01216163E7
6333    20160216	2.0124276333333332E7
6333    20160427	2.0126936333333332E7
6333    20160507	2.0129598966666665E7
6333    20160608	2.01322622E7
6333    20160626	2.0134915466666665E7
6333    20160729	2.0137568766666666E7
6333    20160816	2.0140222366666667E7
6333    20161006	2.01425851E7
