6365    20060827	2.0046012166666668E7
6365    20061211	2.00470349E7
6365    20061229	2.0048055366666667E7
6365    20070228	2.00493729E7
6365    20070302	2.0050692766666666E7
6365    20070707	2.0052025366666667E7
6365    20080104	2.00536647E7
6365    20080126	2.0055298633333333E7
6365    20080205	2.0056932E7
6365    20080323	2.0058569166666668E7
6365    20080618	2.00602156E7
6365    20080810	2.0061551733333334E7
6365    20080812	2.0062884466666665E7
6365    20090124	2.0064517666666668E7
6365    20090201	2.00658469E7
6365    20090606	2.0067189533333335E7
6365    20091015	2.0068543266666666E7
6365    20091107	2.00698994E7
6365    20100516	2.0071563E7
6365    20100610	2.0073219233333334E7
6365    20101207	2.0074889133333333E7
6365    20110119	2.00768559E7
6365    20110222	2.0078525633333333E7
6365    20110711	2.0080211633333333E7
6365    20110821	2.00818989E7
6365    20110901	2.0083588433333334E7
6365    20111124	2.0085281666666668E7
6365    20120502	2.0087284466666665E7
6365    20120611	2.0089287266666666E7
6365    20120628	2.0091284233333334E7
6365    20130218	2.0093597266666666E7
6365    20130414	2.0095904033333335E7
6365    20140303	2.0098539833333332E7
6365    20141115	2.0100902733333334E7
6365    20150203	2.01035661E7
6365    20150304	2.0106219333333332E7
6365    20150424	2.0108563333333332E7
6365    20150522	2.0110909866666667E7
6365    20150715	2.01132602E7
6365    20150727	2.0115607E7
6365    20150917	2.01179503E7
6365    20151104	4.024292993333333E7
6365    20151109	2.0124669333333332E7
6365    20151205	2.01267028E7
6365    20160215	2.01290231E7
6365    20160416	2.0131336466666665E7
6365    20160507	2.01336498E7
6365    20160510	2.01356496E7
6365    20160519	2.0137646566666666E7
6365    20160608	2.01396266E7
6365    20160626	2.0141310166666668E7
6365    20161006	2.0143002966666665E7
