6373    20101207	2.0064712766666666E7
6373    20110127	2.0067363333333332E7
6373    20111027	2.0070043666666668E7
6373    20120221	2.00730275E7
6373    20120611	2.0076017666666668E7
6373    20120622	2.0078668133333333E7
6373    20121203	2.0081337533333335E7
6373    20140202	2.0084637066666666E7
6373    20150306	2.00879771E7
6373    20150409	2.0091313333333332E7
6373    20150424	2.00946436E7
6373    20150610	2.0097960266666666E7
6373    20150715	2.0101277E7
6373    20150726	2.0104293933333334E7
6373    20151106	2.0107316866666667E7
6373    20160416	2.01106367E7
6373    20160507	2.0113949866666667E7
6373    20160508	2.0117259166666668E7
6373    20160626	2.0120272433333334E7
6373    20160723	2.0123279133333333E7
6373    20160816	2.01259688E7
