6377    20060128	2.0045258233333334E7
6377    20060130	2.0046242433333334E7
6377    20060203	2.0047225666666668E7
6377    20060224	2.0048205766666666E7
6377    20060310	2.0048879033333335E7
6377    20060418	2.0049552833333332E7
6377    20060517	2.0050229533333335E7
6377    20060518	4.0102443266666666E7
6377    20060526	2.0052206666666668E7
6377    20060718	2.0052867166666668E7
6377    20060731	4.0107712E7
6377    20060814	2.0054844066666666E7
6377    20061108	2.00555068E7
6377    20061112	2.0055873533333335E7
6377    20061207	2.0056239633333333E7
6377    20061229	2.0056603633333333E7
6377    20070518	2.0057276866666667E7
6377    20071110	2.00579698E7
6377    20080205	2.0058963266666666E7
6377    20080618	2.0059970433333334E7
6377    20080627	2.00609779E7
6377    20080711	2.0061987833333332E7
6377    20080714	2.0062997433333334E7
6377    20080810	2.0064010233333334E7
6377    20080814	2.00650204E7
6377    20081028	2.0066020566666666E7
6377    20081129	2.0067021E7
6377    20081210	2.00680212E7
6377    20081226	2.0068724466666665E7
6377    20090124	2.0069724266666666E7
6377    20090209	2.0070724466666665E7
6377    20090413	2.0071730766666666E7
6377    20090414	2.0072734233333334E7
6377    20090422	2.0073734366666667E7
6377    20090609	2.0074737433333334E7
6377    20091014	2.0075753966666665E7
6377    20091020	2.00767707E7
6377    20100318	2.00780971E7
6377    20100430	2.0079420833333332E7
6377    20100506	2.0080746666666668E7
6377    20100516	2.0082072833333332E7
6377    20100807	2.0083405933333334E7
6377    20100829	2.0084729966666665E7
6377    20101205	2.00860664E7
6377    20101207	2.0087399733333334E7
6377    20110127	2.0089029666666668E7
6377    20110228	2.0090353333333332E7
6377    20110429	2.0091663966666665E7
6377    20110509	2.00926741E7
6377    20110524	2.0093670966666665E7
6377    20110901	2.00946801E7
6377    20110930	2.00956874E7
6377    20120310	2.0097007266666666E7
6377    20120622	2.0098334333333332E7
6377    20121130	2.00996782E7
6377    20130218	2.0101317866666667E7
6377    20130424	2.0102961033333335E7
6377    20130620	2.0104608033333335E7
6377    20130902	2.01062639E7
6377    20140202	2.0107933166666668E7
6377    20140721	2.01096169E7
6377    20140826	2.0111297333333332E7
6377    20141206	2.01129904E7
6377    20141219	2.0114683633333333E7
6377    20150105	2.0116666833333332E7
6377    20150203	2.01186398E7
6377    20150226	2.0120613333333332E7
6377    20150304	2.0122279533333335E7
6377    20150424	2.0123946E7
6377    20150518	2.0125613066666666E7
6377    20150522	2.0127279933333334E7
6377    20150711	2.01289434E7
6377    20150715	2.0130606266666666E7
6377    20150726	2.0132256966666665E7
6377    20150823	2.0133910833333332E7
6377    20150902	2.013527E7
6377    20150927	2.0136626633333333E7
6377    20150930	2.0137976666666668E7
6377    20151102	2.0139329766666666E7
6377    20151109	2.01406826E7
6377    20151230	2.01420269E7
6377    20160215	2.0143669733333334E7
6377    20160416	2.01450066E7
6377    20160427	2.0146333433333334E7
6377    20160507	2.0147646E7
6377    20160626	4.029832593333333E7
6377    20160721	2.01506697E7
6377    20160723	2.0151663733333334E7
6377    20161005	2.0152357166666668E7
6377    20161016	2.0153033666666668E7
