6378    20080628	2.0049604566666666E7
6378    20080810	2.0051277733333334E7
6378    20090124	2.00532611E7
6378    20090209	2.0055240766666666E7
6378    20101206	2.0057586733333334E7
6378    20101207	2.0059930233333334E7
6378    20110127	2.00625673E7
6378    20120411	2.0065540166666668E7
6378    20120626	2.0068220433333334E7
6378    20121113	2.00708903E7
6378    20130127	2.00738603E7
6378    20131016	2.00765501E7
6378    20141127	2.00795769E7
6378    20150203	2.0082903566666666E7
6378    20150306	2.0086233466666665E7
6378    20150424	2.0089567166666668E7
6378    20150709	2.0092910166666668E7
6378    20150726	2.00962436E7
6378    20150901	2.00995827E7
6378    20151104	2.0102922533333335E7
6378    20151111	2.0106262133333333E7
6378    20160207	2.0109598033333335E7
6378    20160416	2.0112938466666665E7
6378    20160507	2.0116281533333335E7
6378    20160801	2.01196314E7
6378    20161006	2.0122984333333332E7
