648    19970113	1.9962143766666666E7
648    19970114	1.9962463466666665E7
648    19970121	3.992588343333333E7
648    19970122	1.9963417366666667E7
648    19970125	1.99637343E7
648    19970127	1.9964048E7
648    19970128	1.99643617E7
648    19970131	1.9964672233333334E7
648    19970205	1.99649849E7
648    19970206	1.9965297566666666E7
648    19970214	1.9965610366666667E7
648    19970215	1.99659208E7
648    19970221	1.9966231333333332E7
648    19970303	3.993340206666667E7
648    19970317	1.9967170833333332E7
648    19970318	1.99674812E7
648    19970324	1.9967788E7
648    19970408	1.9968097466666665E7
648    19970413	1.9968406933333334E7
648    19970417	1.9968713933333334E7
648    19970426	1.99690209E7
648    19970506	1.9969330333333332E7
648    19970519	1.9969640033333335E7
648    19970603	1.99699525E7
648    19970621	1.9970265533333335E7
648    19970623	3.994058256666667E7
648    19970708	1.9970319833333332E7
648    19970716	1.9970339933333334E7
648    19970929	1.99703671E7
648    19971114	1.99704002E7
648    19971203	1.9970436266666666E7
648    19980101	1.99707689E7
648    19980201	1.9971104766666666E7
648    19980616	1.99714544E7
648    19981007	1.9971817033333335E7
648    19981207	1.9972186233333334E7
648    19991012	1.99728798E7
648    19991023	1.99735737E7
648    19991123	1.9974270666666668E7
648    19991211	1.9974970533333335E7
648    19991216	1.9975670366666667E7
648    19991229	1.99763679E7
648    20000314	1.9977368266666666E7
648    20000425	1.9978371866666667E7
648    20000602	1.9979381333333332E7
648    20001002	1.9980403933333334E7
648    20001104	1.9981427133333333E7
648    20001121	1.9982450733333334E7
648    20001127	1.99834744E7
648    20001205	1.9984500366666667E7
648    20001209	1.99855238E7
648    20001229	1.9986547466666665E7
648    20010101	1.9987864066666666E7
648    20010113	1.9989180466666665E7
648    20010122	1.99904971E7
648    20020418	1.9992156933333334E7
648    20030730	1.9994157666666668E7
648    20040726	1.9996491333333332E7
648    20040820	1.9998821033333335E7
648    20040830	2.00011449E7
648    20040903	2.0003468233333334E7
648    20041010	2.0005498533333335E7
648    20041014	2.0007525633333333E7
648    20041031	2.0009539466666665E7
648    20041110	2.00115429E7
648    20041115	2.0013539833333332E7
648    20041128	2.0015210366666667E7
648    20050110	2.0017179933333334E7
648    20050128	2.0019146766666666E7
648    20050309	2.00211167E7
648    20050310	2.00230865E7
648    20050321	2.0025056233333334E7
648    20050322	4.005510956666667E7
648    20050331	2.0030044033333335E7
648    20050405	2.00316908E7
648    20050416	2.0033334533333335E7
648    20050516	2.0034981033333335E7
648    20051023	2.0036644233333334E7
648    20051110	2.0038307733333334E7
648    20051116	2.00399713E7
648    20060203	2.00419371E7
648    20060215	2.0043607566666666E7
648    20060310	2.00452808E7
648    20060311	2.0046953766666666E7
648    20060418	2.00482871E7
648    20060518	2.0049280033333335E7
648    20060525	2.004994E7
648    20060526	2.0050596866666667E7
648    20060721	2.00512599E7
648    20060725	2.0051920633333333E7
648    20060924	2.0052584433333334E7
648    20061004	2.0053250766666666E7
648    20061108	2.005392E7
648    20061229	2.0054590633333333E7
648    20070228	2.0055561066666666E7
648    20070303	2.0056533566666666E7
648    20070627	2.0057217466666665E7
648    20080126	2.00582174E7
648    20080205	2.0059213933333334E7
648    20080810	2.00602306E7
648    20081028	2.0061254166666668E7
648    20090124	2.00625809E7
648    20090314	2.0063913966666665E7
648    20090414	2.0065250066666666E7
648    20090609	2.00665902E7
648    20090612	2.0067930066666666E7
648    20091017	2.00692801E7
648    20091023	2.0070613433333334E7
648    20091107	2.0071946666666668E7
648    20100430	2.0073590466666665E7
648    20100516	2.0074934233333334E7
648    20100610	2.0076280733333334E7
648    20101205	2.00776439E7
648    20110127	2.0079304433333334E7
648    20110222	2.0080964566666666E7
648    20110509	2.0082630933333334E7
648    20110901	2.0084310133333333E7
648    20111124	2.0085996733333334E7
648    20120628	2.0087993633333333E7
648    20130205	2.0090309633333333E7
648    20130218	2.0092619433333334E7
648    20130404	2.0094932766666666E7
648    20131212	2.0097269566666666E7
648    20140126	2.0099899466666665E7
648    20150611	2.01025789E7
648    20150727	2.01052597E7
648    20150901	2.01079355E7
648    20160115	2.01106018E7
648    20160416	2.01132755E7
648    20160507	2.0115932066666666E7
648    20160608	2.0118584733333334E7
648    20160721	2.0120937966666665E7
648    20160816	2.0123288033333335E7
648    20160907	2.01256378E7
648    20161006	2.0127984366666667E7
