6502    20080628	2.0050048E7
6502    20081030	2.0051725366666667E7
6502    20081227	2.0053409133333333E7
6502    20091013	2.00554186E7
6502    20091023	2.0057411866666667E7
6502    20100402	2.0059717633333333E7
6502    20100430	2.0061721333333332E7
6502    20100807	2.0063724033333335E7
6502    20101205	2.00657341E7
6502    20110821	2.0068061133333333E7
6502    20110901	2.0070387333333332E7
6502    20120122	2.0072714666666668E7
6502    20120413	2.0075051033333335E7
6502    20121123	2.0077411033333335E7
6502    20130109	2.00800677E7
6502    20130218	2.0082727533333335E7
6502    20140823	2.0085737333333332E7
6502    20150609	2.0089060833333332E7
6502    20150701	2.0092386766666666E7
6502    20151102	2.0095722733333334E7
6502    20151109	2.0099056033333335E7
6502    20160427	2.01026968E7
6502    20160524	2.0106043266666666E7
