653    20000406	1.99711978E7
653    20000731	1.99725351E7
653    20000811	1.9973874833333332E7
653    20001121	1.9975218E7
653    20001128	1.99765586E7
653    20001228	1.9977891933333334E7
653    20011019	1.99792552E7
653    20030207	1.9981258066666666E7
653    20030926	1.9983284866666667E7
653    20030929	1.99853116E7
653    20040526	1.99876581E7
653    20040808	1.9990011533333335E7
653    20040903	1.9992367833333332E7
653    20041013	1.9994727766666666E7
653    20041128	1.9997091333333332E7
653    20050125	1.9999751366666667E7
653    20050207	2.0002413966666665E7
653    20050322	4.0012818733333334E7
653    20050412	2.00104045E7
653    20050723	2.0013077966666665E7
653    20050904	2.0015754066666666E7
653    20060418	2.0018747233333334E7
653    20060526	2.0021744E7
653    20060623	2.0024741166666668E7
653    20060717	2.00277412E7
653    20060813	2.00307345E7
653    20080816	2.00340745E7
653    20091020	2.0037734933333334E7
653    20100430	2.00413754E7
653    20110127	2.0045032766666666E7
653    20160507	2.0050358633333333E7
653    20160802	2.0055691666666668E7
