6539    20050412	2.0040298666666668E7
6539    20050419	2.0040955766666666E7
6539    20050426	2.0041612766666666E7
6539    20050603	2.0042275566666666E7
6539    20050723	2.0042939533333335E7
6539    20051006	2.00436126E7
6539    20051023	2.0044286E7
6539    20051110	2.0044962133333333E7
6539    20051116	2.0045635366666667E7
6539    20060130	2.0046608733333334E7
6539    20060203	2.0047581633333333E7
6539    20060219	2.0048547933333334E7
6539    20060220	2.0049215133333333E7
6539    20060310	2.0049884933333334E7
6539    20060418	2.00505549E7
6539    20060517	2.0051218766666666E7
6539    20060527	2.00518788E7
6539    20060616	2.0052538566666666E7
6539    20060701	2.00531985E7
6539    20060706	2.0053854466666665E7
6539    20060717	2.0054507666666668E7
6539    20060814	2.0054857966666665E7
6539    20060924	2.0055211766666666E7
6539    20061109	2.0055571366666667E7
6539    20061113	2.00559311E7
6539    20061203	2.00562938E7
6539    20061229	2.0056657366666667E7
6539    20070228	2.0057318266666666E7
6539    20070627	2.00579924E7
6539    20080126	2.0058983166666668E7
6539    20080205	2.0059976266666666E7
6539    20080209	2.0060969266666666E7
6539    20080412	2.00619688E7
6539    20080415	2.0062962533333335E7
6539    20080618	2.0063959033333335E7
6539    20080623	2.0064946266666666E7
6539    20080711	2.0065935866666667E7
6539    20080714	2.0066922666666668E7
6539    20080810	2.0067912466666665E7
6539    20080814	2.0068601933333334E7
6539    20081028	2.00692961E7
6539    20081210	2.00699958E7
6539    20090112	2.00709922E7
6539    20090124	2.0071986E7
6539    20090209	2.0072979033333335E7
6539    20090314	2.0073972266666666E7
6539    20090414	2.00749685E7
6539    20090422	2.0075962033333335E7
6539    20091014	2.0076972466666665E7
6539    20091023	2.0077983033333335E7
6539    20091107	2.0078996033333335E7
6539    20100327	2.0080313133333333E7
6539    20100501	2.0081632366666667E7
6539    20100506	2.00829456E7
6539    20100516	2.0084259033333335E7
6539    20100517	2.00855695E7
6539    20100807	2.0086888766666666E7
6539    20101207	2.00879214E7
6539    20110119	2.00892378E7
6539    20110127	2.0090237833333332E7
6539    20110219	2.00912383E7
6539    20110429	2.0092245633333333E7
6539    20110711	2.00932556E7
6539    20110901	2.00942718E7
6539    20111027	2.0095285433333334E7
6539    20120221	2.0096605366666667E7
6539    20120501	2.00979317E7
6539    20120603	2.0099261333333332E7
6539    20120626	2.0100588533333335E7
6539    20120731	2.01019191E7
6539    20121118	2.0103255433333334E7
6539    20130103	2.01048852E7
6539    20130218	2.0106222066666666E7
6539    20130404	2.0107564733333334E7
6539    20130414	2.01089049E7
6539    20130424	2.01102419E7
6539    20130620	2.01115821E7
6539    20130902	2.0112931433333334E7
6539    20140202	2.0114571033333335E7
6539    20140421	2.0116217633333333E7
6539    20140721	2.0117871433333334E7
6539    20140826	2.01192214E7
6539    20141115	2.01205752E7
6539    20150203	2.0122231766666666E7
6539    20150226	2.0123888766666666E7
6539    20150304	2.0125548333333332E7
6539    20150424	2.0127202233333334E7
6539    20150522	2.0128846066666666E7
6539    20150711	2.0130199133333333E7
6539    20150715	2.0131552066666666E7
6539    20150726	2.01329023E7
6539    20150823	2.0134248766666666E7
6539    20150902	2.0135588466666665E7
6539    20150921	2.0136922466666665E7
6539    20150930	2.0138252566666666E7
6539    20151020	2.01392792E7
6539    20151104	4.02816153E7
6539    20151109	2.01423321E7
6539    20151230	2.0143348733333334E7
6539    20160416	2.0144658666666668E7
6539    20160427	2.0145669466666665E7
6539    20160507	2.01466791E7
6539    20160510	2.0147682633333333E7
6539    20160511	2.0148685866666667E7
6539    20160518	2.0149689E7
6539    20160626	2.01506892E7
6539    20160728	2.01516834E7
6539    20160801	2.0152370033333335E7
6539    20160818	2.0153049933333334E7
6539    20161006	2.01537261E7
6539    20161015	2.0154399066666666E7
