661    20000802	1.99734465E7
661    20000805	1.99747897E7
661    20001120	1.9976139666666668E7
661    20001202	1.9977485533333335E7
661    20010122	1.9979125933333334E7
661    20010618	1.9980779566666666E7
661    20011019	1.99824463E7
661    20050413	1.99854232E7
661    20050723	1.99884101E7
661    20060203	1.99917096E7
661    20060220	1.99947129E7
661    20060418	1.9997722766666666E7
661    20061204	2.0000758733333334E7
661    20070204	2.0004092033333335E7
661    20080618	2.0007762E7
661    20080719	2.0011432533333335E7
661    20081128	2.00151161E7
661    20090126	2.00190967E7
661    20090315	2.0023076233333334E7
661    20090606	2.00270595E7
661    20110127	2.0031693266666666E7
661    20130927	2.00370174E7
661    20160416	2.0043024566666666E7
661    20160507	2.0049027566666666E7
