6711    20061207	2.0048319133333333E7
6711    20061229	2.0049326666666668E7
6711    20070228	2.00506341E7
6711    20070703	2.0051953866666667E7
6711    20080205	2.0053586366666667E7
6711    20080412	2.005493E7
6711    20080430	2.0056270866666667E7
6711    20080623	2.0057614566666666E7
6711    20080711	2.0058960966666665E7
6711    20080814	2.0060294E7
6711    20081226	2.0061633966666665E7
6711    20090124	2.00632676E7
6711    20090127	2.0064901133333333E7
6711    20090314	2.0066240666666668E7
6711    20090414	2.0067577666666668E7
6711    20090606	2.0068920433333334E7
6711    20090609	2.0070259866666667E7
6711    20091020	2.0071610066666666E7
6711    20100507	2.0073275966666665E7
6711    20100517	2.0074939366666667E7
6711    20100902	2.0076605333333332E7
6711    20101207	2.00782721E7
6711    20110127	2.0079939066666666E7
6711    20110222	2.00816088E7
6711    20110306	2.00832755E7
6711    20110429	2.0084942533333335E7
6711    20110509	2.0086608633333333E7
6711    20110604	2.0088275233333334E7
6711    20110901	2.0089944833333332E7
6711    20111002	2.0091607833333332E7
6711    20111015	2.00932681E7
6711    20120121	2.0095231166666668E7
6711    20120502	2.0096906966666665E7
6711    20120622	2.0098570933333334E7
6711    20120731	2.00999218E7
6711    20120805	2.0101268233333334E7
6711    20120818	2.01026145E7
6711    20120925	2.01039579E7
6711    20121123	2.0105304966666665E7
6711    20130127	2.0106948733333334E7
6711    20130620	2.01085952E7
6711    20130928	2.0109955333333332E7
6711    20140202	2.01116245E7
6711    20141206	2.01133209E7
6711    20150224	2.0115314566666666E7
6711    20150304	2.01173045E7
6711    20150609	2.01193045E7
6711    20150714	2.01212943E7
6711    20150715	2.01229679E7
6711    20150917	2.01246479E7
6711    20151109	2.0126321466666665E7
6711    20160215	2.01282884E7
6711    20160410	2.01299645E7
6711    20160427	2.0131638E7
6711    20160515	2.0133311633333333E7
6711    20160816	2.01349912E7
