673    20050327	1.9992294966666665E7
673    20051116	1.9995321166666668E7
673    20060418	1.9998627833333332E7
673    20060722	2.0001647833333332E7
673    20061226	2.00046745E7
673    20080701	2.0008347666666668E7
673    20080719	2.0012021E7
673    20090125	2.0016005066666666E7
673    20090531	2.0020002066666666E7
673    20090925	2.0024012133333333E7
673    20091014	2.0028022333333332E7
673    20091116	2.0032035666666668E7
673    20110127	2.0036672766666666E7
673    20111120	2.00413362E7
673    20111124	2.0045703633333333E7
673    20120731	2.00500208E7
673    20140202	2.0054683633333333E7
673    20141024	2.0059373833333332E7
673    20160216	2.0064700233333334E7
673    20160507	2.0070033633333333E7
673    20160626	2.0075357733333334E7
