68157    20140303	2.0111042633333333E7
68157    20140823	2.0112706233333334E7
68157    20141116	2.0114379266666666E7
68157    20141206	2.0116052066666666E7
68157    20150105	2.0118018133333333E7
68157    20150306	2.0119987333333332E7
68157    20150424	2.01216642E7
68157    20150609	2.0123340266666666E7
68157    20150701	2.0125016533333335E7
68157    20150711	2.0126690033333335E7
68157    20150714	2.01283566E7
68157    20150715	2.0130019466666665E7
68157    20150727	2.01316702E7
68157    20150823	2.0133026733333334E7
68157    20150913	2.01343762E7
68157    20150926	2.01357232E7
68157    20151020	2.0137066833333332E7
68157    20151103	2.01384069E7
68157    20151109	2.0139743366666667E7
68157    20160101	2.0141063366666667E7
68157    20160215	2.01423838E7
68157    20160416	2.0143710133333333E7
68157    20160427	2.0145033733333334E7
68157    20160626	6.04430348E7
68157    20160719	2.0150315266666666E7
68157    20160723	2.01513321E7
68157    20160728	2.0152325433333334E7
68157    20160816	2.0153012566666666E7
