68358    20150711	2.0113113566666666E7
68358    20150910	2.0115123766666666E7
68358    20150927	2.0117134366666667E7
68358    20151010	2.0119147633333333E7
68358    20151013	2.0121160933333334E7
68358    20151104	2.01231669E7
68358    20151109	2.0125170066666666E7
68358    20151129	2.01271702E7
68358    20151205	2.0129169966666665E7
68358    20160115	2.01311632E7
68358    20160415	2.0133163633333333E7
68358    20160416	2.01351635E7
68358    20160427	2.0137150833333332E7
68358    20160507	2.0139127566666666E7
68358    20160608	2.0141107366666667E7
68358    20160626	2.0143087733333334E7
68358    20160723	2.0144761033333335E7
68358    20160729	2.0146425233333334E7
68358    20160907	2.01480921E7
68358    20160909	2.0149431366666667E7
68358    20161006	2.01507713E7
68358    20161014	2.0152104133333333E7
