6863    20091102	2.0062684233333334E7
6863    20100327	2.0064987466666665E7
6863    20100829	2.00670047E7
6863    20101206	2.0069031E7
6863    20101207	2.00710438E7
6863    20110127	2.00733537E7
6863    20110509	2.0075663466666665E7
6863    20130621	2.00783398E7
6863    20140202	2.00813331E7
6863    20150610	2.0084673E7
6863    20150715	2.0088015833333332E7
6863    20150917	2.0091352833333332E7
6863    20151109	2.00946896E7
6863    20151230	2.0097726233333334E7
6863    20160215	2.0101059566666666E7
6863    20160410	2.0104392633333333E7
6863    20160416	2.01077128E7
6863    20160427	2.0111033E7
6863    20160524	2.0114342833333332E7
6863    20160626	2.01173561E7
6863    20160723	2.01203432E7
6863    20160816	2.0123032866666667E7
