6870    20100402	2.0059659666666668E7
6870    20100420	2.0061969833333332E7
6870    20100430	2.00642765E7
6870    20101214	2.00663096E7
6870    20110127	2.0068619733333334E7
6870    20120731	2.0071280066666666E7
6870    20121005	2.0073946E7
6870    20121114	2.0076612633333333E7
6870    20130109	2.0079279533333335E7
6870    20140114	2.0082275866666667E7
6870    20141206	2.00853059E7
6870    20141219	2.0088335633333333E7
6870    20150926	2.00916889E7
6870    20151207	2.0095042366666667E7
6870    20151230	2.0098389966666665E7
6870    20160626	2.0102040433333334E7
6870    20160816	2.0105396633333333E7
