6874    20060216	2.0047361166666668E7
6874    20060219	2.00483346E7
6874    20060418	2.00493146E7
6874    20060517	2.0050297533333335E7
6874    20060518	2.0051278066666666E7
6874    20060526	2.0052255033333335E7
6874    20060606	2.0052924866666667E7
6874    20060717	2.0053591233333334E7
6874    20060801	2.0054257166666668E7
6874    20060802	2.0054916333333332E7
6874    20060814	2.0055572966666665E7
6874    20061108	2.0055935766666666E7
6874    20061207	2.00562986E7
6874    20061229	4.011368513333333E7
6874    20070228	2.00576835E7
6874    20070703	2.00583594E7
6874    20071110	2.0059045466666665E7
6874    20080205	2.00600322E7
6874    20080415	2.0061015866666667E7
6874    20080623	2.0062005866666667E7
6874    20080627	2.0062993233333334E7
6874    20080702	2.0063982533333335E7
6874    20080805	2.0064972366666667E7
6874    20080816	2.0065962166666668E7
6874    20081028	2.00669589E7
6874    20081030	2.0067655966666665E7
6874    20081129	2.0068356033333335E7
6874    20081226	2.0069059233333334E7
6874    20090124	2.00700566E7
6874    20090414	2.00710632E7
6874    20091020	2.00720899E7
6874    20091107	2.0073112866666667E7
6874    20100430	2.00744433E7
6874    20100516	2.0075776566666666E7
6874    20100829	2.007712E7
6874    20101207	2.0078473366666667E7
6874    20110127	2.0080120366666667E7
6874    20110222	2.0081767733333334E7
6874    20110307	2.00834179E7
6874    20110901	2.0085087466666665E7
6874    20111211	2.0086757566666666E7
6874    20120626	2.00887382E7
6874    20120719	2.00907212E7
6874    20120731	2.00927046E7
6874    20120805	2.00943905E7
6874    20121110	2.0096070733333334E7
6874    20130218	2.0098041E7
6874    20130902	2.00997309E7
6874    20130927	2.0101414633333333E7
6874    20131109	2.01030975E7
6874    20140202	2.0105083333333332E7
6874    20140823	2.0107087366666667E7
6874    20141115	2.01090977E7
6874    20141116	2.01111077E7
6874    20141206	2.0113113633333333E7
6874    20150203	2.01154194E7
6874    20150424	2.0117729233333334E7
6874    20150522	2.01200391E7
6874    20150609	2.0122055266666666E7
6874    20150701	2.0124064833333332E7
6874    20150711	2.0126054533333335E7
6874    20150715	2.0128041466666665E7
6874    20150926	2.0129724666666668E7
6874    20151102	2.0131410866666667E7
6874    20151104	2.01330867E7
6874    20151107	2.0134750033333335E7
6874    20151108	2.0136116066666666E7
6874    20151205	2.0137482166666668E7
6874    20160215	2.0139145766666666E7
6874    20160330	2.01407934E7
6874    20160415	2.0142433533333335E7
6874    20160416	2.0143759866666667E7
6874    20160427	2.0145083466666665E7
6874    20160510	2.0146409433333334E7
6874    20160626	4.02967908E7
6874    20160719	2.01500707E7
6874    20160723	2.0151064733333334E7
6874    20160801	2.0152060533333335E7
6874    20160816	2.0153050766666666E7
6874    20161006	2.0153744233333334E7
