68954    20140202	2.01110217E7
68954    20141206	2.0112707866666667E7
68954    20150203	2.0114687666666668E7
68954    20150226	2.0116667833333332E7
68954    20150304	2.0118334033333335E7
68954    20150518	2.0120007066666666E7
68954    20150609	2.0121680266666666E7
68954    20150709	2.0123356566666666E7
68954    20150711	4.02516989E7
68954    20150714	2.0128339433333334E7
68954    20150726	2.0129990133333333E7
68954    20150902	2.0131646633333333E7
68954    20150910	2.0133006066666666E7
68954    20150913	2.01343596E7
68954    20150928	2.0135709566666666E7
68954    20151107	2.0137062833333332E7
68954    20151108	2.0138403066666666E7
68954    20151119	2.0139743033333335E7
68954    20151129	2.0141073866666667E7
68954    20160115	2.0142394333333332E7
68954    20160215	2.0143714766666666E7
68954    20160330	2.01450388E7
68954    20160415	2.01463616E7
68954    20160416	2.0147677966666665E7
68954    20160427	2.0148991233333334E7
68954    20160524	2.0150304766666666E7
68954    20160626	4.030363693333333E7
68954    20160721	2.0153312333333332E7
68954    20160801	2.0153998966666665E7
68954    20161015	2.0154659266666666E7
