69122    20150224	2.01124115E7
69122    20150424	2.0114401466666665E7
69122    20150612	2.01163945E7
69122    20150715	2.0118384533333335E7
69122    20150727	2.0120371566666666E7
69122    20150927	2.0122362066666666E7
69122    20151109	2.0124358E7
69122    20151129	2.0126055266666666E7
69122    20160207	2.0128048166666668E7
69122    20160216	2.0130041033333335E7
69122    20160427	2.0132034466666665E7
69122    20160626	2.01340277E7
69122    20160723	2.0136020966666665E7
69122    20160801	2.01380075E7
69122    20160816	2.0139994466666665E7
