6934    20101207	2.0064355233333334E7
6934    20110119	2.0066988933333334E7
6934    20110711	2.0069638866666667E7
6934    20110821	2.0071975366666667E7
6934    20111124	2.00743185E7
6934    20120502	2.0076971166666668E7
6934    20120602	2.0079313766666666E7
6934    20120628	2.00816546E7
6934    20121111	2.0083987966666665E7
6934    20130414	2.0086631033333335E7
6934    20140303	2.0089303466666665E7
6934    20150522	2.00923165E7
6934    20150709	2.0095333366666667E7
6934    20150711	2.0098346166666668E7
6934    20150715	2.0101356066666666E7
6934    20150726	2.0104362733333334E7
6934    20150917	2.0107369333333332E7
6934    20150927	2.01103729E7
6934    20151109	2.01133758E7
6934    20151230	2.0116376033333335E7
6934    20160207	2.0119375333333332E7
6934    20160416	2.0122365633333333E7
6934    20160427	2.0125042333333332E7
6934    20160507	2.01277053E7
6934    20160626	2.01303585E7
