6942    20090531	2.0061972866666667E7
6942    20100327	2.00642761E7
6942    20100430	2.0066283633333333E7
6942    20100510	2.0068283533333335E7
6942    20110127	2.00706001E7
6942    20110308	2.00729195E7
6942    20110509	2.00752391E7
6942    20120501	2.00778888E7
6942    20120622	2.00802327E7
6942    20120925	2.0082586133333333E7
6942    20130107	2.00852456E7
6942    20130620	2.00879195E7
6942    20140202	2.0090889233333334E7
6942    20140421	2.0093866066666666E7
6942    20150614	2.0097179733333334E7
6942    20150701	2.0100189166666668E7
6942    20150714	2.0103195733333334E7
6942    20150715	2.01061825E7
6942    20150926	2.0109173133333333E7
6942    20160207	2.0112173233333334E7
6942    20160215	2.01151728E7
6942    20160330	2.0118160366666667E7
6942    20160415	2.0120836666666668E7
6942    20160416	2.01234902E7
6942    20160507	2.0126143133333333E7
6942    20160804	2.0128796266666666E7
