69757    20130109	2.01102777E7
69757    20130620	2.0111604333333332E7
69757    20140607	2.0113260333333332E7
69757    20140826	2.0114917333333332E7
69757    20141116	2.0116274466666665E7
69757    20141206	2.0117634433333334E7
69757    20150224	2.0119294566666666E7
69757    20150614	2.0120967366666667E7
69757    20150711	2.01226375E7
69757    20150714	2.01242979E7
69757    20150927	2.01259651E7
69757    20151112	2.01276353E7
69757    20160207	2.0129304633333333E7
69757    20160330	2.0130975033333335E7
69757    20160723	2.0132655566666666E7
69757    20160816	2.0134335133333333E7
