7    19991012	1.99682743E7
7    19991204	1.9969294033333335E7
7    19991216	1.99703074E7
7    20000317	1.9971623633333333E7
7    20000402	1.99729397E7
7    20000504	1.9974256266666666E7
7    20000602	1.9975576033333335E7
7    20001121	1.9976912766666666E7
7    20001209	1.9978245833333332E7
7    20020201	1.9980211933333334E7
7    20020510	1.9982187966666665E7
7    20030307	1.99841946E7
7    20030406	1.99862041E7
7    20030416	1.99882139E7
7    20040728	1.9990567333333332E7
7    20041010	1.9992930066666666E7
7    20050304	1.9995600033333335E7
7    20050501	1.9998276266666666E7
7    20050608	2.0000956033333335E7
7    20070627	2.00043029E7
7    20090414	2.0008306133333333E7
7    20120622	2.0013316066666666E7
7    20130620	2.0018656433333334E7
7    20160507	2.0024989366666667E7
