70    20060130	2.0008369633333333E7
70    20060215	2.0011692833333332E7
70    20060225	2.00146961E7
70    20060315	2.0017699766666666E7
70    20060418	2.0020346966666665E7
70    20060518	2.0022664E7
70    20060724	2.0024987833333332E7
70    20061108	2.0027317766666666E7
70    20061204	2.0029650266666666E7
70    20080812	2.0032340433333334E7
70    20090124	2.0035340233333334E7
70    20090208	2.0038336633333333E7
70    20091015	2.0041353633333333E7
70    20111120	2.0045040633333333E7
70    20120801	2.0049049666666668E7
70    20120805	2.0053052133333333E7
70    20140205	2.0057688833333332E7
70    20150610	2.0062672233333334E7
70    20160816	2.0067995433333334E7
