70286    20140505	2.0107352233333334E7
70286    20140620	2.0109012333333332E7
70286    20140823	2.0110679066666666E7
70286    20141012	2.0112345833333332E7
70286    20150203	2.01143188E7
70286    20150224	2.0116289333333332E7
70286    20150522	2.01179698E7
70286    20150701	2.0119649233333334E7
70286    20150711	4.02443292E7
70286    20150714	2.0124679466666665E7
70286    20151104	4.02544001E7
70286    20151111	2.0129708133333333E7
70286    20151205	2.0131378266666666E7
70286    20151230	2.01330457E7
70286    20160101	2.0135008566666666E7
70286    20160507	2.0136688066666666E7
70286    20160524	2.0138367966666665E7
70286    20160608	2.01400406E7
70286    20160626	4.02850886E7
70286    20160723	2.01450447E7
70286    20160907	2.0146391566666666E7
