708    20000131	1.99713341E7
708    20000504	1.99726668E7
708    20000602	1.9973993333333332E7
708    20000731	1.9975317466666665E7
708    20001120	1.9976654166666668E7
708    20001209	1.99779906E7
708    20010606	1.99796369E7
708    20010617	1.9981283533333335E7
708    20010620	1.99829299E7
708    20020201	1.9984895633333333E7
708    20020413	1.9986572466666665E7
708    20030307	1.99885791E7
708    20030416	1.9990588933333334E7
708    20030517	1.99926021E7
708    20030827	1.99946255E7
708    20040728	1.9996978733333334E7
708    20040820	1.9999332266666666E7
708    20041010	2.00016921E7
708    20041031	2.00040497E7
708    20050401	2.0006715966666665E7
708    20050410	2.00093824E7
708    20050422	2.0012042433333334E7
708    20060322	2.00150324E7
708    20060418	2.0018025566666666E7
708    20060820	2.00210191E7
708    20081210	2.0024688966666665E7
708    20090414	2.0028002633333333E7
708    20091019	2.00313362E7
708    20110127	2.00353063E7
708    20130218	2.00399397E7
708    20150814	2.0044962466666665E7
708    20160416	2.0050292866666667E7
