7143    20120626	2.00613473E7
7143    20140202	2.0064979766666666E7
7143    20140303	2.00683022E7
7143    20140524	2.00716229E7
7143    20150203	2.0075262533333335E7
7143    20150522	2.0078909433333334E7
7143    20150701	2.0082561866666667E7
7143    20150709	2.0085915233333334E7
7143    20150927	2.0089268733333334E7
7143    20151104	2.0092628133333333E7
7143    20151109	2.0095987533333335E7
7143    20160207	2.0099650066666666E7
7143    20160427	2.0103317533333335E7
7143    20160816	2.0106997966666665E7
7143    20161006	2.0110684433333334E7
7143    20161014	2.01143648E7
