7147    20081226	2.00567492E7
7147    20090313	2.00584195E7
7147    20090414	2.0060082933333334E7
7147    20091015	2.0061762433333334E7
7147    20100327	2.00637459E7
7147    20110127	2.0066053366666667E7
7147    20110222	2.00683634E7
7147    20110506	2.0070679366666667E7
7147    20110901	2.0072705733333334E7
7147    20111124	2.0074732866666667E7
7147    20120501	2.0077072133333333E7
7147    20120626	2.00794129E7
7147    20120731	2.00817564E7
7147    20120802	2.0084096266666666E7
7147    20120805	2.00864358E7
7147    20121014	2.0088768833333332E7
7147    20121123	2.00911026E7
7147    20141116	2.0093799266666666E7
7147    20150715	2.0096809166666668E7
7147    20151109	2.0099825933333334E7
7147    20151230	2.0102843033333335E7
7147    20160215	2.01061466E7
7147    20160427	2.0109453466666665E7
7147    20160626	2.01127668E7
7147    20160728	2.0116083433333334E7
7147    20161015	2.0119080266666666E7
