7153    20050401	2.00438324E7
7153    20050403	4.00895823E7
7153    20050423	2.00454546E7
7153    20050426	2.00457986E7
7153    20050518	2.00461454E7
7153    20050531	2.0046492233333334E7
7153    20050723	2.0046842866666667E7
7153    20050815	2.00471964E7
7153    20050923	2.00475533E7
7153    20051023	2.0047900633333333E7
7153    20051110	2.00482467E7
7153    20051116	2.00485898E7
7153    20060127	2.00492306E7
7153    20060203	2.0049873333333332E7
7153    20060224	2.00505165E7
7153    20060305	2.0051159533333335E7
7153    20060310	2.00518025E7
7153    20060322	2.0052445666666668E7
7153    20060411	4.01059116E7
7153    20060418	2.0053465833333332E7
7153    20060517	2.0053808933333334E7
7153    20060518	2.00541494E7
7153    20060523	2.005449E7
7153    20060717	2.0054836933333334E7
7153    20060801	2.0055186266666666E7
7153    20060802	2.00555356E7
7153    20060813	2.00558853E7
7153    20060828	2.00562355E7
7153    20060924	2.0056586266666666E7
7153    20061113	2.0056943266666666E7
7153    20061203	2.0057303266666666E7
7153    20061207	2.0057662733333334E7
7153    20061229	2.0058022833333332E7
7153    20070228	2.0058679833333332E7
7153    20070511	2.0059345833333332E7
7153    20070627	2.00600093E7
7153    20070703	2.0060672233333334E7
7153    20070919	2.0061338766666666E7
7153    20071110	2.0062008333333332E7
7153    20080126	2.0062975533333335E7
7153    20080205	2.0063945166666668E7
7153    20080415	2.0064621433333334E7
7153    20080618	2.0065301933333334E7
7153    20080623	2.00659819E7
7153    20080627	2.00666593E7
7153    20080711	2.0067339333333332E7
7153    20080714	2.0068019066666666E7
7153    20080810	2.0068699033333335E7
7153    20081014	2.00693858E7
7153    20081028	2.00700728E7
7153    20081128	2.0070759833333332E7
7153    20090124	2.00717467E7
7153    20090201	2.0072735966666665E7
7153    20090209	2.0073719033333335E7
7153    20090314	2.00747028E7
7153    20090405	2.0075689566666666E7
7153    20090413	2.0076676233333334E7
7153    20090414	2.0077662433333334E7
7153    20090609	2.0078651933333334E7
7153    20091013	2.00796486E7
7153    20091107	2.00806454E7
7153    20100420	2.00819525E7
7153    20100430	2.00832592E7
7153    20100512	2.0084268666666668E7
7153    20100516	2.0085268833333332E7
7153    20100807	2.0086274833333332E7
7153    20100829	2.0087279033333335E7
7153    20101205	2.0088288566666666E7
7153    20101207	2.00892918E7
7153    20101215	2.0089994766666666E7
7153    20110104	2.00909914E7
7153    20110119	2.0091981533333335E7
7153    20110127	2.0092965166666668E7
7153    20110228	2.0093952E7
7153    20110418	2.0094945033333335E7
7153    20110429	2.0095935633333333E7
7153    20110509	2.00969288E7
7153    20110624	2.00979226E7
7153    20110703	2.0098912233333334E7
7153    20110901	2.0099908E7
7153    20111027	2.0100904633333333E7
7153    20120221	2.0101907866666667E7
7153    20120501	2.0102917866666667E7
7153    20120520	2.0103928233333334E7
7153    20120626	2.0104938633333333E7
7153    20120731	2.01059495E7
7153    20121123	2.0106973166666668E7
7153    20130127	2.0108296933333334E7
7153    20130218	2.0109617233333334E7
7153    20130419	2.0110930766666666E7
7153    20130424	2.0112241333333332E7
7153    20130620	2.0113248E7
7153    20130902	2.0114263733333334E7
7153    20140114	2.01155838E7
7153    20140721	2.0116923966666665E7
7153    20140823	2.0118257833333332E7
7153    20140825	2.0119591033333335E7
7153    20141206	2.01209244E7
7153    20150203	2.01225576E7
7153    20150217	2.0124191E7
7153    20150226	2.01255284E7
7153    20150409	2.01268714E7
7153    20150422	2.0128214566666666E7
7153    20150522	2.01295577E7
7153    20150523	2.0130894533333335E7
7153    20150609	2.0132233866666667E7
7153    20150709	2.0133573866666667E7
7153    20150711	4.02711538E7
7153    20150713	2.0137570766666666E7
7153    20150714	2.0138893666666668E7
7153    20150715	2.0139910133333333E7
7153    20150823	2.0140920866666667E7
7153    20150917	2.01419341E7
7153    20150921	2.0142943933333334E7
7153    20150927	2.0143950466666665E7
7153    20151013	2.01449468E7
7153    20151103	4.0291988166666664E7
7153    20151104	4.0294752666666664E7
7153    20151107	2.01484039E7
7153    20151119	2.01490778E7
7153    20151121	2.01494447E7
7153    20151129	2.0149791633333333E7
7153    20151205	2.01501377E7
7153    20160215	2.0150784033333335E7
7153    20160410	2.0151424166666668E7
7153    20160416	2.01517646E7
7153    20160427	2.0152104933333334E7
7153    20160507	2.0152447633333333E7
7153    20160508	2.0152784266666666E7
7153    20160511	2.0153120566666666E7
7153    20160608	2.0153456766666666E7
7153    20160626	6.046237896666667E7
7153    20160721	2.0154791666666668E7
7153    20160723	2.01551254E7
7153    20160801	2.0155461666666668E7
7153    20160816	2.01557984E7
7153    20160907	2.0156138133333333E7
7153    20161005	2.0156477533333335E7
7153    20161006	2.0156813833333332E7
7153    20161014	2.0157150266666666E7
