720    20040808	1.99933811E7
720    20050401	1.9996380733333334E7
720    20050426	1.9999377533333335E7
720    20050723	2.0002383966666665E7
720    20050904	2.00053934E7
720    20060203	2.0008696733333334E7
720    20060411	4.00273192E7
720    20060518	2.0018325866666667E7
720    20070703	2.0021668733333334E7
720    20080618	2.0025318866666667E7
720    20081014	2.0028978766666666E7
720    20090422	2.00326461E7
720    20100822	2.0036309233333334E7
720    20121029	2.0040643466666665E7
720    20150913	2.0045973533333335E7
