7254    20120808	2.0078277833333332E7
7254    20120809	2.0080933866666667E7
7254    20130620	2.0083610466666665E7
7254    20141116	2.00866338E7
7254    20150424	2.0089967166666668E7
7254    20150715	2.0093307566666666E7
7254    20150930	2.0096641133333333E7
7254    20151020	2.0099670766666666E7
7254    20151230	2.0102701166666668E7
7254    20160207	2.0106030666666668E7
7254    20160215	2.0109357233333334E7
7254    20160330	2.0112684333333332E7
7254    20160427	2.0115991266666666E7
7254    20160508	2.0119300566666666E7
7254    20160608	2.0122313233333334E7
7254    20160723	2.0125323266666666E7
7254    20160728	2.012801E7
7254    20160801	2.0130682433333334E7
7254    20161016	2.0133342633333333E7
