72998    20130928	2.0106644466666665E7
72998    20140825	2.0108297966666665E7
72998    20150105	2.0110260733333334E7
72998    20150203	2.01122266E7
72998    20150224	2.0113897133333333E7
72998    20150306	2.0115570166666668E7
72998    20150424	2.011724E7
72998    20150518	2.0118910533333335E7
72998    20150522	2.01205806E7
72998    20150523	2.0122250366666667E7
72998    20150612	2.01239207E7
72998    20150711	4.025286086666667E7
72998    20150714	2.0128933833333332E7
72998    20150902	2.0130597033333335E7
72998    20150910	2.0132253866666667E7
72998    20150921	2.0133911E7
72998    20150927	2.0135271266666666E7
72998    20151010	2.0136628066666666E7
72998    20151103	2.0137983866666667E7
72998    20151104	2.0139337033333335E7
72998    20151107	2.0140690066666666E7
72998    20151230	2.0142044266666666E7
72998    20160115	2.0143693766666666E7
72998    20160207	2.01453434E7
72998    20160215	2.01469872E7
72998    20160330	2.0148314833333332E7
72998    20160427	2.01496357E7
72998    20160507	2.0150948933333334E7
72998    20160508	2.0151961633333333E7
72998    20160524	2.0152948166666668E7
72998    20160626	2.01536082E7
72998    20160721	2.0153962066666666E7
72998    20160723	2.0154312733333334E7
72998    20160729	2.01546629E7
72998    20160801	2.0155012733333334E7
72998    20160816	2.0155359133333333E7
72998    20161014	2.0155709E7
