733    19970317	1.99658599E7
733    19970318	1.9966183266666666E7
733    19970324	1.9966503533333335E7
733    19970409	1.99668238E7
733    19970417	1.9967144166666668E7
733    19970426	1.9967464533333335E7
733    19970506	1.99677872E7
733    19970519	1.9968110166666668E7
733    19970621	1.99684339E7
733    19970623	3.99378352E7
733    19970708	1.9969400833333332E7
733    19970716	1.99697175E7
733    19970927	1.9970041166666668E7
733    19970929	1.9970364533333335E7
733    19971108	1.9970397866666667E7
733    19971203	1.9970434333333332E7
733    19980101	1.9970767266666666E7
733    19980201	1.9971103266666666E7
733    19981002	1.9971465966666665E7
733    19981207	1.9971835466666665E7
733    19990727	1.99725222E7
733    19990929	1.9973215566666666E7
733    19991012	1.99739116E7
733    19991115	1.99746086E7
733    19991213	1.9975308566666666E7
733    19991215	1.9976008566666666E7
733    19991216	1.99767084E7
733    19991229	1.9977405933333334E7
733    20000110	1.9978399033333335E7
733    20000316	1.9979399E7
733    20000406	1.9980401933333334E7
733    20000425	1.99814053E7
733    20000602	1.9982411733333334E7
733    20000731	1.99834222E7
733    20001002	1.99844414E7
733    20001104	1.9985461333333332E7
733    20001121	1.99864814E7
733    20001209	1.9987501E7
733    20001228	1.9988521166666668E7
733    20010606	1.9989853933333334E7
733    20020127	1.9991501233333334E7
733    20020418	1.9993157966666665E7
733    20020624	1.9994814533333335E7
733    20020701	1.99964736E7
733    20030406	1.99984502E7
733    20030409	2.0000423733333334E7
733    20030827	2.00021146E7
733    20040216	2.00041151E7
733    20040808	2.0006108633333333E7
733    20040820	2.0008095733333334E7
733    20040903	2.0009768266666666E7
733    20041010	2.0011437633333333E7
733    20041110	2.0013107566666666E7
733    20041115	2.0014774233333334E7
733    20050110	2.0016737466666665E7
733    20050210	2.0018703966666665E7
733    20050322	2.0020674166666668E7
733    20050323	2.0022643966666665E7
733    20050331	2.0024318E7
733    20050412	2.0025987866666667E7
733    20050419	2.0027654966666665E7
733    20051023	2.0029341566666666E7
733    20051116	2.0031025366666667E7
733    20060128	2.0033005266666666E7
733    20060130	2.00349762E7
733    20060327	2.00369503E7
733    20060418	2.0038926866666667E7
733    20060623	2.0040907333333332E7
733    20060717	2.00428903E7
733    20060802	2.00445635E7
733    20060814	2.0045919733333334E7
733    20061111	2.0047276166666668E7
733    20061113	2.00486258E7
733    20061229	4.01009809E7
733    20070228	2.0052331466666665E7
733    20070303	2.0053647333333332E7
733    20070703	2.0054663566666666E7
733    20080126	2.0055974166666668E7
733    20080205	2.0057287E7
733    20080711	2.0058613933333334E7
733    20081028	2.0059947866666667E7
733    20081128	2.00612818E7
733    20090124	2.0062915433333334E7
733    20090414	2.00642589E7
733    20091020	4.013259506666667E7
733    20101205	2.00686719E7
733    20101207	2.0070367766666666E7
733    20110222	2.0072361433333334E7
733    20110509	2.0074364433333334E7
733    20110711	2.0076354033333335E7
733    20110901	2.0078346866666667E7
733    20120502	2.0080359333333332E7
733    20130205	2.0082695166666668E7
733    20130404	2.0085031066666666E7
733    20140202	2.0087690533333335E7
733    20140303	2.0090346533333335E7
733    20150304	2.0093332766666666E7
733    20151104	2.0096342833333332E7
733    20160416	2.00996629E7
733    20160507	2.01029761E7
733    20160721	2.0106296366666667E7
733    20160907	2.0109618966666665E7
733    20161006	2.0112944866666667E7
