736    19961228	1.9960927033333335E7
736    19961229	3.9921925E7
736    19970108	3.9922906733333334E7
736    19970109	1.99619296E7
736    19970122	1.9962246433333334E7
736    19970125	1.99625572E7
736    19970127	1.99628676E7
736    19970128	1.9963177666666668E7
736    19970131	1.99634877E7
736    19970205	1.9963797566666666E7
736    19970206	1.9964107433333334E7
736    19970214	1.99644171E7
736    19970215	1.9964724166666668E7
736    19970221	1.9965031366666667E7
736    19970317	1.99653417E7
736    19970318	1.9965652E7
736    19970324	1.9965962466666665E7
736    19970409	1.9966275633333333E7
736    19970413	1.9966588766666666E7
736    19970417	1.9966902E7
736    19970426	1.9967212666666668E7
736    19970506	1.99675257E7
736    19970519	1.9967839E7
736    19970621	1.9968155633333333E7
736    19970623	3.993726093333333E7
736    19970708	1.9969105066666666E7
736    19970716	1.99694215E7
736    19970929	1.9969744866666667E7
736    19971014	1.9970071033333335E7
736    19971108	1.9970400333333332E7
736    19971114	1.9970433866666667E7
736    19981002	1.9970797E7
736    19981209	1.9971167E7
736    19990928	1.9971860533333335E7
736    19991012	1.9972556766666666E7
736    19991015	1.9973253033333335E7
736    19991123	1.9973952866666667E7
736    19991215	1.9974655666666668E7
736    19991216	1.9975356033333335E7
736    19991228	1.9976056766666666E7
736    20000402	1.9977063033333335E7
736    20000406	1.99780694E7
736    20000602	1.99790821E7
736    20000731	1.99800959E7
736    20000803	1.9981112066666666E7
736    20000903	1.9982131366666667E7
736    20000904	1.9983147866666667E7
736    20001104	1.99841709E7
736    20001121	1.9985194366666667E7
736    20001128	1.9986217766666666E7
736    20001209	1.99872412E7
736    20001228	1.9988264833333332E7
736    20010620	1.9989598133333333E7
736    20010708	1.99909343E7
736    20010715	1.99922707E7
736    20010717	1.9993604333333332E7
736    20020418	1.9995261066666666E7
736    20030406	1.9997243633333333E7
736    20030416	1.99992237E7
736    20030827	2.0001214333333332E7
736    20040214	2.0003517666666668E7
736    20040526	2.00055018E7
736    20040728	2.0007485766666666E7
736    20040820	2.0009148833333332E7
736    20040830	2.0010809433333334E7
736    20041027	2.00124765E7
736    20041110	2.0014142733333334E7
736    20041121	2.0015806266666666E7
736    20050309	2.0017776033333335E7
736    20050310	2.0019745433333334E7
736    20050321	2.00214094E7
736    20050322	4.004780386666667E7
736    20050331	2.0026383933333334E7
736    20050419	2.00280378E7
736    20050602	2.0029694433333334E7
736    20050923	2.0031361733333334E7
736    20051116	2.00330288E7
736    20060203	2.00349982E7
736    20060215	2.0036967766666666E7
736    20060311	2.0038937833333332E7
736    20060411	2.00409106E7
736    20060418	2.0042570533333335E7
736    20060518	2.0044230866666667E7
736    20061111	2.0045910733333334E7
736    20061123	2.0047590933333334E7
736    20061229	4.009893003333333E7
736    20070302	2.0051308266666666E7
736    20070627	2.0052634933333334E7
736    20080126	2.0053965333333332E7
736    20080205	2.0055287966666665E7
736    20080430	2.0056611366666667E7
736    20080810	2.0057944366666667E7
736    20081028	2.00592843E7
736    20081129	2.0060621033333335E7
736    20081210	2.00619577E7
736    20090125	2.0063591166666668E7
736    20090402	2.00649276E7
736    20090413	2.0066264366666667E7
736    20090414	2.00676008E7
736    20091015	2.0068957233333334E7
736    20091020	2.0070313833333332E7
736    20100430	2.00719838E7
736    20100516	2.00736537E7
736    20100807	2.00753272E7
736    20101205	2.0077003266666666E7
736    20110127	2.00789703E7
736    20110228	2.00806378E7
736    20110901	2.0082327333333332E7
736    20120502	2.00843337E7
736    20130218	2.00866606E7
736    20130404	2.0088993466666665E7
736    20150203	2.0091982966666665E7
736    20150304	2.0094956066666666E7
736    20150609	2.0097938933333334E7
736    20160507	2.01012482E7
736    20160816	2.0104567766666666E7
