7361    20060801	2.0051232666666668E7
7361    20060814	2.0051912566666666E7
7361    20060924	2.00525959E7
7361    20061207	2.00532721E7
7361    20061229	2.00539459E7
7361    20070121	2.00549157E7
7361    20070228	2.0055889033333335E7
7361    20070407	2.0056564966666665E7
7361    20071110	2.00572616E7
7361    20071231	2.0057961833333332E7
7361    20080126	2.0058955733333334E7
7361    20080205	2.0059951866666667E7
7361    20080424	2.0060955266666666E7
7361    20080810	2.00619715E7
7361    20081005	2.0062990866666667E7
7361    20081028	2.0064010933333334E7
7361    20081108	2.0065033666666668E7
7361    20081227	2.00660474E7
7361    20090124	2.0067354733333334E7
7361    20090314	2.0068667766666666E7
7361    20090414	2.0069981366666667E7
7361    20090527	2.00712982E7
7361    20090927	2.0072628333333332E7
7361    20091014	2.0073657866666667E7
7361    20100327	2.0074997766666666E7
7361    20100402	2.0076333766666666E7
7361    20100420	2.00776674E7
7361    20100510	2.00790038E7
7361    20101207	2.0080359833333332E7
7361    20110119	2.0082010333333332E7
7361    20110120	2.00836543E7
7361    20110127	2.0085298066666666E7
7361    20110222	2.0086941333333332E7
7361    20110228	2.0088575366666667E7
7361    20110429	2.0090215366666667E7
7361    20110516	2.0091561866666667E7
7361    20110604	2.0092907733333334E7
7361    20110624	2.00942483E7
7361    20110626	2.00955655E7
7361    20110901	2.0096887833333332E7
7361    20120310	2.00982273E7
7361    20120501	2.00995705E7
7361    20120622	2.0100910433333334E7
7361    20120731	2.0102241133333333E7
7361    20120805	2.01035678E7
7361    20121005	2.0104900366666667E7
7361    20130405	2.01065436E7
7361    20130424	2.01081835E7
7361    20130621	2.01095334E7
7361    20130902	2.0110886333333332E7
7361    20140607	2.0112559433333334E7
7361    20140823	2.0114235966666665E7
7361    20140826	2.0115899266666666E7
7361    20141206	2.0117572333333332E7
7361    20150224	2.0119235566666666E7
7361    20150609	2.0120909133333333E7
7361    20150701	2.0122585166666668E7
7361    20150711	2.0124258533333335E7
7361    20150714	2.0125908766666666E7
7361    20150715	2.0127261966666665E7
7361    20150727	2.0128615533333335E7
7361    20151102	2.0129981366666667E7
7361    20151103	2.0131344066666666E7
7361    20151109	2.0132706766666666E7
7361    20151112	2.0134062866666667E7
7361    20151205	2.0135419166666668E7
7361    20151230	2.0136773366666667E7
7361    20160215	2.01384264E7
7361    20160410	2.0140085866666667E7
7361    20160427	2.0141736733333334E7
7361    20160524	2.01430772E7
7361    20160626	4.029016286666667E7
7361    20160717	2.0147081033333335E7
7361    20160723	2.0148411633333333E7
7361    20160816	2.0149738666666668E7
7361    20161015	2.0150759E7
