7438    20060216	2.0047979966666665E7
7438    20060418	2.0048643733333334E7
7438    20060502	2.0049309833333332E7
7438    20060517	2.00499698E7
7438    20060518	2.0050629533333335E7
7438    20060526	2.0051286033333335E7
7438    20060606	2.00519428E7
7438    20060717	2.00526028E7
7438    20060801	2.0053265466666665E7
7438    20060802	2.0053927866666667E7
7438    20060814	2.0054587433333334E7
7438    20060827	2.0055244966666665E7
7438    20060923	2.0055905233333334E7
7438    20061108	2.0056268033333335E7
7438    20061207	2.0056630866666667E7
7438    20070228	2.0057294366666667E7
7438    20080415	2.0058297166666668E7
7438    20080702	2.0059307133333333E7
7438    20080713	2.0060317133333333E7
7438    20080814	2.0061330066666666E7
7438    20081028	2.0062350133333333E7
7438    20081128	2.00633701E7
7438    20081226	2.00643802E7
7438    20090124	2.0065684133333333E7
7438    20090414	2.0066997166666668E7
7438    20091014	2.00683273E7
7438    20091020	2.00696571E7
7438    20091023	2.0070686966666665E7
7438    20091107	2.00717196E7
7438    20100516	2.00730658E7
7438    20101205	2.00744321E7
7438    20101207	2.0075791733333334E7
7438    20110127	2.00774459E7
7438    20110222	2.0079102733333334E7
7438    20110901	2.0080782166666668E7
7438    20120609	2.0082784933333334E7
7438    20120626	2.00847856E7
7438    20120731	2.0086786066666666E7
7438    20120805	2.00887862E7
7438    20121113	2.0090796566666666E7
7438    20121208	2.00928097E7
7438    20130218	2.0095122733333334E7
7438    20130902	2.0097455366666667E7
7438    20130927	2.0099782666666668E7
7438    20140202	2.0102415833333332E7
7438    20140823	2.0104769E7
7438    20141115	2.0106792333333332E7
7438    20141206	2.0108809133333333E7
7438    20150203	2.0111125466666665E7
7438    20150217	2.01134389E7
7438    20150424	2.01157521E7
7438    20150522	2.0118065233333334E7
7438    20150609	2.0120378E7
7438    20150701	2.0122397233333334E7
7438    20150715	2.0124407266666666E7
7438    20150716	2.0126397333333332E7
7438    20150926	2.01283942E7
7438    20151103	2.0130396866666667E7
7438    20151104	2.0132396766666666E7
7438    20151107	2.0134083133333333E7
7438    20151205	2.01357498E7
7438    20151230	2.0137417233333334E7
7438    20160330	2.0139090666666668E7
7438    20160415	2.0140763766666666E7
7438    20160416	2.0142414266666666E7
7438    20160427	2.0143741533333335E7
7438    20160510	2.0145071E7
7438    20160608	2.0146400233333334E7
7438    20160626	2.01477276E7
7438    20160719	2.01490478E7
7438    20160723	2.0150364966666665E7
7438    20160801	2.01513844E7
7438    20160816	2.0152381533333335E7
7438    20161006	2.0153384166666668E7
