74458    20150614	2.0122918933333334E7
74458    20150714	2.01245954E7
74458    20150715	2.0126265366666667E7
74458    20150720	2.0127935233333334E7
74458    20150731	2.0129598633333333E7
74458    20150926	2.0131266133333333E7
74458    20151103	2.0132929333333332E7
74458    20151104	4.026995043333333E7
74458    20151107	2.01370146E7
74458    20151112	2.01383609E7
74458    20160115	2.01396907E7
74458    20160215	2.0141014466666665E7
74458    20160216	2.0142334933333334E7
74458    20160330	2.0143659166666668E7
74458    20160427	2.0144986433333334E7
74458    20160508	2.0146315766666666E7
74458    20160626	4.029661856666667E7
74458    20160728	2.0150293133333333E7
74458    20160816	2.0151313066666666E7
74458    20160907	2.01523295E7
