745    20011019	1.9986063633333333E7
745    20020731	1.99880706E7
745    20030324	1.99903811E7
745    20031002	1.9992710966666665E7
745    20031230	1.9995044333333332E7
745    20040702	1.9997397033333335E7
745    20040808	1.9999753233333334E7
745    20050727	2.0002439966666665E7
745    20050820	2.0005120066666666E7
745    20050904	2.0007802666666668E7
745    20051112	2.00104755E7
745    20060116	2.0013442233333334E7
745    20060203	2.00164089E7
745    20060411	2.0019382033333335E7
745    20060518	2.0022059266666666E7
745    20060526	2.0024376433333334E7
745    20070202	2.0027015733333334E7
745    20070703	4.006198693333333E7
745    20080415	2.0034995066666666E7
745    20080618	2.00376682E7
745    20081014	2.0040345233333334E7
745    20090414	2.0043325633333333E7
745    20090422	2.0046302366666667E7
745    20091014	2.0049298833333332E7
745    20100829	2.0052622233333334E7
745    20110212	2.0055958866666667E7
745    20120221	2.0059628833333332E7
745    20121014	2.0063324966666665E7
745    20121123	2.00670019E7
745    20140823	2.00713287E7
745    20141116	2.0075341533333335E7
745    20150913	2.0079361166666668E7
