750    20000802	1.99856733E7
750    20001108	1.9987009833333332E7
750    20001120	3.997771936666667E7
750    20001121	1.9990409666666668E7
750    20001127	1.99914404E7
750    20001128	1.99924644E7
750    20001209	1.99934908E7
750    20001228	1.99944946E7
750    20010102	1.99954913E7
750    20010314	1.9996488366666667E7
750    20010402	1.9997487866666667E7
750    20010815	1.99984945E7
750    20011019	1.99991917E7
750    20020405	2.0000174233333334E7
750    20020908	2.0001171066666666E7
750    20030207	2.0002477733333334E7
750    20030919	2.0003807866666667E7
750    20031027	2.0005141333333332E7
750    20040824	2.0006798766666666E7
750    20040903	2.00084585E7
750    20050304	2.00104312E7
750    20050320	2.0012401433333334E7
750    20050409	2.00143741E7
750    20050426	2.0016047666666668E7
750    20051006	2.00177377E7
750    20051023	2.0019424933333334E7
750    20060118	2.0021414733333334E7
750    20060203	2.0023407333333332E7
750    20060310	2.0025397566666666E7
750    20060526	2.0027388366666667E7
750    20060718	2.0029375366666667E7
750    20060814	2.0031365166666668E7
750    20060821	2.00333552E7
750    20061108	2.0035354766666666E7
750    20061109	2.0037354166666668E7
750    20070713	2.0039673666666668E7
750    20080415	2.0042313866666667E7
750    20080711	2.00449633E7
750    20080810	2.0047320233333334E7
750    20080812	2.0049670166666668E7
750    20081005	2.00520236E7
750    20081014	2.0054363566666666E7
750    20081110	2.0056699933333334E7
750    20090414	2.0059033566666666E7
750    20091201	2.0061376666666668E7
750    20100316	2.0063713633333333E7
750    20100327	2.0066027233333334E7
750    20100506	2.00683432E7
750    20110127	2.00706533E7
750    20110212	2.00729636E7
750    20110306	2.0074963666666668E7
750    20110604	2.0076973133333333E7
750    20110901	2.0078989533333335E7
750    20111015	2.0081009166666668E7
750    20120501	2.0083325666666668E7
750    20120609	2.00856452E7
750    20120622	2.0087662E7
750    20120719	2.00896792E7
750    20120724	2.0091693E7
750    20121123	2.00937129E7
750    20131019	2.0096056266666666E7
750    20150701	2.00990525E7
750    20150713	2.01020489E7
750    20150715	2.01050358E7
750    20150720	2.0108022833333332E7
750    20150926	2.01106966E7
750    20150927	2.0113047E7
750    20151125	2.0115394133333333E7
750    20151205	2.0117740633333333E7
750    20160410	2.01203939E7
750    20160516	2.0123044266666666E7
750    20160524	2.01256946E7
750    20160626	2.0128345133333333E7
750    20160717	2.0130688566666666E7
750    20160801	2.0133008566666666E7
