778    19991007	1.99720592E7
778    19991012	1.99730626E7
778    19991229	1.9974069933333334E7
778    20000407	1.9975383166666668E7
778    20000424	1.9976693866666667E7
778    20000505	1.9978007166666668E7
778    20000520	1.9979320633333333E7
778    20000612	1.9980637033333335E7
778    20000703	1.9981953266666666E7
778    20000731	1.99829736E7
778    20001002	1.9984000133333333E7
778    20001120	1.9985027366666667E7
778    20010407	1.99863637E7
778    20011019	1.9987720033333335E7
778    20020316	1.99893836E7
778    20030531	1.99913874E7
778    20031230	1.99934142E7
778    20040114	1.9995734466666665E7
778    20040601	1.9998070533333335E7
778    20040726	2.00004073E7
778    20041010	2.00027434E7
778    20050110	2.0005382766666666E7
778    20050323	2.00080201E7
778    20050403	2.0010360166666668E7
778    20050426	2.00126943E7
778    20050530	2.00150319E7
778    20050608	2.0017345266666666E7
778    20050610	2.00193414E7
778    20050923	2.0021338733333334E7
778    20051023	2.00233394E7
778    20051116	2.0025343033333335E7
778    20051204	2.0027349433333334E7
778    20060128	2.0029646066666666E7
778    20060130	2.0031636833333332E7
778    20060526	2.0033640233333334E7
778    20060606	2.00356436E7
778    20060813	2.0037653366666667E7
778    20060821	2.0039660333333332E7
778    20061008	2.00416705E7
778    20061229	2.00436871E7
778    20070204	2.0045993833333332E7
778    20070627	2.0048310733333334E7
778    20080126	2.00506347E7
778    20080424	2.00529482E7
778    20080711	2.0054961366666667E7
778    20080810	2.0056637333333332E7
778    20090414	2.0058610133333333E7
778    20090809	2.0060299966666665E7
778    20091018	2.0061980533333335E7
778    20100512	2.00639734E7
778    20100516	2.0065956933333334E7
778    20100807	2.0067646833333332E7
778    20100831	2.0069330433333334E7
778    20101205	2.0071023833333332E7
778    20110127	2.0073013866666667E7
778    20110227	2.0075003766666666E7
778    20110307	2.0076993733333334E7
778    20110516	2.00789906E7
778    20110624	2.0080980633333333E7
778    20110703	2.0082969966666665E7
778    20110821	2.0084960133333333E7
778    20120502	2.0087270066666666E7
778    20120609	2.00892861E7
778    20121108	2.00913187E7
778    20121111	2.00933382E7
778    20121123	2.0095355433333334E7
778    20121130	2.0097366E7
778    20130218	2.0099679233333334E7
778    20130902	2.0102009033333335E7
778    20130927	2.01043323E7
778    20140115	2.0106662666666668E7
778    20140202	2.0108981833333332E7
778    20140205	2.0110984466666665E7
778    20140618	2.0112990933333334E7
778    20140712	2.0114990966666665E7
778    20150224	2.0117304766666666E7
778    20150609	2.0119311266666666E7
778    20150701	2.0121307666666668E7
778    20150715	2.0123297566666666E7
778    20150720	2.0124971166666668E7
778    20150926	2.01266515E7
778    20151108	2.01283282E7
778    20151124	2.0130004633333333E7
778    20151205	2.01316713E7
778    20160115	2.0133337566666666E7
778    20160207	2.0135003566666666E7
778    20160416	2.0136673866666667E7
778    20160427	2.0138337566666666E7
778    20160515	2.01400006E7
778    20160518	2.01416611E7
778    20160524	2.0143317866666667E7
778    20160608	2.0144654733333334E7
778    20160626	4.029329453333333E7
778    20160816	2.01486294E7
