780    19961230	1.9961007466666665E7
780    19970108	3.99229548E7
780    19970109	1.9961946633333333E7
780    19970113	1.9962257033333335E7
780    19970114	1.99625673E7
780    19970119	1.9962877433333334E7
780    19970121	3.992668443333333E7
780    19970122	1.9963806866666667E7
780    19970125	1.99641142E7
780    19970127	1.9964418333333332E7
780    19970128	1.99647223E7
780    19970131	1.9965026366666667E7
780    19970205	1.99653327E7
780    19970214	1.99656392E7
780    19970215	1.99659457E7
780    19970221	1.9966249533333335E7
780    19970303	3.99334184E7
780    19970317	1.9967169033333335E7
780    19970318	1.9967475633333333E7
780    19970324	1.9967782366666667E7
780    19970329	1.99680892E7
780    19970409	1.9968398666666668E7
780    19970413	1.9968708133333333E7
780    19970417	1.99690148E7
780    19970426	1.9969321566666666E7
780    19970506	1.9969630833333332E7
780    19970519	1.99699405E7
780    19970603	1.9970252933333334E7
780    19970621	1.9970270033333335E7
780    19970623	3.994059153333333E7
780    19970708	1.9970324166666668E7
780    19970716	1.9970344233333334E7
780    19970929	1.9970371233333334E7
780    19971014	1.9970401E7
780    19971108	1.99704339E7
780    19971114	1.9970466966666665E7
780    19971203	1.99705029E7
780    19980101	1.9970835366666667E7
780    19980201	1.9971171133333333E7
780    19981002	1.99715335E7
780    19981207	1.9971900233333334E7
780    19990727	1.9972584E7
780    19991012	1.9973277233333334E7
780    19991015	1.9973970366666667E7
780    19991111	1.9974663966666665E7
780    19991123	3.995140946666667E7
780    19991215	1.9976748066666666E7
780    19991216	1.9977444466666665E7
780    19991229	1.9978141133333333E7
780    20000131	1.9979131866666667E7
780    20000219	1.99801254E7
780    20000316	1.9981122033333335E7
780    20000318	1.9982118433333334E7
780    20000406	1.99831151E7
780    20000510	1.99841148E7
780    20000602	1.9985114766666666E7
780    20000605	1.9986114233333334E7
780    20000731	1.9987117833333332E7
780    20000803	1.9988123833333332E7
780    20000904	1.9989130366666667E7
780    20001002	1.99901399E7
780    20001104	1.9991145733333334E7
780    20001121	1.99921493E7
780    20001128	1.9993149966666665E7
780    20001209	1.9994153133333333E7
780    20001228	1.9995153966666665E7
780    20010119	1.9996154566666666E7
780    20010122	1.9997151933333334E7
780    20010708	1.9998142133333333E7
780    20010717	1.99991258E7
780    20011016	1.99998021E7
780    20011019	2.0000469E7
780    20011217	2.00011424E7
780    20011228	2.0001812966666665E7
780    20020316	2.0002786066666666E7
780    20020412	2.0003762366666667E7
780    20020418	2.00047358E7
780    20020717	2.0005719166666668E7
780    20020908	2.0006708466666665E7
780    20021228	2.00074117E7
780    20030207	2.00084113E7
780    20030406	2.00094143E7
780    20030730	2.0010428033333335E7
780    20030827	2.0011442066666666E7
780    20040207	2.00127653E7
780    20040526	2.00140961E7
780    20040808	2.00154362E7
780    20040820	2.00167725E7
780    20040830	2.0018106733333334E7
780    20040903	2.0019440033333335E7
780    20040929	2.0020770933333334E7
780    20041014	2.0022101266666666E7
780    20041110	2.0023434233333334E7
780    20041128	2.0024767566666666E7
780    20041202	2.0026100666666668E7
780    20050125	2.0027730566666666E7
780    20050128	2.00290642E7
780    20050304	2.00304036E7
780    20050309	2.0031723633333333E7
780    20050310	2.00330434E7
780    20050321	2.0034353566666666E7
780    20050322	4.0072630833333336E7
780    20050331	2.00382706E7
780    20050404	2.0039273533333335E7
780    20050405	2.00402733E7
780    20050412	2.00412731E7
780    20050416	2.0042263066666666E7
780    20050423	2.00432469E7
780    20050501	2.0044222666666668E7
780    20050530	2.00449001E7
780    20050831	2.0045580933333334E7
780    20051023	2.0046257366666667E7
780    20051116	2.0046933666666668E7
780    20060128	2.00475977E7
780    20060130	2.0048251166666668E7
780    20060203	2.0048897666666668E7
780    20060215	2.0049544166666668E7
780    20060327	2.0050194066666666E7
780    20060418	2.0050844566666666E7
780    20060518	2.0051497533333335E7
780    20060526	2.0052147933333334E7
780    20060724	2.0052801733333334E7
780    20060814	2.0053457933333334E7
780    20061108	2.0054121466666665E7
780    20061229	2.00544916E7
780    20070228	2.00551616E7
780    20070302	2.00558282E7
780    20070627	2.0056505466666665E7
780    20070703	2.0057185233333334E7
780    20080126	2.0058178733333334E7
780    20080205	2.0059174833333332E7
780    20080623	2.0060184866666667E7
780    20080701	2.00611972E7
780    20080711	2.0062207433333334E7
780    20080810	2.0063220933333334E7
780    20081028	2.0064241466666665E7
780    20081128	2.00652652E7
780    20081130	2.0066288766666666E7
780    20090124	2.0067609533333335E7
780    20090209	2.0068932166666668E7
780    20090402	2.00702512E7
780    20090414	4.01444384E7
780    20090809	2.0073896866666667E7
780    20091020	2.0074926533333335E7
780    20091107	2.0075956666666668E7
780    20100118	2.0077286766666666E7
780    20100327	2.00786201E7
780    20100413	2.0079953266666666E7
780    20100430	2.0081283666666668E7
780    20100516	2.0082616666666668E7
780    20100610	2.00839462E7
780    20101205	2.0085292566666666E7
780    20101207	2.00866292E7
780    20110127	2.0088259133333333E7
780    20110222	2.0089592266666666E7
780    20110307	2.0090925766666666E7
780    20110711	2.00922619E7
780    20110901	2.0093601833333332E7
780    20120502	2.00949477E7
780    20120801	2.00963009E7
780    20130205	2.0097953633333333E7
780    20130218	2.00996042E7
780    20140126	2.01015847E7
780    20140721	2.0103581733333334E7
780    20150304	2.0105890933333334E7
780    20150306	2.0108196866666667E7
780    20150609	2.0110512833333332E7
780    20150714	2.01125325E7
780    20150813	2.0114552633333333E7
780    20150823	2.0116566666666668E7
780    20150917	2.0118583433333334E7
780    20150927	2.0120600533333335E7
780    20160115	2.0122910733333334E7
780    20160309	2.0125220366666667E7
780    20160311	2.0127527166666668E7
780    20160416	2.01295371E7
780    20160507	2.01315431E7
780    20160524	2.01335468E7
780    20160721	2.01355565E7
780    20160816	2.01375665E7
780    20160907	2.01395764E7
780    20161006	2.0141569766666666E7
