783    20041010	1.9992094833333332E7
783    20050305	1.9995074666666668E7
783    20050401	1.9998057366666667E7
783    20050518	2.0001041E7
783    20050723	2.00040279E7
783    20051116	2.00070245E7
783    20060207	2.0010017633333333E7
783    20060411	2.0013017133333333E7
783    20060418	2.00160142E7
783    20070228	2.0019337833333332E7
783    20080205	2.0022990633333333E7
783    20080711	2.00266574E7
783    20080816	2.00303203E7
783    20081212	2.0033990033333335E7
783    20081227	2.0037357566666666E7
783    20110127	2.0041328366666667E7
783    20120520	2.0045642E7
783    20120630	2.0049955966666665E7
783    20130620	2.0054602766666666E7
783    20160507	2.00599423E7
