784    20040728	1.9987247133333333E7
784    20040820	1.9989913466666665E7
784    20040903	1.9992573033333335E7
784    20041121	1.9995236133333333E7
784    20050129	1.9997903466666665E7
784    20050211	2.0000573133333333E7
784    20050322	2.00032465E7
784    20050327	2.000592E7
784    20050419	2.0008596266666666E7
784    20050608	2.0011276366666667E7
784    20051110	2.00139729E7
784    20060131	2.0016967166666668E7
784    20060215	2.0019963366666667E7
784    20060616	2.0022970133333333E7
784    20060718	2.0025980166666668E7
784    20060724	2.0028987433333334E7
784    20061229	2.00320083E7
784    20080126	2.0035655533333335E7
784    20080205	2.0038628633333333E7
784    20080711	2.0041308433333334E7
784    20080810	2.0043985166666668E7
784    20081210	2.00466678E7
784    20091015	2.0049664666666668E7
784    20100430	2.0052974966666665E7
784    20110127	2.0056605566666666E7
784    20110901	2.0059948266666666E7
784    20140202	2.0064267566666666E7
784    20141206	2.0068301E7
784    20141225	2.00719675E7
784    20160816	2.0075977166666668E7
