785    20001214	1.9988383966666665E7
785    20010606	1.9989733433333334E7
785    20010701	1.99910833E7
785    20010717	1.9992433366666667E7
785    20011216	1.9993797133333333E7
785    20020310	1.9995463566666666E7
785    20020316	1.9997126866666667E7
785    20020418	1.9998790166666668E7
785    20020929	2.0000467033333335E7
785    20030929	2.00024579E7
785    20031022	2.0004151933333334E7
785    20040204	2.00061316E7
785    20040526	2.00081089E7
785    20040728	2.00097756E7
785    20041119	2.00114392E7
785    20050419	2.00134123E7
785    20050505	2.0015388166666668E7
785    20050608	2.0017070733333334E7
785    20051110	2.00187675E7
785    20060203	2.0020767133333333E7
785    20060225	2.0022764033333335E7
785    20061226	2.00247881E7
785    20091201	2.0027801166666668E7
785    20100624	2.0031125166666668E7
785    20110127	2.00347622E7
785    20110503	2.0038408833333332E7
785    20111120	2.00420756E7
785    20120118	2.00460422E7
785    20140205	2.0050678333333332E7
785    20141024	2.00553391E7
785    20160816	2.0060659166666668E7
