786    19970506	1.9965954633333333E7
786    19970519	1.99662809E7
786    19970621	1.9966607766666666E7
786    19970623	3.9934194833333336E7
786    19970716	1.9967587533333335E7
786    19980201	1.9968230233333334E7
786    19980616	1.9968883866666667E7
786    19981002	1.9969547033333335E7
786    19991216	1.9970549933333334E7
786    20000316	1.9971853566666666E7
786    20000418	1.9973160266666666E7
786    20000425	1.9974466833333332E7
786    20000602	1.9975779266666666E7
786    20001105	1.9977108466666665E7
786    20001121	1.99781422E7
786    20001209	1.9979178466666665E7
786    20020412	1.99808548E7
786    20030429	1.9982864933333334E7
786    20040726	1.9985215633333333E7
786    20040820	1.9987569166666668E7
786    20050406	1.99902422E7
786    20050419	1.9992915466666665E7
786    20050422	1.99955861E7
786    20050608	1.9998262933333334E7
786    20060215	2.0001259533333335E7
786    20060311	2.00042593E7
786    20060322	2.0007259066666666E7
786    20060517	2.00102624E7
786    20060721	2.0013272233333334E7
786    20061229	2.0016296333333332E7
786    20080126	2.00199499E7
786    20080711	2.0023619566666666E7
786    20110901	2.00282955E7
786    20140426	2.00339556E7
786    20151104	2.0039968533333335E7
786    20160309	2.0045972133333333E7
786    20160507	2.00519685E7
786    20160515	2.0057952266666666E7
786    20160816	2.00636056E7
