788    19981207	1.9970810966666665E7
788    19991216	1.9971823833333332E7
788    19991229	1.9972834133333333E7
788    20000208	1.9974133633333333E7
788    20000318	1.9975140733333334E7
788    20000407	1.99761507E7
788    20000504	1.99771638E7
788    20000527	1.99781773E7
788    20000602	1.9979193E7
788    20000803	1.9980212933333334E7
788    20001117	1.99812433E7
788    20001121	1.9982273533333335E7
788    20001128	1.9983303966666665E7
788    20010715	1.9984653766666666E7
788    20011019	1.9986010966666665E7
788    20020418	1.9987680966666665E7
788    20020624	1.9989357633333333E7
788    20021228	1.9991054266666666E7
788    20030207	1.9993047533333335E7
788    20030406	1.99950473E7
788    20040623	1.9997384533333335E7
788    20041121	1.9999737933333334E7
788    20050423	2.00023986E7
788    20050608	2.0005064833333332E7
788    20051213	2.0007751166666668E7
788    20060311	2.0010737666666668E7
788    20060526	2.0013718066666666E7
788    20060813	2.0016408466666665E7
788    20061112	2.0019091866666667E7
788    20070511	2.00220755E7
788    20090414	2.0025715733333334E7
788    20090528	2.0029026133333333E7
788    20091015	2.0032352333333332E7
788    20110127	2.00360163E7
788    20110901	2.00397024E7
788    20120122	2.00436929E7
788    20130424	2.0048023566666666E7
788    20160507	2.0053356233333334E7
788    20160816	2.00586967E7
