79132    20120603	2.0109229066666666E7
79132    20120609	2.0109892066666666E7
79132    20120626	2.0110555466666665E7
79132    20120731	2.01112223E7
79132    20120818	2.0111891866666667E7
79132    20121111	2.0112568766666666E7
79132    20121113	2.0113242066666666E7
79132    20121123	2.0113905933333334E7
79132    20121130	2.0114569766666666E7
79132    20121204	2.01149398E7
79132    20130109	2.0115606133333333E7
79132    20130218	2.0116276E7
79132    20130419	2.01169524E7
79132    20130601	2.0117634833333332E7
79132    20130908	2.0118324466666665E7
79132    20130927	2.0119014733333334E7
79132    20140114	2.01200079E7
79132    20140202	2.0121000333333332E7
79132    20140205	2.01219903E7
79132    20140823	2.0123000866666667E7
79132    20140825	2.0124011166666668E7
79132    20141116	2.0125028233333334E7
79132    20141206	2.0126044733333334E7
79132    20141219	2.0127055333333332E7
79132    20150105	2.0128361566666666E7
79132    20150203	2.0129670866666667E7
79132    20150224	2.0130977833333332E7
79132    20150306	2.0131984033333335E7
79132    20150409	2.01329903E7
79132    20150501	2.0133990266666666E7
79132    20150518	2.0134987433333334E7
79132    20150522	2.0135984533333335E7
79132    20150608	2.0136983933333334E7
79132    20150701	2.0137982933333334E7
79132    20150711	2.0138979366666667E7
79132    20150714	2.0139966133333333E7
79132    20150715	2.0140952866666667E7
79132    20150719	2.01419394E7
79132    20150727	2.0142925966666665E7
79132    20150823	2.0143913266666666E7
79132    20150902	2.0144606366666667E7
79132    20150913	2.01452962E7
79132    20150926	2.0145979766666666E7
79132    20150927	2.01466573E7
79132    20151002	2.01473271E7
79132    20151013	2.0147996633333333E7
79132    20151020	2.0148360166666668E7
79132    20151024	2.01487209E7
79132    20151103	4.0298511E7
79132    20151104	4.029987186666667E7
79132    20151107	2.0150432433333334E7
79132    20151108	2.0150762066666666E7
79132    20151121	2.0150795933333334E7
79132    20151129	2.01508268E7
79132    20151205	4.030174896666667E7
79132    20151212	2.0150916233333334E7
79132    20151230	2.0150940533333335E7
79132    20160101	2.0151259966666665E7
79132    20160115	2.0151579733333334E7
79132    20160330	4.030412856666667E7
79132    20160416	2.0152548266666666E7
79132    20160427	2.0152872033333335E7
79132    20160507	2.0153198433333334E7
79132    20160508	2.0153524733333334E7
79132    20160516	2.0153851033333335E7
79132    20160524	2.01541744E7
79132    20160608	2.0154497933333334E7
79132    20160626	6.046543506666667E7
79132    20160721	2.01557923E7
79132    20160723	2.0156115966666665E7
79132    20160728	2.0156439566666666E7
79132    20160801	2.0156765466666665E7
79132    20160816	2.0157089233333334E7
79132    20160818	2.0157413066666666E7
79132    20160830	2.0157737266666666E7
79132    20160907	2.0158064033333335E7
