802    19970621	1.9967763566666666E7
802    19970623	3.993650756666667E7
802    19970716	1.99687466E7
802    19970929	1.9969080566666666E7
802    19971108	1.9969420166666668E7
802    19971114	1.99697572E7
802    19971203	1.9970097E7
802    19980814	1.9970756833333332E7
802    19991012	1.9971453633333333E7
802    19991015	1.99721505E7
802    19991101	1.9972849833333332E7
802    19991216	1.9973553E7
802    20000131	1.99745533E7
802    20000504	1.9975565933333334E7
802    20000509	1.9976578666666668E7
802    20001104	1.99776112E7
802    20001120	1.99786417E7
802    20001209	1.9979674866666667E7
802    20010715	1.99810249E7
802    20020801	1.99827111E7
802    20030324	1.9984714533333335E7
802    20030406	1.9986717966666665E7
802    20030416	1.9988721733333334E7
802    20030827	1.9990738733333334E7
802    20040808	1.99930884E7
802    20041010	1.9995444433333334E7
802    20050322	1.99981082E7
802    20050410	2.0000774333333332E7
802    20050603	2.00034438E7
802    20050608	2.0006110033333335E7
802    20051002	2.0008789333333332E7
802    20060418	2.00117825E7
802    20060526	2.0014776166666668E7
802    20060813	2.00177723E7
802    20070228	2.00210763E7
802    20080711	2.0024729533333335E7
802    20090414	2.0028703233333334E7
802    20100209	2.0032683066666666E7
802    20100624	2.00363368E7
802    20110127	2.00403072E7
802    20141216	2.0045311033333335E7
802    20160507	2.0050954066666666E7
