805    20010620	1.9974190933333334E7
805    20020114	1.9976167066666666E7
805    20020418	1.9978150666666668E7
805    20040423	1.9980800766666666E7
805    20040808	1.9983460733333334E7
805    20050322	1.9986431233333334E7
805    20050327	1.99891052E7
805    20050423	3.998624186666667E7
805    20051116	1.9997159333333332E7
805    20060215	2.0000162466666665E7
805    20060418	2.0003172333333332E7
805    20060526	2.00061856E7
805    20060731	2.0009203133333333E7
805    20080711	2.0012886366666667E7
805    20081128	2.0016583466666665E7
805    20081227	2.0020283666666668E7
805    20130601	2.00256296E7
805    20160416	2.00319662E7
805    20160507	2.00383028E7
