832    19991215	1.9973005666666668E7
832    19991216	1.9974005966666665E7
832    19991229	1.9975006366666667E7
832    20000131	1.99763031E7
832    20000219	1.9977306766666666E7
832    20000425	1.99783169E7
832    20000803	1.99793396E7
832    20001002	1.9980368733333334E7
832    20001105	1.9981398433333334E7
832    20001114	1.99824284E7
832    20001118	1.99834583E7
832    20001209	1.9984487633333333E7
832    20001229	1.9985514966666665E7
832    20010620	1.9986854766666666E7
832    20020413	1.9988518333333332E7
832    20021002	1.99902011E7
832    20030409	1.99921943E7
832    20040128	1.9994511133333333E7
832    20040601	1.9996840866666667E7
832    20040726	1.9999174533333335E7
832    20040903	2.0001507066666666E7
832    20041110	2.0003846433333334E7
832    20041128	2.0006180433333334E7
832    20050110	2.0008810666666668E7
832    20050309	2.00111476E7
832    20050322	6.004733856666667E7
832    20050327	2.0020062733333334E7
832    20050402	2.0022038966666665E7
832    20050413	2.0024012233333334E7
832    20050419	2.0025985666666668E7
832    20060103	2.0028281466666665E7
832    20060215	2.0030284266666666E7
832    20060418	2.00322909E7
832    20060606	2.0034296933333334E7
832    20060616	2.00362907E7
832    20061219	2.0038297933333334E7
832    20061226	2.0040301966666665E7
832    20070301	2.00426082E7
832    20080126	2.00452418E7
832    20091020	2.00482355E7
832    20100430	2.00515422E7
832    20110901	2.00548849E7
832    20160416	2.0059551666666668E7
832    20160507	2.0064201833333332E7
832    20160816	2.0068548733333334E7
