8360    20060518	2.0050568266666666E7
8360    20060724	2.00512388E7
8360    20061204	2.0051925233333334E7
8360    20061207	2.0052598333333332E7
8360    20061229	2.0053271733333334E7
8360    20070623	2.00542558E7
8360    20071110	2.0054952566666666E7
8360    20080618	2.0055966133333333E7
8360    20080711	2.0056979666666668E7
8360    20080714	2.0057993133333333E7
8360    20081030	2.0059016766666666E7
8360    20081129	2.0060043666666668E7
8360    20081208	2.00610732E7
8360    20081210	2.00621028E7
8360    20090125	2.0063429566666666E7
8360    20090209	2.00647591E7
8360    20090422	2.0066093066666666E7
8360    20090912	2.0067443366666667E7
8360    20091020	2.0068797066666666E7
8360    20100327	2.0070460866666667E7
8360    20100829	2.0072128E7
8360    20101205	2.0073804066666666E7
8360    20101207	2.0075476866666667E7
8360    20110127	2.00774441E7
8360    20110222	2.00794143E7
8360    20110422	2.0081387933333334E7
8360    20110429	2.0083064533333335E7
8360    20110509	2.0084737833333332E7
8360    20110711	2.0086414266666666E7
8360    20110901	2.0088093733333334E7
8360    20110930	2.0089774133333333E7
8360    20120609	2.00917703E7
8360    20120630	2.0093751166666668E7
8360    20121123	2.0095748366666667E7
8360    20130620	2.00980614E7
8360    20150203	2.0100714066666666E7
8360    20150217	2.0103350966666665E7
8360    20150304	2.0105673833333332E7
8360    20150610	2.01080038E7
8360    20150726	2.0110337533333335E7
8360    20150823	2.0112663966666665E7
8360    20150902	2.0114989733333334E7
8360    20150930	2.01173138E7
8360    20151107	2.01196437E7
8360    20151129	2.0121677166666668E7
8360    20160215	2.01240107E7
8360    20160330	2.0126340966666665E7
8360    20160507	2.01286608E7
8360    20160508	2.0130977066666666E7
8360    20160626	4.02679673E7
8360    20161014	2.01369739E7
