8368    20070302	2.00552399E7
8368    20070707	2.0056233366666667E7
8368    20080126	2.0057537133333333E7
8368    20080727	2.0058860466666665E7
8368    20080810	2.0059883433333334E7
8368    20081210	2.0060916733333334E7
8368    20090112	2.0062246566666666E7
8368    20090201	2.00635763E7
8368    20090209	2.00649059E7
8368    20090414	2.0066242266666666E7
8368    20091023	2.0067596266666666E7
8368    20100501	2.0069265866666667E7
8368    20100506	2.00709353E7
8368    20100516	2.0072604966666665E7
8368    20110127	2.00745751E7
8368    20110222	2.00765455E7
8368    20110307	2.0078518533333335E7
8368    20110429	2.0080195133333333E7
8368    20110711	2.0081878733333334E7
8368    20110804	2.0083561866666667E7
8368    20110901	2.0085244633333333E7
8368    20120221	2.0087234733333334E7
8368    20120501	2.00892339E7
8368    20120626	2.00912344E7
8368    20121104	2.00932404E7
8368    20121118	2.00952404E7
8368    20130620	2.0097554133333333E7
8368    20140421	2.0100193866666667E7
8368    20141116	2.0102560666666668E7
8368    20150203	2.01052265E7
8368    20150226	2.0107890633333333E7
8368    20150424	2.0110547866666667E7
8368    20150518	2.0112894266666666E7
8368    20150522	2.0115220766666666E7
8368    20150610	2.0117547433333334E7
8368    20150710	2.01198641E7
8368    20150711	4.024578513333333E7
8368    20150715	2.0125917933333334E7
8368    20150823	2.0127931566666666E7
8368    20150911	2.0129927833333332E7
8368    20150921	2.01316085E7
8368    20150927	2.01332892E7
8368    20151103	2.0134975433333334E7
8368    20151107	2.0136341433333334E7
8368    20151230	2.0137708366666667E7
8368    20160115	2.0139368633333333E7
8368    20160215	2.0141028166666668E7
8368    20160416	2.0142685E7
8368    20160507	2.0144341766666666E7
8368    20160626	4.029334536666667E7
8368    20160816	2.0148689933333334E7
8368    20161006	2.0150035933333334E7
8368    20161014	2.0151366266666666E7
