8376    20110308	2.0069324433333334E7
8376    20111015	2.00716549E7
8376    20111124	2.0073682033333335E7
8376    20120804	2.0076028633333333E7
8376    20121111	2.00783749E7
8376    20121127	2.00804082E7
8376    20130620	2.0082757866666667E7
8376    20141206	2.00854574E7
8376    20150610	2.00884703E7
8376    20150727	2.00914806E7
8376    20150927	2.0094494E7
8376    20150930	2.0097507466666665E7
8376    20151230	2.0100524533333335E7
8376    20160410	2.0103844166666668E7
8376    20160524	2.0107167366666667E7
8376    20160626	2.0110491466666665E7
