8464    20110127	2.0059641666666668E7
8464    20110307	2.0061964833333332E7
8464    20120122	2.00646121E7
8464    20121203	2.00672946E7
8464    20130218	2.00702684E7
8464    20140908	2.0073598366666667E7
8464    20141115	2.0076934633333333E7
8464    20141116	2.0079964366666667E7
8464    20150306	2.0083294533333335E7
8464    20150610	2.0086634E7
8464    20151010	2.00899868E7
8464    20151230	2.0093337E7
8464    20160330	2.0096980566666666E7
8464    20160722	2.01006343E7
8464    20160802	2.0104287566666666E7
8464    20160816	2.0107643833333332E7
