852    20000425	1.99759122E7
852    20000504	1.9977228766666666E7
852    20001104	1.9978564933333334E7
852    20001209	1.9979898333333332E7
852    20010606	1.9981544633333333E7
852    20010623	1.9982895133333333E7
852    20011111	1.9984261466666665E7
852    20030416	1.99862713E7
852    20030827	1.99882948E7
852    20031022	1.99903245E7
852    20031204	1.9992357466666665E7
852    20031230	1.9994388366666667E7
852    20040526	1.9996728666666668E7
852    20040726	1.99990726E7
852    20041010	2.0001425966666665E7
852    20050419	2.0004089733333334E7
852    20050608	2.0006759366666667E7
852    20060225	2.0009746166666668E7
852    20060418	2.0012739333333332E7
852    20080711	2.0016405833333332E7
852    20130127	2.00217125E7
852    20130601	2.0027025766666666E7
852    20130620	2.0032039733333334E7
