858    20000107	1.99817968E7
858    20000205	1.99827996E7
858    20000402	1.9983806166666668E7
858    20000406	1.9984806166666668E7
858    20000424	1.99858067E7
858    20000425	1.9986807233333334E7
858    20000504	1.9987810266666666E7
858    20000520	1.99888137E7
858    20000602	3.99806329E7
858    20000603	1.9991815766666666E7
858    20000731	1.9992816266666666E7
858    20000802	1.99938029E7
858    20000805	3.9989645766666666E7
858    20001010	1.9995822833333332E7
858    20001108	1.99964862E7
858    20001109	1.9996823066666666E7
858    20001114	1.99971601E7
858    20001116	1.9997497166666668E7
858    20001118	1.9997834233333334E7
858    20001120	5.999551803333333E7
858    20001127	1.9999169033333335E7
858    20001128	1.99994996E7
858    20001130	1.9999830166666668E7
858    20001206	2.0000163266666666E7
858    20010101	2.0000792866666667E7
858    20010122	2.0001423066666666E7
858    20010130	2.0001757166666668E7
858    20010402	2.0002097066666666E7
858    20010410	2.0002430666666668E7
858    20010815	2.0002777633333333E7
858    20011012	2.0003130566666666E7
858    20011016	2.00034836E7
858    20011231	2.0003841166666668E7
858    20020117	2.00044944E7
858    20020203	2.0005147766666666E7
858    20020412	2.00058081E7
858    20020418	2.00064686E7
858    20020601	2.0007130933333334E7
858    20020624	2.0007791666666668E7
858    20020717	2.00084554E7
858    20020820	2.0009122566666666E7
858    20021228	2.00097965E7
858    20030409	2.00107732E7
858    20030610	2.0011756566666666E7
858    20030706	2.0012742966666665E7
858    20031114	2.00137429E7
858    20040115	2.00150428E7
858    20040526	2.0016356333333332E7
858    20040728	2.00176766E7
858    20041014	2.00190064E7
858    20041110	2.0020339166666668E7
858    20050128	2.00219725E7
858    20050211	2.0023608533333335E7
858    20050305	2.0025245166666668E7
858    20050317	2.00265857E7
858    20050321	2.0027925666666668E7
858    20050403	2.00292681E7
858    20050416	2.00306019E7
858    20050419	2.0031935533333335E7
858    20050426	2.00332559E7
858    20050608	2.0034575766666666E7
858    20050723	2.0035899333333332E7
858    20050904	2.0037221766666666E7
858    20050923	2.0038248633333333E7
858    20051023	2.0039275966666665E7
858    20051110	2.0040299233333334E7
858    20060127	2.0041622866666667E7
858    20060128	2.0042940433333334E7
858    20060130	2.00442573E7
858    20060203	2.00455735E7
858    20060215	2.0046886666666668E7
858    20060305	2.0048189233333334E7
858    20060310	2.0049185933333334E7
858    20060322	2.0050176333333332E7
858    20060411	2.00511665E7
858    20060418	2.00521433E7
858    20060526	2.0052823666666668E7
858    20060616	2.0053493333333332E7
858    20060731	2.00541601E7
858    20060813	2.0054820066666666E7
858    20061112	2.00554868E7
858    20061229	2.0055856833333332E7
858    20070204	2.0056523266666666E7
858    20070302	2.0057189833333332E7
858    20070703	2.0057869366666667E7
858    20080126	2.0058862866666667E7
858    20080205	2.0059856266666666E7
858    20080414	2.00608562E7
858    20080415	2.0061856066666666E7
858    20080425	2.0062856033333335E7
858    20080701	2.0063859133333333E7
858    20080711	2.0064858733333334E7
858    20080805	2.0065855433333334E7
858    20080810	2.0066851666666668E7
858    20081110	2.0067854566666666E7
858    20081128	2.0068855166666668E7
858    20090116	2.00698548E7
858    20090124	2.0070854666666668E7
858    20090402	2.0071863733333334E7
858    20091014	2.0072890766666666E7
858    20100316	2.0074227466666665E7
858    20100327	2.0075561533333335E7
858    20100512	2.00769016E7
858    20100624	2.0078245E7
858    20100807	2.0079591533333335E7
858    20100829	2.0080938566666666E7
858    20101207	2.00822946E7
858    20110103	2.0083944166666668E7
858    20110127	2.00855907E7
858    20110222	2.0087237666666668E7
858    20110306	2.0088877466666665E7
858    20110429	2.0090517466666665E7
858    20110509	2.0091860966666665E7
858    20110630	2.0093205233333334E7
858    20110711	2.0094538833333332E7
858    20110901	2.0095564666666668E7
858    20111015	2.0096591666666668E7
858    20120122	2.0097915266666666E7
858    20120609	2.0099255066666666E7
858    20120611	2.01005946E7
858    20120719	2.0101928533333335E7
858    20120724	2.01032623E7
858    20120731	2.0104593166666668E7
858    20121123	2.0105936933333334E7
858    20130205	2.0107573433333334E7
858    20130404	2.0109215966666665E7
858    20130504	2.0110562233333334E7
858    20130601	2.0111911466666665E7
858    20130629	2.0113252366666667E7
858    20130927	2.01145828E7
858    20131212	2.0115612666666668E7
858    20140114	2.01169389E7
858    20140115	2.0118259E7
858    20140202	2.0119578266666666E7
858    20140823	2.0120912133333333E7
858    20140909	2.0122248133333333E7
858    20141206	2.0123581433333334E7
858    20141219	2.0124618633333333E7
858    20150203	2.01259545E7
858    20150226	2.0127287966666665E7
858    20150501	2.01286278E7
858    20150523	2.0129964266666666E7
858    20150609	2.0131300933333334E7
858    20150701	2.0132636633333333E7
858    20150709	2.01339699E7
858    20150713	2.0135296966666665E7
858    20150715	2.01366203E7
858    20150720	2.0137640233333334E7
858    20150823	2.0138647366666667E7
858    20150902	2.0139657066666666E7
858    20150913	2.0140663533333335E7
858    20150927	2.01416703E7
858    20151002	2.0142679333333332E7
858    20151104	2.01436787E7
858    20151107	2.0144375433333334E7
858    20151108	2.0145065566666666E7
858    20151119	2.0145752733333334E7
858    20151205	2.0146439533333335E7
858    20160115	2.01474224E7
858    20160410	2.0148405166666668E7
858    20160427	2.0149379E7
858    20160515	2.0150059033333335E7
858    20160516	2.0150739066666666E7
858    20160519	2.01514163E7
858    20160717	2.0152079433333334E7
858    20160728	2.0152740066666666E7
858    20160816	2.0153393733333334E7
