8622    20080126	2.0052036033333335E7
8622    20080414	2.00533622E7
8622    20081226	2.0054712933333334E7
8622    20090414	2.00563695E7
8622    20091016	2.00580433E7
8622    20110227	2.0060356766666666E7
8622    20110307	2.0062672766666666E7
8622    20110319	2.0064986633333333E7
8622    20120122	2.0067626666666668E7
8622    20120629	2.0070279933333334E7
8622    20120925	2.00729405E7
8622    20121221	2.0075610866666667E7
8622    20140115	2.0078611033333335E7
8622    20140825	2.00816278E7
8622    20150727	2.0084974633333333E7
8622    20160415	2.0088641166666668E7
8622    20160816	2.0092318266666666E7
