8636    20060305	2.0047932066666666E7
8636    20060310	2.0048585566666666E7
8636    20060319	2.0049239233333334E7
8636    20060418	2.00498959E7
8636    20060526	2.0050553366666667E7
8636    20060717	2.00512166E7
8636    20060814	2.0051883E7
8636    20060924	2.0052549933333334E7
8636    20061110	2.00532229E7
8636    20061112	2.0053895633333333E7
8636    20061208	2.0054568333333332E7
8636    20061223	2.00552384E7
8636    20061229	4.011157886666667E7
8636    20070228	2.0056637033333335E7
8636    20070623	2.0057313733333334E7
8636    20080711	2.00583267E7
8636    20080810	2.0059342966666665E7
8636    20081028	2.0060366466666665E7
8636    20081130	2.00613907E7
8636    20090124	2.00627147E7
8636    20090209	2.0064041233333334E7
8636    20090414	2.0065370733333334E7
8636    20090521	2.0066701333333332E7
8636    20101205	2.0068387666666668E7
8636    20101207	2.0070073666666668E7
8636    20110222	2.0072046966666665E7
8636    20110228	2.0074017566666666E7
8636    20110429	2.0075691766666666E7
8636    20110509	2.0077368066666666E7
8636    20110711	2.0079048266666666E7
8636    20110901	2.0080734633333333E7
8636    20111124	2.0082428133333333E7
8636    20120502	2.0084430933333334E7
8636    20120904	2.0086443533333335E7
8636    20120925	2.0088450466666665E7
8636    20140126	2.00910942E7
8636    20140303	2.0093740166666668E7
8636    20140721	2.0096393866666667E7
8636    20141206	2.0099063666666668E7
8636    20150203	2.0102030166666668E7
8636    20150217	2.0104996633333333E7
8636    20150715	2.01079795E7
8636    20150813	2.0110965633333333E7
8636    20150823	2.0113652133333333E7
8636    20150911	2.01163284E7
8636    20150927	2.0118668933333334E7
8636    20151104	2.0121012066666666E7
8636    20151109	2.01233481E7
8636    20151205	2.0125683933333334E7
8636    20160123	2.0128017233333334E7
8636    20160507	2.01303605E7
8636    20160721	2.0132704066666666E7
8636    20160816	2.0135047233333334E7
8636    20160907	2.01370373E7
