8644    20110711	2.00712992E7
8644    20120808	2.0073966066666666E7
8644    20130127	2.0076936066666666E7
8644    20130414	2.0079912266666666E7
8644    20140303	2.00829187E7
8644    20150203	2.0086248733333334E7
8644    20150409	2.00895854E7
8644    20150424	2.0092919433333334E7
8644    20150522	2.0096256533333335E7
8644    20150709	2.0099599733333334E7
8644    20150711	4.020886893333333E7
8644    20150714	2.0108942633333333E7
8644    20150726	2.01119427E7
8644    20150927	2.01149467E7
8644    20151104	4.02388924E7
8644    20151111	2.0123942033333335E7
8644    20151230	2.01266261E7
8644    20160427	2.012928E7
8644    20160507	2.0131626066666666E7
8644    20160508	2.0133969366666667E7
8644    20160519	2.01363062E7
8644    20160608	2.0138642433333334E7
8644    20160721	2.0140966033333335E7
8644    20160816	2.0142982266666666E7
8644    20161006	2.0145001466666665E7
8644    20161014	2.0146995033333335E7
