8665    20061207	2.0049648866666667E7
8665    20070518	2.0050641766666666E7
8665    20070707	2.0051640966666665E7
8665    20070927	2.0052645133333333E7
8665    20080430	2.0053965866666667E7
8665    20080807	2.0055298766666666E7
8665    20080810	2.0056628566666666E7
8665    20081028	2.0057962633333333E7
8665    20090124	2.0059599633333333E7
8665    20090209	2.0061239033333335E7
8665    20090414	2.0062575833333332E7
8665    20091019	2.0063932433333334E7
8665    20100430	2.00656027E7
8665    20100511	2.0067275666666668E7
8665    20100516	2.00689488E7
8665    20110127	2.00709396E7
8665    20110222	2.0072933233333334E7
8665    20110703	2.00749429E7
8665    20120501	2.0077278833333332E7
8665    20121104	2.0079634766666666E7
8665    20121113	2.0081988433333334E7
8665    20130127	2.0084632166666668E7
8665    20130310	2.00872784E7
8665    20130406	2.0089925066666666E7
8665    20130902	2.00925816E7
8665    20141206	2.00952841E7
8665    20150203	2.00982841E7
8665    20150424	2.0101281E7
8665    20150522	2.0104275033333335E7
8665    20150611	2.0107271266666666E7
8665    20150711	4.022318256666667E7
8665    20150715	2.0115594766666666E7
8665    20150726	2.0118254733333334E7
8665    20150902	2.01206038E7
8665    20150930	2.0122941233333334E7
8665    20151109	2.0125284533333335E7
8665    20151208	2.0127623866666667E7
8665    20160416	2.0129966933333334E7
8665    20160507	2.01323102E7
8665    20160508	2.0134646666666668E7
8665    20160608	2.01369663E7
8665    20160626	2.0138972833333332E7
8665    20160721	2.0140979833333332E7
8665    20160816	2.0142989833333332E7
