8784    20061207	2.0053962366666667E7
8784    20061229	2.0054639366666667E7
8784    20070228	2.0055616266666666E7
8784    20070407	2.00565991E7
8784    20070511	2.00575819E7
8784    20080424	2.0058589E7
8784    20080711	2.0059605466666665E7
8784    20080810	2.0060625E7
8784    20081108	2.0061651633333333E7
8784    20081210	2.0062681233333334E7
8784    20081226	2.0063711333333332E7
8784    20090124	2.0065035366666667E7
8784    20090414	2.00663683E7
8784    20100327	2.0068031666666668E7
8784    20100822	2.0069705633333333E7
8784    20101207	2.0071384933333334E7
8784    20110516	2.00733617E7
8784    20120731	2.00753789E7
8784    20120925	2.0077399166666668E7
8784    20121014	2.0079422066666666E7
8784    20121029	2.0081442866666667E7
8784    20130620	2.0083782933333334E7
8784    20131006	2.00861296E7
8784    20150609	2.0089126533333335E7
8784    20150714	2.00921264E7
8784    20160207	2.0095439933333334E7
8784    20160216	2.00987531E7
8784    20160410	2.01020725E7
8784    20160804	2.0105399E7
