8874    20090124	2.0059012833333332E7
8874    20090414	2.0060662333333332E7
8874    20090831	2.0062325733333334E7
8874    20091023	2.0063993E7
8874    20091213	2.0065359733333334E7
8874    20100420	2.0067030066666666E7
8874    20100430	2.0068700333333332E7
8874    20101207	2.0070393033333335E7
8874    20110127	2.0072376866666667E7
8874    20110516	2.0074373166666668E7
8874    20110524	2.0076363933333334E7
8874    20120731	2.0078690866666667E7
8874    20120808	2.00810176E7
8874    20120925	4.016902196666667E7
8874    20121029	2.0087701266666666E7
8874    20121123	2.0089728066666666E7
8874    20130218	2.0092051433333334E7
8874    20130414	2.00943813E7
8874    20140525	2.0097045333333332E7
8874    20140823	2.0099712733333334E7
8874    20141012	2.0102385766666666E7
8874    20150203	2.0105361733333334E7
8874    20150224	2.0108332166666668E7
8874    20150609	2.01113122E7
8874    20150714	2.0113995066666666E7
8874    20150720	2.0116348933333334E7
8874    20150726	2.01186831E7
8874    20151107	2.01210265E7
8874    20151123	2.01233596E7
8874    20160330	2.01256998E7
8874    20160416	2.01280332E7
8874    20160427	2.0130353066666666E7
8874    20160524	2.0132669766666666E7
8874    20160608	2.0134982933333334E7
8874    20160626	6.04169631E7
8874    20160717	2.01426633E7
8874    20160723	2.0144336866666667E7
8874    20160801	2.0146012766666666E7
