8949    20101207	2.00633203E7
8949    20110307	2.0065626766666666E7
8949    20110503	2.0067640166666668E7
8949    20110509	2.0069649666666668E7
8949    20111015	2.00716732E7
8949    20111106	2.00736994E7
8949    20120611	2.00760424E7
8949    20120818	2.0078389033333335E7
8949    20120826	2.00807357E7
8949    20120925	2.0083079066666666E7
8949    20130127	2.00857266E7
8949    20150224	2.0089040066666666E7
8949    20150715	2.0092366666666668E7
8949    20160410	2.009601E7
8949    20160524	2.0099654E7
8949    20160816	2.01030102E7
