8961    20060411	2.0051570566666666E7
8961    20060418	2.0052213666666668E7
8961    20060517	2.00528574E7
8961    20060518	2.0053203766666666E7
8961    20060520	2.0053547533333335E7
8961    20060524	2.0053888166666668E7
8961    20060814	2.0054238333333332E7
8961    20060827	2.0054588533333335E7
8961    20060828	2.0054938733333334E7
8961    20060924	2.00552895E7
8961    20061022	2.0055643533333335E7
8961    20061109	2.00560004E7
8961    20061207	2.0056360533333335E7
8961    20061229	2.0056721166666668E7
8961    20070228	2.0057381566666666E7
8961    20070302	2.00580441E7
8961    20070511	2.00587136E7
8961    20070919	2.0059394133333333E7
8961    20071110	2.0060080533333335E7
8961    20080205	2.0061060033333335E7
8961    20080415	2.0062039766666666E7
8961    20080618	2.0063026266666666E7
8961    20080627	2.00640102E7
8961    20080711	4.013097996666667E7
8961    20080714	2.0066966433333334E7
8961    20080810	2.0067655766666666E7
8961    20080814	2.00683428E7
8961    20081028	2.00690334E7
8961    20081129	2.0069724E7
8961    20081210	2.00704173E7
8961    20090124	2.00714075E7
8961    20090201	2.0072396966666665E7
8961    20090209	2.0073386666666668E7
8961    20090422	2.00743834E7
8961    20091015	2.0075399766666666E7
8961    20091020	2.0076406633333333E7
8961    20091023	2.0077413166666668E7
8961    20100126	2.00787231E7
8961    20100318	2.0080036233333334E7
8961    20100327	2.00813464E7
8961    20100421	2.00826568E7
8961    20100517	2.0083967133333333E7
8961    20101205	2.0085299666666668E7
8961    20101207	2.00863323E7
8961    20110127	2.00876598E7
8961    20110222	2.00889835E7
8961    20110306	2.00902964E7
8961    20110429	2.0091607033333335E7
8961    20110509	2.0092617166666668E7
8961    20110524	2.00936208E7
8961    20110901	2.0094630233333334E7
8961    20110930	2.0095640333333332E7
8961    20111015	2.0096650466666665E7
8961    20120501	2.00979768E7
8961    20120622	2.0099307066666666E7
8961    20121029	2.01006477E7
8961    20130127	2.0102291466666665E7
8961    20130218	2.0103931133333333E7
8961    20130424	2.01055743E7
8961    20130620	2.01072213E7
8961    20131212	2.01085909E7
8961    20140202	2.01102576E7
8961    20140721	2.0111941333333332E7
8961    20140826	2.0113621466666665E7
8961    20141206	2.01152945E7
8961    20150203	2.0117267266666666E7
8961    20150217	2.01192404E7
8961    20150226	2.01209104E7
8961    20150304	2.01225766E7
8961    20150409	2.0124246E7
8961    20150424	2.0125912766666666E7
8961    20150611	2.0127582566666666E7
8961    20150711	2.0129232766666666E7
8961    20150715	2.0130883033333335E7
8961    20150727	2.0132236366666667E7
8961    20150823	2.0133589733333334E7
8961    20150901	2.01349429E7
8961    20150913	2.0136292366666667E7
8961    20150927	2.0137639633333333E7
8961    20150930	2.01389865E7
8961    20151109	2.0140326766666666E7
8961    20151205	4.02846782E7
8961    20151212	2.0144032633333333E7
8961    20151230	2.01450529E7
8961    20160215	2.01463591E7
8961    20160416	2.0147368733333334E7
8961    20160427	2.01483757E7
8961    20160507	2.0149378466666665E7
8961    20160626	6.0453777733333334E7
8961    20160721	2.01527066E7
8961    20160816	2.0153372933333334E7
8961    20160907	2.0154029633333333E7
8961    20161006	2.0154389733333334E7
