89745    20151104	2.0137360466666665E7
89745    20151107	2.013838E7
89745    20151109	2.01393969E7
89745    20151129	2.0140414233333334E7
89745    20151205	2.0141433533333335E7
89745    20160123	2.01427466E7
89745    20160416	2.0144067E7
89745    20160427	2.0145377866666667E7
89745    20160507	2.01466875E7
89745    20160524	2.0147700733333334E7
89745    20160626	2.0148714333333332E7
89745    20160721	2.01497244E7
89745    20160722	2.0150731466666665E7
89745    20160723	2.01517353E7
89745    20160729	2.01527192E7
89745    20160907	2.01533994E7
89745    20161014	2.0154072433333334E7
