899    20001206	1.9991874466666665E7
899    20010105	1.99935109E7
899    20010314	1.9994850666666668E7
899    20011016	1.9996204266666666E7
899    20020201	1.99978405E7
899    20021221	1.9999507633333333E7
899    20030307	2.0000820266666666E7
899    20030714	2.0002143966666665E7
899    20030827	2.0003471033333335E7
899    20031230	2.0004811433333334E7
899    20040726	2.00064682E7
899    20040921	2.0008128533333335E7
899    20050304	2.0010098266666666E7
899    20050416	2.00120717E7
899    20050723	2.00140553E7
899    20060203	2.0016354866666667E7
899    20060217	2.00186545E7
899    20060305	2.00206606E7
899    20060322	2.00226572E7
899    20060518	2.00246603E7
899    20060526	2.0026661033333335E7
899    20061207	2.0028681166666668E7
899    20061226	2.0030701933333334E7
899    20081128	2.0033385766666666E7
899    20091116	2.00363986E7
899    20100914	2.0039735666666668E7
899    20110127	2.00433798E7
899    20110212	2.00470164E7
899    20110603	2.0050665833333332E7
899    20120622	2.0054649233333334E7
899    20130620	2.0058963033333335E7
899    20150609	2.00636465E7
899    20150715	2.0068326533333335E7
899    20150720	2.0072983333333332E7
899    20160410	2.0077656966666665E7
