902    20050322	2.00026514E7
902    20051023	2.0005348133333333E7
902    20060205	2.0008348133333333E7
902    20060216	2.00113182E7
902    20061207	2.0014004566666666E7
902    20061226	2.00163478E7
902    20081128	2.0019351966666665E7
902    20091116	2.0022688566666666E7
902    20100914	2.0026345666666668E7
902    20110127	2.0030309466666665E7
902    20110506	2.00342858E7
902    20150926	2.0039303266666666E7
902    20151119	2.0044327E7
902    20160215	2.0049653366666667E7
902    20160330	2.00549809E7
