903    20001216	1.9992114666666668E7
903    20010122	1.9993751666666668E7
903    20010207	1.9995085066666666E7
903    20010505	1.9996421633333333E7
903    20010511	1.9997424766666666E7
903    20010815	1.9998431633333333E7
903    20020624	1.9999758633333333E7
903    20020908	2.00007647E7
903    20030730	2.0002091433333334E7
903    20040903	2.0003754766666666E7
903    20050113	2.0005725066666666E7
903    20050127	2.0007695833333332E7
903    20050211	2.00096693E7
903    20050304	2.00116455E7
903    20050317	2.0013621966666665E7
903    20050402	2.0015595E7
903    20050416	2.0017568433333334E7
903    20050426	2.00192454E7
903    20050923	2.0020935933333334E7
903    20060130	2.0022932966666665E7
903    20060217	2.0024926666666668E7
903    20060526	2.0026930066666666E7
903    20061112	2.0028952966666665E7
903    20061229	2.0030969566666666E7
903    20070703	2.00332996E7
903    20080812	2.00359665E7
903    20080816	2.0038623066666666E7
903    20081005	2.00412859E7
903    20090619	2.00442692E7
903    20100327	2.0047575866666667E7
903    20110127	2.0051206233333334E7
903    20110604	2.0054555633333333E7
903    20120622	2.0058236133333333E7
903    20121123	2.00619234E7
903    20150609	2.0066593333333332E7
903    20150715	2.0071256666666668E7
903    20150926	2.0075600066666666E7
903    20151109	2.00799401E7
903    20151123	2.00839532E7
903    20160816	2.00879503E7
