904    20000805	1.99890968E7
904    20000826	1.9990423933333334E7
904    20001010	1.9991450766666666E7
904    20001120	3.99859492E7
904    20001127	1.9994172233333334E7
904    20001129	1.9994862633333333E7
904    20001216	1.99955493E7
904    20010122	1.9996526233333334E7
904    20010722	1.9997510066666666E7
904    20010813	1.9998179633333333E7
904    20010815	1.9998842533333335E7
904    20011111	1.99995128E7
904    20011231	2.0000186933333334E7
904    20020908	2.00011835E7
904    20030409	2.0002496633333333E7
904    20030730	2.0003820366666667E7
904    20031101	2.00051563E7
904    20031230	2.0006493933333334E7
904    20040223	2.00081306E7
904    20041013	2.0009790666666668E7
904    20041027	2.0011451133333333E7
904    20050110	2.0013117566666666E7
904    20050128	2.00147812E7
904    20050211	2.0016441366666667E7
904    20050304	2.0018104033333335E7
904    20050320	2.00197672E7
904    20050416	2.0021427633333333E7
904    20050615	2.0023090433333334E7
904    20050923	2.0024761166666668E7
904    20060118	2.0026738266666666E7
904    20060130	2.0028715066666666E7
904    20060220	2.0030688733333334E7
904    20060305	2.0032661566666666E7
904    20060322	2.0034634966666665E7
904    20060518	2.0036614666666668E7
904    20060527	2.00385946E7
904    20060821	2.0040581433333334E7
904    20070512	2.0042594433333334E7
904    20070703	2.00445938E7
904    20080209	2.0046907E7
904    20080406	2.00492267E7
904    20080415	2.0051536833333332E7
904    20081005	2.0053862633333333E7
904    20081014	2.0055866166666668E7
904    20091014	2.0057886333333332E7
904    20100327	2.0060206233333334E7
904    20100430	2.00625172E7
904    20100512	2.00648266E7
904    20100624	2.0066839966666665E7
904    20110127	2.0069143766666666E7
904    20110509	2.0071459833333332E7
904    20110604	2.00734763E7
904    20110901	2.0075502066666666E7
904    20120622	2.00778491E7
904    20121111	2.0080209333333332E7
904    20121123	2.0082569433333334E7
904    20130601	2.0085242266666666E7
904    20130927	2.0087919333333332E7
904    20150219	2.00912292E7
904    20151002	2.0094258666666668E7
904    20160410	2.0097601333333332E7
904    20160816	2.0100954533333335E7
