908    20001120	3.99825365E7
908    20001124	1.9992818333333332E7
908    20001127	1.9993849066666666E7
908    20001130	1.9994873133333333E7
908    20001216	1.9995876533333335E7
908    20001225	1.9996570133333333E7
908    20010112	1.9997553333333332E7
908    20010314	1.9998523566666666E7
908    20010324	1.99991701E7
908    20010722	1.99998274E7
908    20010815	2.00004878E7
908    20011012	2.0001154633333333E7
908    20011111	2.00018244E7
908    20020201	2.0002797E7
908    20020921	2.0003790666666668E7
908    20030409	2.00051002E7
908    20031225	2.0006433933333334E7
908    20031230	2.0007471033333335E7
908    20041013	2.0008830833333332E7
908    20041027	2.0010184833333332E7
908    20050125	2.0011841533333335E7
908    20050304	2.0013504166666668E7
908    20050320	2.0015164666666668E7
908    20050416	2.0016820833333332E7
908    20050603	2.00184809E7
908    20050923	2.00201515E7
908    20060116	2.00221181E7
908    20060203	2.0024087566666666E7
908    20060322	2.0026061E7
908    20060330	2.0028034666666668E7
908    20060518	2.00300146E7
908    20060526	2.0031994666666668E7
908    20060821	2.0033984466666665E7
908    20061207	2.0035987033333335E7
908    20070228	2.0038287433333334E7
908    20070511	2.0040596966666665E7
908    20070703	2.0042616666666668E7
908    20080203	2.00449463E7
908    20080209	2.00472758E7
908    20081005	2.0049618566666666E7
908    20100327	2.00526023E7
908    20110127	2.0055906133333333E7
908    20110509	2.00592194E7
908    20110901	2.0062242733333334E7
908    20120622	2.00655661E7
908    20121123	2.00685899E7
908    20130601	2.0071902433333334E7
908    20130927	2.0075225666666668E7
908    20150219	2.0078865866666667E7
908    20150714	2.00825221E7
908    20150715	2.00858751E7
908    20150927	2.00892292E7
908    20151002	2.0092585266666666E7
908    20151119	2.0095942033333335E7
908    20151205	2.0099295433333334E7
908    20160410	2.0102945E7
908    20160816	2.0106301666666668E7
