910    20010107	1.99940981E7
910    20010314	1.9995437866666667E7
910    20010606	1.9996787366666667E7
910    20011016	1.9998117433333334E7
910    20011019	1.99991375E7
910    20011111	2.0000154E7
910    20020201	2.00011365E7
910    20030819	2.0002463666666668E7
910    20030902	2.00037935E7
910    20040702	2.0005449633333333E7
910    20040822	2.00071096E7
910    20040903	2.0008769666666668E7
910    20040921	2.0010426666666668E7
910    20041121	2.0012089766666666E7
910    20050129	2.0013756633333333E7
910    20050304	2.0015426533333335E7
910    20050320	2.00170936E7
910    20050728	2.0018771133333333E7
910    20050923	2.0020455033333335E7
910    20060130	2.0022445233333334E7
910    20060518	2.00244457E7
910    20060527	2.00264389E7
910    20061207	2.0028445733333334E7
910    20081005	2.00311086E7
910    20090313	2.0034081733333334E7
910    20091116	2.00370816E7
910    20110127	2.0040715166666668E7
910    20110506	2.0044361133333333E7
910    20110604	2.0048007666666668E7
910    20111119	2.0051671333333332E7
910    20120622	2.0055355166666668E7
910    20120719	2.0059035333333332E7
910    20120805	2.0062708633333333E7
910    20121119	2.0066378733333334E7
910    20130218	2.0070352033333335E7
910    20150609	2.0075001966666665E7
910    20151212	2.0079369E7
