912    20000510	1.9988422333333332E7
912    20000520	1.9989735533333335E7
912    20000603	1.99907516E7
912    20000613	1.99917652E7
912    20000731	3.9986539166666664E7
912    20000805	1.999445E7
912    20001002	1.9995136166666668E7
912    20001108	1.9995819233333334E7
912    20001119	3.999330563333333E7
912    20001120	3.999465663333333E7
912    20001127	1.9997833533333335E7
912    20001130	1.9998167833333332E7
912    20001216	1.9998505E7
912    20001224	1.9998841966666665E7
912    20001228	1.99991788E7
912    20010122	1.99998092E7
912    20010204	2.00004423E7
912    20010314	2.0001079E7
912    20010618	2.0001725833333332E7
912    20010620	2.0002372633333333E7
912    20010722	2.00027266E7
912    20010815	2.0003083533333335E7
912    20011012	2.0003440433333334E7
912    20011111	2.0003797266666666E7
912    20011228	2.00041574E7
912    20020201	2.00048166E7
912    20020820	2.0005493766666666E7
912    20030303	2.0006486866666667E7
912    20030324	2.0007480333333332E7
912    20030929	2.00084912E7
912    20031114	2.00095079E7
912    20031230	2.0010524533333335E7
912    20040808	2.0011860433333334E7
912    20040929	2.00131979E7
912    20041013	2.00145316E7
912    20041115	2.0015865166666668E7
912    20050304	2.0017504666666668E7
912    20050317	2.00191446E7
912    20050322	2.0020784666666668E7
912    20050403	2.0022427433333334E7
912    20050410	2.00240702E7
912    20050416	2.0025713066666666E7
912    20050603	2.00273593E7
912    20050923	2.0029015933333334E7
912    20060131	2.0030979366666667E7
912    20060310	2.00326523E7
912    20060411	2.0034325866666667E7
912    20060526	2.00359996E7
912    20060616	2.00376662E7
912    20060813	2.00393393E7
912    20061207	2.0041022133333333E7
912    20070701	2.0043018333333332E7
912    20070703	2.0045008033333335E7
912    20070819	2.00469983E7
912    20080810	2.00493177E7
912    20081005	2.00513445E7
912    20081014	2.0053350966666665E7
912    20090609	2.0055361166666668E7
912    20090809	2.0057377333333332E7
912    20100610	2.0059700033333335E7
912    20100807	2.0062023133333333E7
912    20110127	2.0064653033333335E7
912    20110212	2.00669665E7
912    20110429	2.0069283166666668E7
912    20110509	2.00715997E7
912    20110901	2.00739259E7
912    20120525	2.00762666E7
912    20120609	2.0078609666666668E7
912    20120622	2.0080953E7
912    20121111	2.0083309933333334E7
912    20140721	2.00863203E7
912    20141116	2.0089343633333333E7
912    20150219	2.0092664166666668E7
912    20150523	2.0095984166666668E7
912    20150609	2.00990001E7
912    20150709	2.01020134E7
912    20150715	2.0105023533333335E7
912    20150902	2.0108036066666666E7
912    20151002	2.0111048933333334E7
912    20151119	2.0114059133333333E7
912    20151205	2.0117059066666666E7
912    20160215	2.0120042866666667E7
912    20160410	2.01230331E7
912    20160427	2.0126020033333335E7
912    20160816	2.01286869E7
