913    20001119	1.9990378266666666E7
913    20001120	3.998385363333333E7
913    20001127	1.9993466033333335E7
913    20001128	1.99944665E7
913    20010122	1.9995763666666668E7
913    20010402	1.9996770366666667E7
913    20010505	1.99977733E7
913    20011016	1.9998786633333333E7
913    20020201	2.0000099533333335E7
913    20020310	2.0001078933333334E7
913    20030307	2.0002389066666666E7
913    20030520	2.00037063E7
913    20030730	2.0005030533333335E7
913    20031230	2.00063713E7
913    20040317	2.0008014933333334E7
913    20041119	2.00096848E7
913    20050304	2.00116545E7
913    20050317	2.0013324833333332E7
913    20050923	2.0015012E7
913    20060526	2.0017016E7
913    20070522	2.00193526E7
913    20070703	2.00216952E7
913    20081005	2.0024378566666666E7
913    20081110	2.0027065033333335E7
913    20090126	2.0030049133333333E7
913    20090414	2.0033038566666666E7
913    20090616	2.0036032366666667E7
913    20100327	2.0039346466666665E7
913    20110127	2.0042980433333334E7
913    20120622	2.0046963866666667E7
913    20121214	2.0050967E7
913    20141115	2.00556335E7
