914    20050518	2.00024015E7
914    20050723	2.0005391866666667E7
914    20060203	2.00083946E7
914    20060526	2.00114053E7
914    20061207	2.00144084E7
914    20070320	2.0017405166666668E7
914    20080711	2.0020728633333333E7
914    20080823	2.0023731866666667E7
914    20090209	2.00270412E7
914    20090414	2.0030354633333333E7
914    20090926	2.0033685E7
914    20091116	2.00370185E7
914    20110127	2.00409823E7
914    20110212	2.0044948833333332E7
914    20110506	2.0048615566666666E7
914    20120310	2.00526089E7
914    20120622	2.0056609566666666E7
914    20121111	2.0060622233333334E7
914    20121223	2.0064636266666666E7
914    20130109	2.00689359E7
914    20130127	2.0073236133333333E7
914    20160215	2.00782193E7
