91529    20150714	2.0136288633333333E7
91529    20150823	2.01372921E7
91529    20150913	2.0138298333333332E7
91529    20150927	2.0139304866666667E7
91529    20151103	2.0140314833333332E7
91529    20151104	2.0141324666666668E7
91529    20151107	2.01423343E7
91529    20151230	2.0143347833333332E7
91529    20160215	2.0144660766666666E7
91529    20160410	2.01459673E7
91529    20160427	2.0146974266666666E7
91529    20160507	2.01479772E7
91529    20160626	2.01489775E7
91529    20160721	2.0149973866666667E7
91529    20160723	2.0150967033333335E7
91529    20160729	2.0151651266666666E7
91529    20160804	2.01523379E7
91529    20160816	2.0153015066666666E7
91529    20160907	2.0153684533333335E7
