919    20000731	1.99897934E7
919    20000802	1.9991119733333334E7
919    20000805	1.9992142533333335E7
919    20000811	1.9993165533333335E7
919    20001108	1.9994188866666667E7
919    20001119	1.9995189033333335E7
919    20001120	1.9995872733333334E7
919    20001121	1.99965496E7
919    20001127	1.99968963E7
919    20001206	1.9997236366666667E7
919    20001225	1.9997573833333332E7
919    20001228	1.9997911366666667E7
919    20010107	1.9998544566666666E7
919    20010113	1.9999174666666668E7
919    20010314	1.9999811433333334E7
919    20010618	2.00004583E7
919    20010717	2.0001108433333334E7
919    20010722	2.0001758633333333E7
919    20010813	2.0002411633333333E7
919    20010815	2.0003064533333335E7
919    20011012	2.0003723966666665E7
919    20011016	2.0004084266666666E7
919    20011216	2.0004447733333334E7
919    20020201	2.0005107566666666E7
919    20020418	2.0005774033333335E7
919    20020425	2.00064407E7
919    20021228	2.00071315E7
919    20030415	2.0008125266666666E7
919    20030513	2.00091223E7
919    20030730	2.0010126533333335E7
919    20031002	2.0011135566666666E7
919    20031230	2.0012149833333332E7
919    20040726	2.0013480533333335E7
919    20040830	2.00148145E7
919    20040903	2.0016141E7
919    20040921	2.0017467733333334E7
919    20041027	2.0018797966666665E7
919    20050125	2.0020431433333334E7
919    20050321	2.0022071233333334E7
919    20050322	2.0023708433333334E7
919    20050403	2.00253477E7
919    20050410	2.00269871E7
919    20050416	2.0028330733333334E7
919    20050518	2.0029677566666666E7
919    20050531	2.0031018133333333E7
919    20050603	2.0032350966666665E7
919    20051023	2.00336945E7
919    20051126	2.00350413E7
919    20060203	2.0036687633333333E7
919    20060215	2.00383343E7
919    20060411	2.0039980933333334E7
919    20060418	2.0041627666666668E7
919    20060518	2.0043271066666666E7
919    20061108	2.0044634633333333E7
919    20061109	2.0045991E7
919    20061112	2.0047347233333334E7
919    20061207	2.0048679866666667E7
919    20061211	2.00497064E7
919    20070228	2.0051030233333334E7
919    20080714	2.0052696366666667E7
919    20080810	2.0054356633333333E7
919    20081128	2.00560199E7
919    20081210	2.0057369366666667E7
919    20081226	2.00587159E7
919    20090414	4.01223823E7
919    20090528	2.0063666066666666E7
919    20090609	2.0065015533333335E7
919    20100516	2.00666887E7
919    20110127	2.00686822E7
919    20110307	2.0070679E7
919    20110429	2.0072679633333333E7
919    20110509	2.0074682733333334E7
919    20110901	2.00766955E7
919    20110913	2.0078708233333334E7
919    20120310	2.00810318E7
919    20120622	2.0083351766666666E7
919    20130424	2.0085995033333335E7
919    20141116	2.0088692133333333E7
919    20150611	2.0091705333333332E7
919    20150716	2.00947155E7
919    20150720	2.0097725566666666E7
919    20150913	2.0100738733333334E7
919    20160215	2.01040423E7
919    20160507	2.0107355566666666E7
919    20160626	4.022465936666667E7
919    20160721	2.0117303666666668E7
