920    20010204	1.9994455333333332E7
920    20010314	1.99957951E7
920    20010618	1.99971422E7
920    20010720	1.9998485933333334E7
920    20011012	1.9999815866666667E7
920    20020201	2.0001135166666668E7
920    20021228	2.0002158833333332E7
920    20030303	2.0003468833333332E7
920    20030307	2.0004771966666665E7
920    20030324	2.0006075666666668E7
920    20030415	2.00073824E7
920    20030717	2.00086991E7
920    20040204	2.00103316E7
920    20040808	2.0011678333333332E7
920    20040820	2.0013024866666667E7
920    20040903	2.0014374133333333E7
920    20041010	2.0015724333333332E7
920    20041013	2.0017071333333332E7
920    20050403	2.0018731333333332E7
920    20050410	2.0020388266666666E7
920    20050518	2.0022047833333332E7
920    20050603	2.0023707766666666E7
920    20060103	2.0025674E7
920    20060527	2.0027654266666666E7
920    20060606	2.0029637133333333E7
920    20060616	2.00316203E7
920    20060813	2.0033609833333332E7
920    20080126	2.0036239866666667E7
920    20080810	2.00388926E7
920    20100327	2.0041899433333334E7
920    20100624	2.0044913433333334E7
920    20100914	2.0047933433333334E7
920    20110127	2.00512504E7
920    20110307	2.0054569966666665E7
920    20110509	2.0057886533333335E7
920    20120622	2.00612339E7
920    20150720	2.00655503E7
920    20160330	2.0069884533333335E7
920    20160816	2.0074234833333332E7
