923    20000803	1.99890755E7
923    20001108	1.9990412033333335E7
923    20001119	1.99914453E7
923    20001121	1.9992478633333333E7
923    20001127	1.9993509366666667E7
923    20001214	1.99945127E7
923    20001224	1.9995213466666665E7
923    20010122	1.9996203633333333E7
923    20010314	1.9997193566666666E7
923    20010429	1.9998167633333333E7
923    20010722	1.9998827433333334E7
923    20010815	1.9999487833333332E7
923    20011012	2.00001545E7
923    20011016	2.00008212E7
923    20011222	2.00014945E7
923    20020524	2.0002475266666666E7
923    20020820	2.0003462233333334E7
923    20040526	2.0005106066666666E7
923    20040726	2.00067565E7
923    20040930	2.0008413733333334E7
923    20041027	2.0010073666666668E7
923    20050304	2.00117469E7
923    20050320	2.0013410666666668E7
923    20050402	2.00150766E7
923    20050416	2.0016742966666665E7
923    20050426	4.00384748E7
923    20050923	2.0021745133333333E7
923    20060103	2.0023728466666665E7
923    20060322	2.0025718766666666E7
923    20060526	2.0027709533333335E7
923    20060813	2.00296997E7
923    20060821	2.0031689766666666E7
923    20070228	2.0033993333333332E7
923    20070628	2.0036310033333335E7
923    20070703	2.0038626333333332E7
923    20080711	2.00412759E7
923    20081005	2.0043638666666668E7
923    20081128	2.0045999133333333E7
923    20090313	2.0048661933333334E7
923    20101207	2.00516781E7
923    20110127	2.00549885E7
923    20110509	2.0058305066666666E7
923    20110901	2.0061634566666666E7
923    20120221	2.0065267866666667E7
923    20120622	2.0068604466666665E7
923    20121111	2.00719475E7
923    20140205	2.0075270133333333E7
923    20150609	2.00789329E7
923    20150715	2.00825924E7
923    20151119	2.0086262133333333E7
923    20160327	2.0089929566666666E7
923    20160410	2.0093599233333334E7
923    20160626	2.0097273366666667E7
923    20160717	2.0100950066666666E7
923    20160830	2.01046302E7
