924    20000209	1.99828608E7
924    20000219	1.99841677E7
924    20000406	1.99854771E7
924    20000424	1.9986784033333335E7
924    20000425	1.9988090566666666E7
924    20000602	1.99891066E7
924    20000615	1.9990123066666666E7
924    20000731	1.99911406E7
924    20000804	1.99921538E7
924    20000826	1.99931442E7
924    20001108	1.99941409E7
924    20001119	3.99903535E7
924    20001121	3.99927114E7
924    20001127	1.9996863033333335E7
924    20001128	1.99972005E7
924    20001221	1.9997540966666665E7
924    20001225	1.99978812E7
924    20010122	1.9998517833333332E7
924    20010225	1.9999154866666667E7
924    20010402	4.00002347E7
924    20010815	2.00010906E7
924    20011019	2.00017508E7
924    20011110	2.0002414033333335E7
924    20011216	2.0003080666666668E7
924    20020405	2.00040532E7
924    20020418	2.0004729733333334E7
924    20020624	2.0005410266666666E7
924    20020908	2.0006100233333334E7
924    20021228	2.0006800533333335E7
924    20030207	2.00077939E7
924    20030730	2.00088041E7
924    20030827	2.00098175E7
924    20030926	2.00108283E7
924    20040830	2.00121688E7
924    20040903	2.0013507866666667E7
924    20040929	2.0014845366666667E7
924    20041031	2.0016185533333335E7
924    20050129	2.0017819566666666E7
924    20050304	2.0019459066666666E7
924    20050317	2.0021099E7
924    20050403	2.0022741733333334E7
924    20050409	2.0024384666666668E7
924    20050923	2.0026044533333335E7
924    20051023	2.00277077E7
924    20060131	2.0029671366666667E7
924    20060418	2.0031644466666665E7
924    20060527	2.0033324633333333E7
924    20061211	2.0035024166666668E7
924    20070228	2.0037018366666667E7
924    20070627	2.0039025866666667E7
924    20070708	2.00410223E7
924    20080628	2.00433426E7
924    20080812	2.0045666E7
924    20090414	2.0048305933333334E7
924    20091013	2.0050659533333335E7
924    20091201	2.0053018966666665E7
924    20100413	2.00556786E7
924    20100516	2.00583322E7
924    20100610	2.0060978266666666E7
924    20100807	2.00633316E7
924    20101206	2.00656808E7
924    20110119	2.0068323866666667E7
924    20110127	2.00709639E7
924    20110429	2.0073283866666667E7
924    20110604	2.0075607233333334E7
924    20110901	2.0077939633333333E7
924    20120502	2.0080588666666668E7
924    20120622	2.0082938433333334E7
924    20121111	2.0085298666666668E7
924    20130109	2.00879584E7
924    20130218	2.00906189E7
924    20140303	2.0093615366666667E7
924    20140811	2.0096611633333333E7
924    20141206	2.0099617733333334E7
924    20150219	2.0102620666666668E7
924    20150309	2.0105617033333335E7
924    20150701	2.0108622833333332E7
924    20150713	2.0111606233333334E7
924    20150715	2.0114289133333333E7
924    20150727	2.0116959133333333E7
924    20150823	2.0119629633333333E7
924    20151112	2.01219791E7
924    20151119	2.0124322666666668E7
924    20160313	2.0126652633333333E7
924    20160427	2.0128966433333334E7
924    20160524	2.01312772E7
924    20160621	2.0133284133333333E7
924    20160626	2.01352878E7
924    20160719	2.0137291433333334E7
924    20160721	2.0139288566666666E7
924    20160816	2.0141275566666666E7
