95    19961229	1.99608336E7
95    19970108	1.9961159533333335E7
95    19970109	1.99614827E7
95    19970113	1.9961805833333332E7
95    19970121	1.9962126033333335E7
95    19970122	1.9962446E7
95    19970125	1.9962766E7
95    19970128	1.9963086E7
95    19970131	1.99634033E7
95    19970205	1.9963723E7
95    19970214	1.9964042733333334E7
95    19970215	1.99643597E7
95    19970303	3.992967846666667E7
95    19970317	1.99653186E7
95    19970318	1.9965635833333332E7
95    19970324	1.99659528E7
95    19970413	1.9966266333333332E7
95    19970426	1.9966580233333334E7
95    19970506	1.99668968E7
95    19970623	3.9934753733333334E7
95    19970716	1.9967857133333333E7
95    19971114	1.9968190733333334E7
95    19971120	1.99685245E7
95    19980101	1.9969157366666667E7
95    19980201	1.99697934E7
95    19980616	1.9970442966666665E7
95    19981002	1.9971102466666665E7
95    19981209	1.99717685E7
95    19991007	1.99727611E7
95    19991216	1.99734647E7
95    20000406	1.99744746E7
95    20000425	1.9975485E7
95    20000602	1.9976501033333335E7
95    20001104	1.9977533766666666E7
95    20001121	1.9978566966666665E7
95    20001128	1.99796003E7
95    20010122	1.9980933333333332E7
95    20020418	1.99826071E7
95    20030513	1.9984617066666666E7
95    20031230	1.99866509E7
95    20040623	1.99889949E7
95    20040820	1.9991345466666665E7
95    20041010	1.99937019E7
95    20041110	1.9996061633333333E7
95    20050321	1.99987282E7
95    20050331	2.0001392133333333E7
95    20050516	2.00040618E7
95    20051006	2.0006745133333333E7
95    20051023	2.0009425133333333E7
95    20051116	2.0012108233333334E7
95    20060215	2.0015091533333335E7
95    20060525	2.00180719E7
95    20060825	2.0021062066666666E7
95    20061111	2.00237624E7
95    20061229	2.0026463333333332E7
95    20080126	2.0029780333333332E7
95    20080810	2.0033107266666666E7
95    20081129	2.0036437933333334E7
95    20090414	2.00397515E7
95    20110222	2.0043718366666667E7
95    20120502	2.0047721566666666E7
95    20160507	2.0053057633333333E7
