953    20000803	1.9988039233333334E7
953    20001119	1.9989376133333333E7
953    20001120	1.9990409433333334E7
953    20001225	1.9991446233333334E7
953    20010122	1.99927768E7
953    20010722	1.99941206E7
953    20010815	1.9995443966666665E7
953    20011012	1.9996471E7
953    20020201	1.9997797133333333E7
953    20020524	1.99991275E7
953    20021208	2.0000480566666666E7
953    20030302	2.0002130166666668E7
953    20040728	2.0003790166666668E7
953    20040929	2.0005454366666667E7
953    20050317	2.0007431233333334E7
953    20050321	2.00094081E7
953    20050401	2.0011381033333335E7
953    20060131	2.00136783E7
953    20060203	2.0015977933333334E7
953    20060322	2.0018281433333334E7
953    20060526	2.0020591333333332E7
953    20061207	2.00226213E7
953    20061211	2.00246481E7
953    20071110	2.00270043E7
953    20080618	2.00296774E7
953    20080711	2.0032350933333334E7
953    20080714	2.0035021333333332E7
953    20080810	2.00376949E7
953    20081226	2.0040382E7
953    20090314	2.0043365733333334E7
953    20100327	2.00466832E7
953    20100624	2.0050000033333335E7
953    20110127	2.00536336E7
953    20110308	2.00572697E7
953    20110901	2.0060629E7
953    20120622	2.0064292333333332E7
953    20121123	2.0067969266666666E7
953    20130620	2.00719562E7
953    20140721	2.0075973533333335E7
953    20150523	2.0080306833333332E7
953    20150902	2.0084629966666665E7
953    20160507	2.0088970133333333E7
953    20160626	2.0092966733333334E7
