969    20010122	1.9993760933333334E7
969    20010402	1.9995103633333333E7
969    20020201	1.9996770166666668E7
969    20021208	1.99984635E7
969    20030224	2.0000433833333332E7
969    20030819	2.00024209E7
969    20040224	2.0004407833333332E7
969    20050304	2.0006711E7
969    20050325	2.00086909E7
969    20050417	2.0010670966666665E7
969    20050603	2.0012656966666665E7
969    20051006	2.0014353266666666E7
969    20060526	2.0016357266666666E7
969    20061226	2.0018384E7
969    20081005	2.002107E7
969    20090116	2.0024057066666666E7
969    20090126	2.0027044266666666E7
969    20110901	2.0030720866666667E7
969    20120622	2.00347211E7
969    20141024	2.0039397533333335E7
969    20160416	2.0044717966666665E7
