99114    20151104	2.0142610966666665E7
99114    20151107	2.0143607133333333E7
99114    20151108	2.0144306866666667E7
99114    20151230	2.0145007266666666E7
99114    20160115	2.0146000066666666E7
99114    20160216	2.0146993166666668E7
99114    20160330	2.0147986766666666E7
99114    20160427	2.01489805E7
99114    20160626	4.0300623E7
99114    20160719	2.0151332433333334E7
99114    20160723	2.01520065E7
99114    20160728	2.0152673433333334E7
99114    20160801	2.0153339366666667E7
99114    20160830	2.01540062E7
